0 0.23046875 0.5222222222222223 0.18203125000000003 0.5222222222222223 0.18203125000000003 0.6055555555555555 0.23046875 0.6055555555555555
0 0.28750000000000003 0.6 0.24375 0.6 0.24375000000000005 0.6805555555555556 0.2875000000000001 0.6805555555555556
0 0.34609375000000003 0.6208333333333333 0.309375 0.6208333333333333 0.30937500000000007 0.7041666666666667 0.3460937500000001 0.7041666666666667
0 0.32890625 0.5236111111111111 0.2796875 0.5236111111111111 0.2796875 0.6166666666666667 0.32890625 0.6166666666666667
0 0.39531250000000007 0.5666666666666668 0.35234375 0.5666666666666667 0.35234375000000007 0.6486111111111111 0.39531250000000007 0.6486111111111112
0 0.4734375 0.48750000000000016 0.41015625 0.48750000000000016 0.41015625 0.6013888888888891 0.4734375 0.6013888888888891
0 0.4125 0.7708333333333334 0.3804687500000001 0.7708333333333334 0.3804687500000001 0.8347222222222223 0.4125 0.8347222222222223
0 0.46328125 0.7972222222222223 0.43828125 0.7972222222222223 0.43828125 0.85 0.46328125 0.85
0 0.4703125 0.7458333333333333 0.440625 0.7458333333333333 0.440625 0.8027777777777778 0.4703125 0.8027777777777778
0 0.50703125 0.7986111111111112 0.4828125 0.7986111111111112 0.4828125 0.8430555555555556 0.50703125 0.8430555555555556
0 0.496875 0.7555555555555555 0.46953125 0.7555555555555555 0.46953125 0.8152777777777778 0.496875 0.8152777777777778
0 0.5 0.8291666666666667 0.47109375 0.8291666666666667 0.47109375 0.8791666666666667 0.5 0.8791666666666667
0 0.56875 0.8111111111111111 0.54375 0.8111111111111111 0.54375 0.8583333333333333 0.56875 0.8583333333333333
0 0.5609375 0.7736111111111111 0.525 0.7736111111111111 0.525 0.8430555555555556 0.5609375 0.8430555555555556
0 0.60078125 0.7555555555555555 0.56640625 0.7555555555555555 0.56640625 0.8208333333333333 0.60078125 0.8208333333333333
0 0.61796875 0.8375 0.5921875 0.8375 0.5921875 0.8888888888888888 0.61796875 0.8888888888888888
0 0.64921875 0.8597222222222223 0.6234375 0.8597222222222223 0.6234375 0.9083333333333333 0.64921875 0.9083333333333333
0 0.6546875 0.7055555555555557 0.61640625 0.7055555555555557 0.61640625 0.7833333333333333 0.6546875 0.7833333333333333
0 0.65234375 0.8041666666666667 0.625 0.8041666666666667 0.625 0.8597222222222223 0.65234375 0.8597222222222223
0 0.6796875 0.8194444444444444 0.65078125 0.8194444444444444 0.65078125 0.8833333333333333 0.6796875 0.8833333333333333
0 0.7234375 0.8263888888888888 0.68984375 0.8263888888888888 0.68984375 0.9055555555555556 0.7234375 0.9055555555555556
0 0.690625 0.7430555555555556 0.64765625 0.7430555555555556 0.64765625 0.8277777777777777 0.690625 0.8277777777777777
0 0.734375 0.7666666666666668 0.70234375 0.7666666666666667 0.70234375 0.8305555555555557 0.734375 0.8305555555555558
0 0.7578125 0.8083333333333337 0.73046875 0.8083333333333337 0.73046875 0.8611111111111114 0.7578125 0.8611111111111114
0 0.79375 0.7513888888888892 0.765625 0.7513888888888892 0.765625 0.8138888888888892 0.79375 0.8138888888888892
0 0.7671875 0.7152777777777781 0.734375 0.7152777777777781 0.734375 0.7861111111111114 0.7671875 0.7861111111111114
0 0.81875 0.7722222222222226 0.7890625 0.7722222222222226 0.7890625 0.8361111111111115 0.81875 0.8361111111111115
