0 0.2539062500000001 0.6902777777777778 0.20703125000000008 0.6902777777777778 0.20703125000000008 0.7694444444444445 0.2539062500000001 0.7694444444444445
0 0.3109375000000001 0.6986111111111111 0.2687500000000001 0.6986111111111111 0.2687500000000001 0.7763888888888889 0.3109375000000001 0.7763888888888889
0 0.3726562500000001 0.7069444444444445 0.3375000000000001 0.7069444444444445 0.3375000000000001 0.7875 0.3726562500000001 0.7875
0 0.33203125000000006 0.6388888888888888 0.28515625 0.6388888888888888 0.28515625000000006 0.7277777777777777 0.3320312500000001 0.7277777777777777
0 0.4625 0.8291666666666667 0.43203125 0.8291666666666667 0.43203125 0.8902777777777777 0.4625 0.8902777777777777
0 0.5140625 0.8291666666666667 0.48984375 0.8291666666666667 0.48984375 0.8805555555555555 0.5140625 0.8805555555555555
0 0.50078125 0.7944444444444444 0.471875 0.7944444444444444 0.471875 0.8486111111111111 0.50078125 0.8486111111111111
0 0.64609375 0.7527777777777778 0.61796875 0.7527777777777778 0.61796875 0.8083333333333333 0.64609375 0.8083333333333333
0 0.55078125 0.7472222222222222 0.5234375 0.7472222222222222 0.5234375 0.8111111111111111 0.55078125 0.8111111111111111
0 0.56953125 0.7861111111111111 0.5421875 0.7861111111111111 0.5421875 0.8347222222222223 0.56953125 0.8347222222222223
0 0.6125 0.7694444444444445 0.58984375 0.7694444444444445 0.58984375 0.8180555555555555 0.6125 0.8180555555555555
0 0.60078125 0.7388888888888889 0.56640625 0.7388888888888889 0.56640625 0.8055555555555556 0.60078125 0.8055555555555556
0 0.62109375 0.6597222222222224 0.584375 0.6597222222222224 0.584375 0.7347222222222223 0.62109375 0.7347222222222223
0 0.66328125 0.7791666666666667 0.64296875 0.7791666666666667 0.64296875 0.8263888888888888 0.66328125 0.8263888888888888
0 0.69140625 0.7861111111111111 0.66640625 0.7861111111111111 0.66640625 0.8333333333333334 0.69140625 0.8333333333333334
0 0.6703125 0.6472222222222224 0.63359375 0.6472222222222224 0.63359375 0.7236111111111111 0.6703125 0.7236111111111111
0 0.71171875 0.665277777777778 0.678125 0.665277777777778 0.678125 0.7333333333333333 0.71171875 0.7333333333333333
0 0.7515625 0.7250000000000002 0.7234375 0.725 0.7234375 0.7819444444444446 0.7515625 0.7819444444444448
0 0.725 0.7277777777777777 0.69296875 0.7277777777777777 0.69296875 0.7916666666666666 0.725 0.7916666666666666
0 0.7890625 0.6722222222222224 0.7609375 0.6722222222222224 0.7609375 0.729166666666667 0.7890625 0.729166666666667
0 0.83984375 0.5902777777777779 0.80625 0.5902777777777779 0.80625 0.6666666666666669 0.83984375 0.6666666666666669
0 0.7890625 0.5902777777777779 0.75546875 0.5902777777777779 0.75546875 0.6708333333333335 0.7890625 0.6708333333333335
0 0.9046875 0.5138888888888891 0.86171875 0.5138888888888891 0.86171875 0.5930555555555557 0.9046875 0.5930555555555557