0 0.25078125 0.31666666666666676 0.20703125 0.31666666666666676 0.20703125 0.3902777777777778 0.25078125 0.3902777777777778
0 0.290625 0.29166666666666674 0.2515625 0.29166666666666674 0.2515625 0.3638888888888889 0.290625 0.3638888888888889
0 0.35390625 0.25416666666666676 0.3234375 0.25416666666666676 0.3234375 0.34166666666666673 0.35390625 0.34166666666666673
0 0.3171875 0.34027777777777785 0.278125 0.34027777777777785 0.278125 0.42777777777777776 0.3171875 0.42777777777777776
0 0.44921875 0.12916666666666674 0.42109375 0.12916666666666674 0.42109375 0.1861111111111112 0.44921875 0.1861111111111112
0 0.47890625 0.11805555555555568 0.4546875 0.11805555555555568 0.4546875 0.16805555555555568 0.47890625 0.16805555555555568
0 0.484375 0.1666666666666668 0.4578125 0.1666666666666668 0.4578125 0.21805555555555564 0.484375 0.21805555555555564
0 0.6171875 0.18472222222222237 0.5859375 0.18472222222222237 0.5859375 0.24722222222222237 0.6171875 0.24722222222222237
0 0.5171875 0.22361111111111118 0.4625 0.22361111111111118 0.4625 0.3472222222222223 0.5171875 0.3472222222222223
0 0.57421875 0.16944444444444456 0.5421875 0.16944444444444456 0.5421875 0.23194444444444456 0.57421875 0.2319444444444446
0 0.61015625 0.2458333333333335 0.5765625 0.2458333333333335 0.5765625 0.3166666666666668 0.61015625 0.3166666666666668
0 0.6359375 0.1277777777777779 0.60703125 0.1277777777777779 0.60703125 0.1819444444444446 0.6359375 0.1819444444444446
0 0.66171875 0.12222222222222238 0.63828125 0.12222222222222238 0.63828125 0.16666666666666682 0.66171875 0.16666666666666682
0 0.65078125 0.21805555555555572 0.6171875 0.21805555555555572 0.6171875 0.28888888888888903 0.65078125 0.28888888888888903
0 0.69140625 0.21250000000000016 0.6609375 0.21250000000000016 0.6609375 0.2763888888888891 0.69140625 0.2763888888888891
0 0.675 0.15972222222222238 0.64609375 0.15972222222222238 0.64609375 0.2194444444444446 0.675 0.2194444444444446
0 0.7703125 0.19722222222222238 0.73515625 0.19722222222222238 0.73515625 0.2569444444444446 0.7703125 0.2569444444444446
0 0.81328125 0.24027777777777792 0.7828125 0.24027777777777792 0.7828125 0.31250000000000017 0.81328125 0.31250000000000017
0 0.7734375 0.2541666666666668 0.7390625 0.2541666666666668 0.7390625 0.3305555555555557 0.7734375 0.3305555555555557
0 0.8828125 0.2763888888888891 0.84296875 0.2763888888888891 0.84296875 0.35000000000000014 0.8828125 0.35000000000000014
0 0.40625 0.2986111111111112 0.36953125 0.2986111111111112 0.36953125 0.39166666666666683 0.40625 0.39166666666666683
0 0.51640625 0.15833333333333346 0.49140625 0.15833333333333346 0.49140625 0.19861111111111118 0.51640625 0.19861111111111118
0 0.521875 0.19166666666666674 0.49765625 0.19166666666666674 0.49765625 0.24027777777777787 0.521875 0.24027777777777787