0 0.796875 0.5916666666666668 0.7515625 0.5916666666666668 0.7515625 0.6680555555555557 0.796875 0.6680555555555557
0 0.753125 0.6222222222222223 0.7125 0.6222222222222223 0.7125 0.6958333333333335 0.753125 0.6958333333333335
0 0.68125 0.6472222222222224 0.64921875 0.6472222222222224 0.64921875 0.7361111111111112 0.68125 0.7361111111111112
0 0.725 0.5597222222222223 0.684375 0.5597222222222223 0.684375 0.6500000000000001 0.725 0.6500000000000001
0 0.5859375 0.8097222222222222 0.55703125 0.8097222222222222 0.55703125 0.8680555555555556 0.5859375 0.8680555555555556
0 0.55390625 0.8291666666666667 0.528125 0.8291666666666667 0.528125 0.8805555555555555 0.55390625 0.8805555555555555
0 0.54921875 0.7791666666666667 0.521875 0.7791666666666667 0.521875 0.8319444444444445 0.54921875 0.8319444444444445
0 0.4203125 0.7583333333333333 0.3882812500000001 0.7583333333333333 0.3882812500000001 0.8236111111111111 0.4203125 0.8236111111111111
0 0.54375 0.651388888888889 0.48671875 0.651388888888889 0.48671875 0.7777777777777778 0.54375 0.7777777777777778
0 0.46484375 0.7708333333333334 0.43203125 0.7708333333333334 0.43203125 0.8361111111111111 0.46484375 0.8361111111111111
0 0.42890625 0.688888888888889 0.3937500000000001 0.688888888888889 0.3937500000000001 0.7611111111111111 0.42890625 0.7611111111111111
0 0.40078125 0.8263888888888888 0.3710937500000001 0.8263888888888888 0.3710937500000001 0.8819444444444444 0.40078125 0.8819444444444444
0 0.3703125000000001 0.8416666666666667 0.3460937500000001 0.8416666666666667 0.3460937500000001 0.8875 0.3703125000000001 0.8875
0 0.3890625000000001 0.7194444444444444 0.3539062500000001 0.7194444444444444 0.3539062500000001 0.7930555555555555 0.3890625000000001 0.7930555555555555
0 0.34453125000000007 0.7347222222222223 0.31328125000000007 0.7347222222222223 0.31328125000000007 0.8013888888888889 0.34453125000000007 0.8013888888888889
0 0.3609375000000001 0.7902777777777777 0.3304687500000001 0.7902777777777777 0.3304687500000001 0.8513888888888889 0.3609375000000001 0.8513888888888889
0 0.2710937500000001 0.7583333333333333 0.2351562500000001 0.7583333333333333 0.2351562500000001 0.8194444444444444 0.2710937500000001 0.8194444444444444
0 0.2234375000000001 0.7055555555555556 0.19140625000000006 0.7055555555555556 0.19140625000000006 0.7791666666666667 0.2234375000000001 0.7791666666666667
0 0.26640625000000007 0.6861111111111111 0.2312500000000001 0.6861111111111111 0.2312500000000001 0.7638888888888888 0.26640625000000007 0.7638888888888888
0 0.16250000000000003 0.6722222222222223 0.12109375000000004 0.6722222222222223 0.12109375000000004 0.7472222222222222 0.16250000000000003 0.7472222222222222
0 0.634375 0.6000000000000002 0.59609375 0.6000000000000002 0.59609375 0.6958333333333335 0.634375 0.6958333333333335
0 0.515625 0.8027777777777778 0.48984375 0.8027777777777778 0.48984375 0.8444444444444444 0.515625 0.8444444444444444
0 0.50859375 0.7597222222222222 0.48359375 0.7597222222222222 0.48359375 0.8097222222222222 0.50859375 0.8097222222222222