0 0.22890625000000003 0.5888888888888889 0.17734375000000005 0.5888888888888889 0.17734375000000005 0.6791666666666667 0.2289062500000001 0.6791666666666667
0 0.28828125000000004 0.6027777777777777 0.246875 0.6027777777777777 0.24687500000000004 0.6791666666666667 0.2882812500000001 0.6791666666666667
0 0.34765625000000006 0.6444444444444445 0.309375 0.6444444444444445 0.30937500000000007 0.7319444444444444 0.3476562500000001 0.7319444444444444
0 0.32109375 0.5527777777777778 0.27890625 0.5527777777777778 0.27890625 0.6444444444444445 0.32109375 0.6444444444444445
0 0.43125 0.7972222222222223 0.40078125 0.7972222222222223 0.40078125 0.8583333333333333 0.43125 0.8583333333333333
0 0.46875 0.7847222222222222 0.440625 0.7847222222222222 0.440625 0.8388888888888889 0.46875 0.8388888888888889
0 0.6234375 0.7569444444444444 0.58984375 0.7569444444444444 0.58984375 0.8236111111111111 0.6234375 0.8236111111111111
0 0.55859375 0.7138888888888889 0.51953125 0.7138888888888889 0.51953125 0.7972222222222223 0.55859375 0.7972222222222223
0 0.57421875 0.7777777777777778 0.53828125 0.7777777777777778 0.53828125 0.8513888888888889 0.57421875 0.8513888888888889
0 0.6234375 0.8319444444444445 0.59296875 0.8319444444444445 0.59296875 0.8888888888888888 0.6234375 0.8888888888888888
0 0.64765625 0.85 0.62265625 0.85 0.62265625 0.8972222222222223 0.64765625 0.8972222222222223
0 0.64765625 0.7263888888888889 0.6140625 0.7263888888888889 0.6140625 0.7986111111111112 0.64765625 0.7986111111111112
0 0.675 0.7486111111111111 0.6421875 0.7486111111111111 0.6421875 0.8166666666666667 0.675 0.8166666666666667
0 0.6953125 0.8097222222222222 0.6640625 0.8097222222222222 0.6640625 0.8722222222222222 0.6953125 0.8722222222222222
0 0.76640625 0.7694444444444447 0.7296875 0.7694444444444447 0.7296875 0.8333333333333337 0.76640625 0.8333333333333337
0 0.78671875 0.6958333333333335 0.75 0.6958333333333335 0.75 0.7750000000000004 0.78671875 0.7750000000000004
0 0.88359375 0.6680555555555557 0.840625 0.6680555555555557 0.840625 0.7458333333333337 0.88359375 0.7458333333333337
0 0.39687500000000003 0.5958333333333334 0.35703125 0.5958333333333333 0.35703125 0.6930555555555556 0.3968750000000001 0.6930555555555558
0 0.5109375 0.7486111111111111 0.48046875 0.7486111111111111 0.48046875 0.8111111111111111 0.5109375 0.8111111111111111
0 0.725 0.8875 0.6984375 0.8875 0.6984375 0.9388888888888889 0.725 0.9388888888888889
