0 0.7921875 0.17916666666666684 0.73828125 0.17916666666666684 0.73828125 0.27361111111111125 0.7921875 0.27361111111111125
0 0.72421875 0.21111111111111128 0.68046875 0.21111111111111128 0.68046875 0.29166666666666685 0.72421875 0.29166666666666685
0 0.65625 0.19027777777777793 0.61484375 0.19027777777777793 0.61484375 0.2805555555555557 0.65625 0.2805555555555557
0 0.7 0.25972222222222235 0.6546875 0.25972222222222235 0.6546875 0.35555555555555574 0.7 0.35555555555555574
0 0.54609375 0.11250000000000011 0.5140625 0.11250000000000011 0.5140625 0.176388888888889 0.54609375 0.176388888888889
0 0.51015625 0.15138888888888902 0.48046875 0.15138888888888902 0.48046875 0.20833333333333343 0.51015625 0.20833333333333343
0 0.37109375 0.23888888888888896 0.33515625 0.23888888888888896 0.33515625 0.3083333333333334 0.37109375 0.3083333333333334
0 0.44453125 0.23055555555555562 0.403125 0.23055555555555562 0.403125 0.31666666666666676 0.44453125 0.31666666666666676
0 0.41640625 0.1861111111111112 0.378125 0.1861111111111112 0.378125 0.26388888888888895 0.41640625 0.26388888888888895
0 0.35703125 0.17638888888888896 0.32421875 0.17638888888888896 0.32421875 0.23750000000000007 0.35703125 0.23750000000000007
0 0.325 0.1833333333333334 0.29921875 0.1833333333333334 0.29921875 0.23194444444444454 0.325 0.23194444444444454
0 0.3515625 0.2750000000000001 0.315625 0.2750000000000001 0.315625 0.3500000000000001 0.3515625 0.3500000000000001
0 0.321875 0.2722222222222223 0.28671875 0.2722222222222223 0.28671875 0.3430555555555556 0.321875 0.3430555555555556
0 0.29140625 0.22777777777777786 0.25859375 0.22777777777777786 0.25859375 0.2930555555555556 0.29140625 0.2930555555555556
0 0.23515625 0.2986111111111112 0.19609375 0.2986111111111112 0.19609375 0.36527777777777776 0.23515625 0.36527777777777776
0 0.225 0.36527777777777776 0.18593750000000003 0.36527777777777776 0.18593750000000003 0.4486111111111111 0.225 0.4486111111111111
0 0.14296875000000003 0.4375 0.09765625000000003 0.4375 0.09765625000000003 0.5194444444444445 0.14296875000000003 0.5194444444444445
0 0.61796875 0.25000000000000017 0.575 0.25000000000000017 0.575 0.35138888888888903 0.61796875 0.35138888888888903
0 0.47734375 0.1972222222222223 0.44453125 0.1972222222222223 0.44453125 0.26250000000000007 0.47734375 0.26250000000000007
0 0.246875 0.18055555555555564 0.21875 0.18055555555555564 0.21875 0.23333333333333342 0.246875 0.23333333333333342
