0 0.80078125 0.21527777777777793 0.74921875 0.21527777777777793 0.74921875 0.3055555555555557 0.80078125 0.3055555555555557
0 0.73203125 0.23888888888888904 0.690625 0.23888888888888904 0.690625 0.31527777777777793 0.73203125 0.31527777777777793
0 0.66484375 0.2097222222222224 0.6265625 0.2097222222222224 0.6265625 0.2972222222222224 0.66484375 0.2972222222222224
0 0.70546875 0.2833333333333335 0.66328125 0.2833333333333335 0.66328125 0.37500000000000017 0.70546875 0.37500000000000017
0 0.559375 0.11805555555555568 0.52890625 0.11805555555555568 0.52890625 0.17916666666666678 0.559375 0.17916666666666684
0 0.521875 0.1527777777777779 0.49375 0.1527777777777779 0.49375 0.20694444444444451 0.521875 0.20694444444444451
0 0.37890625 0.22361111111111118 0.3453125 0.22361111111111118 0.3453125 0.29027777777777786 0.37890625 0.29027777777777786
0 0.45234375 0.22361111111111118 0.41328125 0.22361111111111118 0.41328125 0.3069444444444445 0.45234375 0.3069444444444445
0 0.4265625 0.17638888888888896 0.390625 0.17638888888888896 0.390625 0.25000000000000006 0.4265625 0.25000000000000006
0 0.36796875 0.1597222222222223 0.3375 0.1597222222222223 0.3375 0.21666666666666676 0.36796875 0.21666666666666676
0 0.33671875 0.16111111111111118 0.31171875 0.16111111111111118 0.31171875 0.20833333333333343 0.33671875 0.20833333333333343
0 0.35859375 0.25694444444444453 0.325 0.25694444444444453 0.325 0.3291666666666667 0.35859375 0.3291666666666667
0 0.328125 0.25000000000000006 0.2953125 0.25000000000000006 0.2953125 0.31805555555555565 0.328125 0.31805555555555565
0 0.3 0.20138888888888898 0.26875 0.20138888888888898 0.26875 0.26388888888888895 0.3 0.26388888888888895
0 0.24140625 0.26527777777777783 0.2046875 0.26527777777777783 0.2046875 0.3291666666666667 0.24140625 0.3291666666666667
0 0.228125 0.33055555555555566 0.19140625000000006 0.33055555555555566 0.19140625000000006 0.4097222222222222 0.228125 0.4097222222222222
0 0.14296875000000003 0.39305555555555555 0.10000000000000005 0.39305555555555555 0.10000000000000005 0.4708333333333333 0.14296875000000003 0.4708333333333333
0 0.62421875 0.26388888888888906 0.584375 0.26388888888888906 0.584375 0.36111111111111127 0.62421875 0.36111111111111127
0 0.48671875 0.19444444444444453 0.45625 0.19444444444444453 0.45625 0.25694444444444453 0.48671875 0.25694444444444453
0 0.2578125 0.14861111111111114 0.23125 0.14861111111111114 0.23125 0.20000000000000007 0.2578125 0.20000000000000007
