0 0.78828125 0.7194444444444448 0.7359375 0.7194444444444448 0.7359375 0.8125000000000003 0.78828125 0.8125000000000003
0 0.66171875 0.7277777777777777 0.621875 0.7277777777777777 0.621875 0.8166666666666667 0.66171875 0.8166666666666667
0 0.7078125 0.6416666666666668 0.6640625 0.6416666666666668 0.6640625 0.7361111111111112 0.7078125 0.7361111111111112
0 0.553125 0.8305555555555556 0.521875 0.8305555555555556 0.521875 0.8930555555555556 0.553125 0.8930555555555556
0 0.52109375 0.7944444444444444 0.4921875 0.7944444444444444 0.4921875 0.85 0.52109375 0.85
0 0.3398437500000001 0.7125 0.30546875000000007 0.7125 0.30546875000000007 0.7805555555555556 0.3398437500000001 0.7805555555555556
0 0.4359375 0.75 0.40234375 0.75 0.40234375 0.8222222222222222 0.4359375 0.8222222222222222
0 0.3625000000000001 0.7736111111111111 0.3304687500000001 0.7736111111111111 0.3304687500000001 0.8333333333333334 0.3625000000000001 0.8333333333333334
0 0.3312500000000001 0.7805555555555556 0.30546875000000007 0.7805555555555556 0.30546875000000007 0.8277777777777777 0.3312500000000001 0.8277777777777777
0 0.3617187500000001 0.6486111111111111 0.3265625000000001 0.6486111111111111 0.3265625000000001 0.7222222222222222 0.3617187500000001 0.7222222222222222
0 0.30937500000000007 0.6375 0.27578125 0.6375 0.27578125000000003 0.7069444444444445 0.30937500000000007 0.7069444444444445
0 0.30156250000000007 0.7263888888888889 0.2695312500000001 0.7263888888888889 0.2695312500000001 0.7902777777777777 0.30156250000000007 0.7902777777777777
0 0.23828125000000008 0.6527777777777778 0.2000000000000001 0.6527777777777778 0.2000000000000001 0.7180555555555556 0.23828125000000008 0.7180555555555556
0 0.22656250000000006 0.5708333333333333 0.18828125000000004 0.5708333333333333 0.18828125000000004 0.6527777777777778 0.22656250000000008 0.6527777777777778
0 0.14296875000000003 0.5055555555555555 0.09921875000000005 0.5055555555555555 0.09921875000000005 0.5847222222222223 0.14296875000000003 0.5847222222222223
0 0.61171875 0.6347222222222224 0.5703125 0.6347222222222224 0.5703125 0.7333333333333333 0.61171875 0.7333333333333333
0 0.4890625 0.7458333333333333 0.45703125 0.7458333333333333 0.45703125 0.8097222222222222 0.4890625 0.8097222222222222
0 0.2468750000000001 0.7319444444444444 0.2195312500000001 0.7319444444444444 0.2195312500000001 0.7833333333333333 0.2468750000000001 0.7833333333333333
0 0.51015625 0.8402777777777778 0.4875 0.8402777777777778 0.4875 0.8833333333333333 0.51015625 0.8833333333333333
0 0.4671875 0.7805555555555556 0.43828125 0.7805555555555556 0.43828125 0.8472222222222222 0.4671875 0.8472222222222222
0 0.40859375 0.7694444444444445 0.38750000000000007 0.7694444444444445 0.38750000000000007 0.8208333333333333 0.40859375 0.8208333333333333
