0 0.81796875 0.5902777777777779 0.765625 0.5902777777777779 0.765625 0.6819444444444446 0.81796875 0.6819444444444446
0 0.6953125 0.6527777777777779 0.65625 0.6527777777777779 0.65625 0.7416666666666667 0.6953125 0.7416666666666667
0 0.728125 0.5500000000000002 0.68515625 0.5500000000000002 0.68515625 0.6430555555555557 0.728125 0.6430555555555557
0 0.60390625 0.8013888888888889 0.5734375 0.8013888888888889 0.5734375 0.8625 0.60390625 0.8625
0 0.56796875 0.7819444444444444 0.5390625 0.7819444444444444 0.5390625 0.8361111111111111 0.56796875 0.8361111111111111
0 0.3820312500000001 0.7861111111111111 0.3476562500000001 0.7861111111111111 0.3476562500000001 0.8527777777777777 0.3820312500000001 0.8527777777777777
0 0.4796875 0.7777777777777778 0.446875 0.7777777777777778 0.446875 0.8486111111111111 0.4796875 0.8486111111111111
0 0.41171875 0.8347222222222223 0.3804687500000001 0.8347222222222223 0.3804687500000001 0.8930555555555556 0.41171875 0.8930555555555556
0 0.3812500000000001 0.8541666666666666 0.35625000000000007 0.8541666666666666 0.35625000000000007 0.9013888888888889 0.3812500000000001 0.9013888888888889
0 0.3937500000000001 0.7152777777777778 0.3593750000000001 0.7152777777777778 0.3593750000000001 0.7875 0.3937500000000001 0.7875
0 0.3414062500000001 0.7277777777777777 0.3078125000000001 0.7277777777777777 0.3078125000000001 0.7958333333333333 0.3414062500000001 0.7958333333333333
0 0.3460937500000001 0.8152777777777778 0.3140625000000001 0.8152777777777778 0.3140625000000001 0.8791666666666667 0.3460937500000001 0.8791666666666667
0 0.27421875000000007 0.7777777777777778 0.2367187500000001 0.7777777777777778 0.2367187500000001 0.8416666666666667 0.27421875000000007 0.8416666666666667
0 0.2531250000000001 0.7027777777777777 0.2156250000000001 0.7027777777777777 0.2156250000000001 0.7833333333333333 0.2531250000000001 0.7833333333333333
0 0.16171875000000005 0.6791666666666667 0.11875000000000005 0.6791666666666667 0.11875000000000005 0.7583333333333333 0.16171875000000005 0.7583333333333333
0 0.634375 0.5875000000000001 0.59375 0.5875000000000001 0.59375 0.6861111111111112 0.634375 0.6861111111111112
0 0.5296875 0.75 0.4984375 0.75 0.4984375 0.8138888888888889 0.5296875 0.8138888888888889
0 0.29375000000000007 0.8458333333333333 0.26640625000000007 0.8458333333333333 0.26640625000000007 0.8972222222222223 0.29375000000000007 0.8972222222222223
0 0.56328125 0.8291666666666667 0.540625 0.8291666666666667 0.540625 0.8722222222222222 0.56328125 0.8722222222222222
0 0.5140625 0.7916666666666666 0.4859375 0.7916666666666666 0.4859375 0.8583333333333333 0.5140625 0.8583333333333333
0 0.4546875 0.8069444444444445 0.434375 0.8069444444444445 0.434375 0.8569444444444444 0.4546875 0.8569444444444444
