0 0.8078125 0.27777777777777796 0.759375 0.27777777777777796 0.759375 0.36250000000000016 0.8078125 0.36250000000000016
0 0.68359375 0.2347222222222224 0.6484375 0.2347222222222224 0.6484375 0.3180555555555557 0.68359375 0.3180555555555557
0 0.72109375 0.32916666666666683 0.68203125 0.32916666666666683 0.68203125 0.41666666666666685 0.72109375 0.41666666666666685
0 0.58671875 0.1277777777777779 0.55859375 0.1277777777777779 0.55859375 0.18472222222222237 0.58671875 0.18472222222222237
0 0.55078125 0.15972222222222235 0.52421875 0.15972222222222235 0.52421875 0.21111111111111122 0.55078125 0.21111111111111128
0 0.36484375 0.1722222222222223 0.33359375 0.1722222222222223 0.33359375 0.2347222222222223 0.36484375 0.2347222222222223
0 0.4625 0.15972222222222232 0.4328125 0.1597222222222223 0.4328125 0.22777777777777786 0.4625 0.22777777777777786
0 0.39296875 0.12777777777777785 0.3640625 0.12777777777777785 0.3640625 0.18194444444444452 0.39296875 0.18194444444444452
0 0.3625 0.1222222222222223 0.3390625 0.1222222222222223 0.3390625 0.16666666666666674 0.3625 0.16666666666666674
0 0.38046875 0.2361111111111112 0.34921875 0.2361111111111112 0.34921875 0.30416666666666675 0.38046875 0.30416666666666675
0 0.328125 0.2361111111111112 0.29765625 0.2361111111111112 0.29765625 0.3000000000000001 0.328125 0.3000000000000001
0 0.328125 0.15138888888888896 0.29921875 0.15138888888888896 0.29921875 0.2111111111111112 0.328125 0.2111111111111112
0 0.259375 0.20138888888888898 0.22421875 0.20138888888888898 0.22421875 0.2611111111111112 0.259375 0.2611111111111112
0 0.240625 0.2611111111111112 0.20625 0.2611111111111112 0.20625 0.3375000000000001 0.240625 0.3375000000000001
0 0.15078125000000003 0.30277777777777776 0.1109375 0.30277777777777776 0.11093750000000002 0.3763888888888889 0.15078125000000003 0.3763888888888889
0 0.62578125 0.30000000000000016 0.5890625 0.30000000000000016 0.5890625 0.3930555555555557 0.62578125 0.3930555555555557
0 0.51484375 0.18888888888888897 0.4859375 0.18888888888888897 0.4859375 0.2486111111111112 0.51484375 0.2486111111111112
0 0.275 0.14027777777777783 0.25 0.1402777777777778 0.25 0.18888888888888897 0.275 0.18888888888888897
0 0.5453125 0.12361111111111123 0.52421875 0.12361111111111123 0.52421875 0.163888888888889 0.5453125 0.163888888888889
0 0.496875 0.14444444444444457 0.471875 0.14444444444444457 0.471875 0.20833333333333343 0.496875 0.20833333333333343
0 0.4375 0.15416666666666676 0.41953125 0.15416666666666676 0.41953125 0.20277777777777786 0.4375 0.20277777777777786
