0 0.22812500000000005 0.6430555555555556 0.18125000000000005 0.6430555555555556 0.18125000000000005 0.725 0.22812500000000008 0.725
0 0.28828125000000004 0.6430555555555556 0.2546875 0.6430555555555556 0.25468750000000007 0.725 0.2882812500000001 0.725
0 0.32031250000000006 0.5902777777777778 0.2828125 0.5902777777777778 0.2828125 0.6763888888888889 0.3203125000000001 0.6763888888888889
0 0.4453125 0.8194444444444444 0.41796875 0.8194444444444444 0.41796875 0.875 0.4453125 0.875
0 0.48671875 0.7916666666666666 0.4578125 0.7916666666666666 0.4578125 0.8430555555555556 0.48671875 0.8430555555555556
0 0.67578125 0.7555555555555555 0.64609375 0.7555555555555555 0.64609375 0.8166666666666667 0.67578125 0.8166666666666667
0 0.57265625 0.7708333333333334 0.54375 0.7708333333333334 0.54375 0.8361111111111111 0.57265625 0.8361111111111111
0 0.6421875 0.8125 0.6140625 0.8125 0.6140625 0.8652777777777778 0.6421875 0.8652777777777778
0 0.67265625 0.8194444444444444 0.6453125 0.8194444444444444 0.6453125 0.8680555555555556 0.67265625 0.8680555555555556
0 0.6515625 0.6944444444444446 0.621875 0.6944444444444446 0.621875 0.7611111111111111 0.6515625 0.7611111111111111
0 0.70625 0.690277777777778 0.67734375 0.690277777777778 0.67734375 0.7527777777777778 0.70625 0.7527777777777778
0 0.70703125 0.7791666666666667 0.67890625 0.7791666666666667 0.67890625 0.8375 0.70703125 0.8375
0 0.7796875 0.7263888888888892 0.74609375 0.7263888888888892 0.74609375 0.7833333333333337 0.7796875 0.7833333333333337
0 0.89140625 0.602777777777778 0.853125 0.602777777777778 0.853125 0.6736111111111113 0.89140625 0.6736111111111113
0 0.4125 0.6194444444444446 0.37734375 0.6194444444444446 0.37734375000000003 0.7111111111111111 0.4125 0.7111111111111111
0 0.52265625 0.7513888888888889 0.4953125 0.7513888888888889 0.4953125 0.8097222222222222 0.52265625 0.8097222222222222
0 0.759375 0.7833333333333337 0.73515625 0.7833333333333337 0.73515625 0.8305555555555558 0.759375 0.8305555555555558
0 0.4953125 0.8180555555555555 0.47890625 0.8180555555555555 0.47890625 0.8611111111111112 0.4953125 0.8611111111111112
0 0.534375 0.7916666666666666 0.51015625 0.7916666666666666 0.51015625 0.8541666666666666 0.534375 0.8541666666666666
0 0.5453125 0.8513888888888889 0.5078125 0.8513888888888889 0.5078125 0.9027777777777778 0.5453125 0.9027777777777778
