0 0.26640625 0.24444444444444452 0.215625 0.24444444444444452 0.215625 0.3333333333333334 0.26640625 0.3333333333333334
0 0.3 0.23888888888888896 0.2625 0.23888888888888896 0.2625 0.32500000000000007 0.3 0.32500000000000007
0 0.32890625 0.29166666666666674 0.2875 0.29166666666666674 0.2875 0.3819444444444444 0.32890625 0.3819444444444444
0 0.4640625 0.11388888888888898 0.434375 0.11388888888888897 0.434375 0.17361111111111122 0.4640625 0.17361111111111122
0 0.503125 0.1527777777777779 0.471875 0.1527777777777779 0.471875 0.20833333333333343 0.503125 0.20833333333333343
0 0.6921875 0.19861111111111127 0.659375 0.19861111111111127 0.659375 0.26388888888888906 0.6921875 0.26388888888888906
0 0.60390625 0.15972222222222235 0.578125 0.15972222222222235 0.578125 0.22916666666666682 0.60390625 0.22916666666666682
0 0.659375 0.1555555555555557 0.62890625 0.15555555555555567 0.62890625 0.21250000000000016 0.659375 0.21250000000000016
0 0.68984375 0.1569444444444446 0.66015625 0.1569444444444446 0.66015625 0.2097222222222224 0.68984375 0.2097222222222224
0 0.6671875 0.2708333333333335 0.634375 0.2708333333333335 0.634375 0.34166666666666684 0.6671875 0.34166666666666684
0 0.7015625 0.2847222222222224 0.66953125 0.2847222222222224 0.66953125 0.35138888888888903 0.7015625 0.35138888888888903
0 0.71796875 0.20000000000000015 0.6875 0.20000000000000015 0.6875 0.2625000000000002 0.71796875 0.2625000000000002
0 0.7890625 0.2569444444444446 0.75234375 0.2569444444444446 0.75234375 0.3194444444444446 0.7890625 0.3194444444444446
0 0.89921875 0.3819444444444446 0.85703125 0.3819444444444446 0.85703125 0.4583333333333335 0.89921875 0.4583333333333335
0 0.41953125 0.26944444444444454 0.38046875 0.26944444444444454 0.38046875 0.3666666666666668 0.41953125 0.3666666666666668
0 0.53828125 0.19166666666666674 0.5078125 0.19166666666666674 0.5078125 0.25416666666666676 0.53828125 0.25416666666666676
0 0.75625 0.19722222222222238 0.7296875 0.19722222222222238 0.7296875 0.24722222222222237 0.75625 0.24722222222222237
0 0.51328125 0.13750000000000012 0.49453125 0.13750000000000012 0.49453125 0.1833333333333334 0.51328125 0.1833333333333334
0 0.54765625 0.15694444444444455 0.52265625 0.15694444444444455 0.52265625 0.2027777777777779 0.54765625 0.20277777777777795
0 0.56328125 0.11666666666666678 0.52421875 0.11666666666666678 0.52421875 0.16527777777777788 0.56328125 0.16527777777777788
0 0.64609375 0.21527777777777793 0.61484375 0.21527777777777793 0.61484375 0.2708333333333335 0.64609375 0.2708333333333335
0 0.8125 0.33472222222222237 0.77734375 0.33472222222222237 0.77734375 0.41250000000000014 0.8125 0.41250000000000014
