0 0.8046875 0.2680555555555557 0.7578125 0.2680555555555557 0.7578125 0.35000000000000014 0.8046875 0.35000000000000014
0 0.7390625 0.2805555555555557 0.7109375 0.2805555555555557 0.7109375 0.35138888888888903 0.7390625 0.35138888888888903
0 0.715625 0.3166666666666668 0.678125 0.3166666666666668 0.678125 0.40277777777777796 0.715625 0.40277777777777796
0 0.58203125 0.1250000000000001 0.5546875 0.1250000000000001 0.5546875 0.18055555555555572 0.58203125 0.18055555555555572
0 0.54296875 0.15833333333333346 0.5140625 0.15833333333333346 0.5140625 0.2097222222222223 0.54296875 0.2097222222222223
0 0.36328125 0.1722222222222223 0.33359375 0.1722222222222223 0.33359375 0.23333333333333342 0.36328125 0.23333333333333342
0 0.4359375 0.1486111111111112 0.41328125 0.1486111111111112 0.41328125 0.21527777777777785 0.4359375 0.21527777777777785
0 0.3859375 0.13611111111111118 0.3578125 0.13611111111111118 0.3578125 0.18888888888888897 0.3859375 0.18888888888888897
0 0.35546875 0.13194444444444453 0.328125 0.13194444444444453 0.328125 0.18055555555555564 0.35546875 0.18055555555555564
0 0.36953125 0.25000000000000006 0.33984375 0.25000000000000006 0.33984375 0.31666666666666676 0.36953125 0.31666666666666676
0 0.3359375 0.24305555555555564 0.30703125 0.24305555555555564 0.30703125 0.30555555555555564 0.3359375 0.30555555555555564
0 0.32578125 0.1722222222222223 0.29765625 0.1722222222222223 0.29765625 0.23055555555555562 0.32578125 0.23055555555555562
0 0.2578125 0.21805555555555564 0.22421875 0.21805555555555564 0.22421875 0.2750000000000001 0.2578125 0.2750000000000001
0 0.14687500000000003 0.3333333333333333 0.10859375000000004 0.3333333333333333 0.10859375000000004 0.4041666666666667 0.14687500000000003 0.4041666666666667
0 0.63671875 0.2833333333333335 0.5953125 0.2833333333333335 0.5953125 0.3722222222222224 0.63671875 0.3722222222222224
0 0.50546875 0.19027777777777785 0.478125 0.19027777777777785 0.478125 0.2486111111111112 0.50546875 0.2486111111111112
0 0.2671875 0.1680555555555556 0.24296875 0.1680555555555556 0.24296875 0.21527777777777785 0.2671875 0.21527777777777785
0 0.52109375 0.1402777777777779 0.5046875 0.1402777777777779 0.5046875 0.1833333333333334 0.52109375 0.1833333333333334
0 0.4578125 0.16805555555555565 0.43203125 0.16805555555555562 0.43203125 0.21527777777777785 0.4578125 0.21527777777777785
0 0.490625 0.15416666666666679 0.465625 0.15416666666666679 0.465625 0.1833333333333334 0.490625 0.1833333333333334
0 0.3921875 0.20000000000000007 0.36328125 0.20000000000000007 0.36328125 0.251388888888889 0.3921875 0.251388888888889
0 0.228125 0.29166666666666674 0.196875 0.29166666666666674 0.19687500000000002 0.36527777777777776 0.228125 0.36527777777777776
0 0.67890625 0.24305555555555572 0.64609375 0.24305555555555572 0.64609375 0.3097222222222224 0.67890625 0.3097222222222224