0 0.82265625 0.5541666666666668 0.76875 0.5541666666666668 0.76875 0.6486111111111112 0.82265625 0.6486111111111112
0 0.75625 0.5736111111111113 0.721875 0.5736111111111113 0.721875 0.651388888888889 0.75625 0.651388888888889
0 0.73046875 0.5291666666666668 0.68515625 0.5291666666666668 0.68515625 0.6250000000000001 0.73046875 0.6250000000000001
0 0.6171875 0.7888888888888889 0.58515625 0.7888888888888889 0.58515625 0.8527777777777777 0.6171875 0.8527777777777777
0 0.57578125 0.7736111111111111 0.5421875 0.7736111111111111 0.5421875 0.8333333333333334 0.57578125 0.8333333333333334
0 0.3976562500000001 0.8055555555555556 0.3617187500000001 0.8055555555555556 0.3617187500000001 0.875 0.3976562500000001 0.875
0 0.47109375 0.8013888888888889 0.44296875 0.8013888888888889 0.44296875 0.8736111111111111 0.47109375 0.8736111111111111
0 0.4234375 0.8430555555555556 0.3906250000000001 0.8430555555555556 0.3906250000000001 0.9041666666666667 0.4234375 0.9041666666666667
0 0.3929687500000001 0.8597222222222223 0.3617187500000001 0.8597222222222223 0.3617187500000001 0.9152777777777777 0.3929687500000001 0.9152777777777777
0 0.3960937500000001 0.7208333333333333 0.36015625000000007 0.7208333333333333 0.36015625000000007 0.7958333333333333 0.3960937500000001 0.7958333333333333
0 0.36406250000000007 0.7416666666666667 0.32890625000000007 0.7416666666666667 0.32890625000000007 0.8125 0.36406250000000007 0.8125
0 0.36015625000000007 0.8208333333333333 0.3273437500000001 0.8208333333333333 0.3273437500000001 0.8861111111111111 0.36015625000000007 0.8861111111111111
0 0.2890625000000001 0.7972222222222223 0.2500000000000001 0.7972222222222223 0.2500000000000001 0.8638888888888889 0.2890625000000001 0.8638888888888889
0 0.16875000000000004 0.7041666666666667 0.12343750000000005 0.7041666666666667 0.12343750000000005 0.7861111111111111 0.16875000000000004 0.7861111111111111
0 0.65546875 0.5847222222222224 0.60625 0.5847222222222224 0.60625 0.6847222222222223 0.65546875 0.6847222222222223
0 0.53515625 0.7472222222222222 0.50234375 0.7472222222222222 0.50234375 0.8125 0.53515625 0.8125
0 0.3031250000000001 0.8541666666666666 0.2750000000000001 0.8541666666666666 0.2750000000000001 0.9069444444444444 0.3031250000000001 0.9069444444444444
0 0.55625 0.8069444444444445 0.5359375 0.8069444444444445 0.5359375 0.8541666666666666 0.55625 0.8541666666666666
0 0.490625 0.7930555555555555 0.4609375 0.7930555555555555 0.4609375 0.8472222222222222 0.490625 0.8472222222222222
0 0.525 0.8152777777777778 0.496875 0.8152777777777778 0.496875 0.8513888888888889 0.525 0.8513888888888889
0 0.4234375 0.7791666666666667 0.3898437500000001 0.7791666666666667 0.3898437500000001 0.8388888888888889 0.4234375 0.8388888888888889
0 0.2531250000000001 0.7180555555555556 0.21484375000000008 0.7180555555555556 0.21484375000000008 0.8 0.2531250000000001 0.8
0 0.7015625 0.6319444444444446 0.6625 0.6319444444444446 0.6625 0.7083333333333335 0.7015625 0.7083333333333335