0 0.25546875 0.23888888888888896 0.2078125 0.23888888888888896 0.2078125 0.31944444444444453 0.25546875 0.31944444444444453
0 0.3234375 0.19861111111111118 0.28046875 0.19861111111111118 0.28046875 0.27638888888888896 0.3234375 0.27638888888888896
0 0.38203125 0.2111111111111112 0.34609375 0.2111111111111112 0.34609375 0.2930555555555556 0.38203125 0.2930555555555556
0 0.35 0.2805555555555556 0.30234375 0.2805555555555556 0.30234375 0.37083333333333335 0.35 0.37083333333333335
0 0.41953125 0.288888888888889 0.378125 0.288888888888889 0.378125 0.3694444444444446 0.41953125 0.3694444444444446
0 0.48359375 0.3708333333333335 0.421875 0.3708333333333335 0.421875 0.4819444444444446 0.48359375 0.4819444444444446
0 0.46953125 0.1250000000000001 0.43828125 0.12500000000000008 0.43828125 0.18750000000000008 0.46953125 0.18750000000000008
0 0.52109375 0.1402777777777779 0.496875 0.1402777777777779 0.496875 0.19166666666666674 0.52109375 0.19166666666666674
0 0.51953125 0.18750000000000008 0.490625 0.18750000000000008 0.490625 0.24305555555555564 0.51953125 0.24305555555555564
0 0.5625 0.17083333333333345 0.5390625 0.17083333333333345 0.5390625 0.21388888888888902 0.5625 0.21388888888888904
0 0.546875 0.1902777777777779 0.5203125 0.19027777777777785 0.5203125 0.24861111111111123 0.546875 0.24861111111111128
0 0.56171875 0.13055555555555567 0.53359375 0.13055555555555567 0.53359375 0.17916666666666678 0.56171875 0.17916666666666684
0 0.6234375 0.18888888888888905 0.59921875 0.18888888888888905 0.59921875 0.2347222222222224 0.6234375 0.2347222222222224
0 0.61171875 0.19722222222222238 0.5765625 0.19722222222222238 0.5765625 0.26527777777777795 0.61171875 0.26527777777777795
0 0.64609375 0.24027777777777792 0.6125 0.24027777777777792 0.6125 0.3041666666666668 0.64609375 0.3041666666666668
0 0.67578125 0.18611111111111128 0.65078125 0.18611111111111128 0.65078125 0.23750000000000016 0.67578125 0.23750000000000016
0 0.709375 0.18750000000000017 0.68359375 0.18750000000000017 0.68359375 0.2347222222222224 0.709375 0.2347222222222224
0 0.68984375 0.3041666666666668 0.65234375 0.3041666666666668 0.65234375 0.3805555555555557 0.68984375 0.3805555555555557
0 0.70234375 0.2333333333333335 0.67578125 0.2333333333333335 0.67578125 0.28750000000000014 0.70234375 0.28750000000000014
0 0.73203125 0.22500000000000014 0.70390625 0.22500000000000014 0.70390625 0.28750000000000014 0.73203125 0.28750000000000014
0 0.77578125 0.22638888888888906 0.74375 0.22638888888888906 0.74375 0.3041666666666668 0.77578125 0.3041666666666668
0 0.73125 0.2819444444444446 0.68984375 0.2819444444444446 0.68984375 0.36388888888888904 0.73125 0.36388888888888904
0 0.775 0.3055555555555557 0.74375 0.3055555555555557 0.74375 0.3680555555555557 0.775 0.3680555555555557
0 0.80390625 0.2902777777777779 0.77734375 0.2902777777777779 0.77734375 0.34166666666666684 0.80390625 0.34166666666666684
0 0.828125 0.35416666666666685 0.8015625 0.35416666666666685 0.8015625 0.4152777777777779 0.828125 0.4152777777777779
0 0.79765625 0.3652777777777779 0.76640625 0.3652777777777779 0.76640625 0.4347222222222224 0.79765625 0.4347222222222224
0 0.85625 0.3472222222222224 0.82734375 0.3472222222222224 0.82734375 0.4097222222222224 0.85625 0.4097222222222224
