0 0.2632812500000001 0.7041666666666667 0.2140625000000001 0.7041666666666667 0.2140625000000001 0.7888888888888889 0.2632812500000001 0.7888888888888889
0 0.3320312500000001 0.7402777777777778 0.2875000000000001 0.7402777777777778 0.2875000000000001 0.8208333333333333 0.3320312500000001 0.8208333333333333
0 0.3851562500000001 0.7180555555555556 0.3476562500000001 0.7180555555555556 0.3476562500000001 0.8013888888888889 0.3851562500000001 0.8013888888888889
0 0.35625000000000007 0.6444444444444445 0.30703125 0.6444444444444445 0.30703125000000003 0.7375 0.35625000000000007 0.7375
0 0.42578125 0.6388888888888891 0.38203125 0.6388888888888891 0.38203125000000004 0.7222222222222222 0.42578125 0.7222222222222222
0 0.48671875 0.5208333333333335 0.42265625 0.5208333333333335 0.42265625 0.6361111111111113 0.48671875 0.6361111111111113
0 0.48203125 0.8319444444444445 0.44921875 0.8319444444444445 0.44921875 0.8958333333333334 0.48203125 0.8958333333333334
0 0.53125 0.8069444444444445 0.51015625 0.8069444444444445 0.51015625 0.8583333333333333 0.53125 0.8583333333333333
0 0.5171875 0.7958333333333333 0.48984375 0.7958333333333333 0.48984375 0.8513888888888889 0.5171875 0.8513888888888889
0 0.56328125 0.7833333333333333 0.53203125 0.7833333333333333 0.53203125 0.8486111111111111 0.56328125 0.8486111111111111
0 0.5765625 0.7180555555555556 0.5484375 0.7180555555555556 0.5484375 0.7777777777777778 0.5765625 0.7777777777777778
0 0.5734375 0.8041666666666667 0.5515625 0.8041666666666667 0.5515625 0.8527777777777777 0.5734375 0.8527777777777777
0 0.62109375 0.7694444444444445 0.5953125 0.7694444444444445 0.5953125 0.8166666666666667 0.62109375 0.8166666666666667
0 0.62109375 0.7194444444444444 0.584375 0.7194444444444444 0.584375 0.7902777777777777 0.62109375 0.7902777777777777
0 0.65390625 0.688888888888889 0.61875 0.688888888888889 0.61875 0.7541666666666667 0.65390625 0.7541666666666667
0 0.684375 0.7472222222222222 0.6578125 0.7472222222222222 0.6578125 0.8 0.684375 0.8
0 0.721875 0.75 0.6953125 0.75 0.6953125 0.8 0.721875 0.8
0 0.69609375 0.613888888888889 0.65703125 0.613888888888889 0.65703125 0.6930555555555558 0.69609375 0.6930555555555558
0 0.71015625 0.6944444444444446 0.6828125 0.6944444444444446 0.6828125 0.75 0.71015625 0.75
0 0.73984375 0.6916666666666669 0.71015625 0.6916666666666669 0.71015625 0.7555555555555558 0.73984375 0.7555555555555559
0 0.7921875 0.6708333333333335 0.7625 0.6708333333333335 0.7625 0.7361111111111114 0.7921875 0.7361111111111114
0 0.73671875 0.6166666666666668 0.69375 0.6166666666666668 0.69375 0.7013888888888891 0.73671875 0.7013888888888891
0 0.78046875 0.6083333333333335 0.74765625 0.6083333333333335 0.74765625 0.6722222222222224 0.78046875 0.6722222222222224
0 0.81640625 0.6041666666666669 0.7796875 0.6041666666666669 0.7796875 0.6833333333333335 0.81640625 0.6833333333333335
0 0.84140625 0.5333333333333334 0.80546875 0.5333333333333334 0.80546875 0.6055555555555557 0.84140625 0.6055555555555557
0 0.8078125 0.5222222222222224 0.775 0.5222222222222224 0.775 0.5944444444444446 0.8078125 0.5944444444444446
0 0.85703125 0.5680555555555558 0.83046875 0.5680555555555558 0.83046875 0.627777777777778 0.85703125 0.627777777777778
