0 0.2375 0.31111111111111117 0.1953125 0.31111111111111117 0.19531250000000003 0.38333333333333336 0.2375 0.38333333333333336
0 0.3015625 0.25416666666666676 0.2640625 0.25416666666666676 0.2640625 0.3236111111111112 0.3015625 0.3236111111111112
0 0.35546875 0.2527777777777779 0.325 0.2527777777777779 0.325 0.32777777777777783 0.35546875 0.32777777777777783
0 0.33515625 0.33055555555555566 0.29296875 0.33055555555555566 0.29296875 0.4111111111111111 0.33515625 0.4111111111111111
0 0.4046875 0.31944444444444453 0.36796875 0.31944444444444453 0.36796875 0.39166666666666683 0.4046875 0.39166666666666683
0 0.47421875 0.39027777777777795 0.41953125 0.39027777777777795 0.41953125 0.48750000000000016 0.47421875 0.48750000000000016
0 0.440625 0.12777777777777785 0.4140625 0.12777777777777785 0.4140625 0.1833333333333334 0.440625 0.1833333333333334
0 0.4921875 0.14305555555555569 0.47578125 0.14305555555555569 0.47578125 0.19027777777777785 0.4921875 0.19027777777777785
0 0.48046875 0.15833333333333346 0.4578125 0.15833333333333346 0.4578125 0.20555555555555563 0.48046875 0.20555555555555563
0 0.52578125 0.14583333333333345 0.5 0.14583333333333345 0.5 0.20277777777777786 0.52578125 0.20277777777777786
0 0.54609375 0.20972222222222234 0.5234375 0.2097222222222223 0.5234375 0.2625000000000001 0.54609375 0.2625000000000002
0 0.53515625 0.13472222222222235 0.51796875 0.13472222222222235 0.51796875 0.17916666666666675 0.53515625 0.17916666666666675
0 0.58515625 0.15555555555555567 0.56328125 0.15555555555555567 0.56328125 0.19722222222222238 0.58515625 0.19722222222222238
0 0.58828125 0.18472222222222237 0.5578125 0.18472222222222237 0.5578125 0.2458333333333335 0.58828125 0.2458333333333335
0 0.625 0.20833333333333348 0.5953125 0.20833333333333348 0.5953125 0.26527777777777795 0.625 0.26527777777777795
0 0.64921875 0.15138888888888902 0.62734375 0.15138888888888902 0.62734375 0.19722222222222238 0.64921875 0.19722222222222238
0 0.6859375 0.13888888888888903 0.66328125 0.13888888888888903 0.66328125 0.1819444444444446 0.6859375 0.1819444444444446
0 0.6734375 0.2541666666666668 0.640625 0.2541666666666668 0.640625 0.3236111111111113 0.6734375 0.3236111111111113
0 0.6796875 0.19166666666666682 0.65703125 0.19166666666666682 0.65703125 0.24027777777777792 0.6796875 0.24027777777777792
0 0.70859375 0.17638888888888904 0.68515625 0.17638888888888904 0.68515625 0.2333333333333335 0.70859375 0.2333333333333335
0 0.7625 0.17777777777777792 0.73828125 0.17777777777777792 0.73828125 0.23611111111111127 0.7625 0.23611111111111127
0 0.7125 0.2347222222222224 0.67578125 0.2347222222222224 0.67578125 0.3083333333333335 0.7125 0.3083333333333335
0 0.7578125 0.2458333333333335 0.73046875 0.2458333333333335 0.73046875 0.30138888888888904 0.7578125 0.30138888888888904
0 0.7921875 0.22361111111111126 0.7625 0.22361111111111126 0.7625 0.29305555555555574 0.7921875 0.29305555555555574
0 0.82421875 0.29166666666666685 0.7953125 0.29166666666666685 0.7953125 0.35416666666666685 0.82421875 0.35416666666666685
0 0.79296875 0.31250000000000017 0.76640625 0.31250000000000017 0.76640625 0.37638888888888905 0.79296875 0.37638888888888905
0 0.83828125 0.2611111111111113 0.81640625 0.2611111111111113 0.81640625 0.31527777777777793 0.83828125 0.31527777777777793
