0 0.23046875 0.4236111111111111 0.17890625000000004 0.4236111111111111 0.17890625000000004 0.5111111111111111 0.23046875 0.5111111111111111
0 0.271875 0.37777777777777777 0.225 0.37777777777777777 0.225 0.4625 0.271875 0.4625
0 0.3234375 0.3083333333333334 0.28359375 0.3083333333333334 0.28359375 0.39444444444444443 0.3234375 0.39444444444444443
0 0.3140625 0.4 0.26171875 0.4 0.26171875 0.49722222222222223 0.3140625 0.49722222222222223
0 0.38515625 0.351388888888889 0.33984375 0.351388888888889 0.33984375 0.43750000000000006 0.38515625 0.43750000000000017
0 0.403125 0.16388888888888897 0.36875 0.16388888888888897 0.36875 0.23055555555555562 0.403125 0.23055555555555562
0 0.4453125 0.1486111111111112 0.42265625 0.1486111111111112 0.42265625 0.20138888888888898 0.4453125 0.20138888888888898
0 0.44140625 0.17500000000000007 0.4125 0.17500000000000007 0.4125 0.23194444444444454 0.44140625 0.23194444444444454
0 0.48125 0.1611111111111112 0.45234375 0.16111111111111118 0.45234375 0.21250000000000008 0.48125 0.21250000000000008
0 0.49609375 0.19583333333333341 0.46171875 0.19583333333333341 0.46171875 0.26805555555555566 0.49609375 0.26805555555555566
0 0.50234375 0.101388888888889 0.45703125 0.101388888888889 0.45703125 0.17083333333333345 0.50234375 0.17083333333333345
0 0.53828125 0.1277777777777779 0.51171875 0.1277777777777779 0.51171875 0.17777777777777787 0.53828125 0.17777777777777787
0 0.53828125 0.15833333333333346 0.50390625 0.15833333333333346 0.50390625 0.23055555555555562 0.53828125 0.23055555555555562
0 0.5984375 0.14861111111111122 0.56875 0.14861111111111122 0.56875 0.20416666666666683 0.5984375 0.20416666666666683
0 0.59296875 0.08194444444444457 0.56484375 0.08194444444444457 0.56484375 0.13611111111111124 0.59296875 0.13611111111111124
0 0.6171875 0.07083333333333346 0.5890625 0.07083333333333346 0.5890625 0.12222222222222234 0.6171875 0.12222222222222234
0 0.61953125 0.18055555555555572 0.578125 0.18055555555555572 0.578125 0.2625000000000002 0.61953125 0.2625000000000002
0 0.6171875 0.11805555555555568 0.58828125 0.11805555555555568 0.58828125 0.176388888888889 0.6171875 0.176388888888889
0 0.6578125 0.09027777777777792 0.6265625 0.0902777777777779 0.6265625 0.15694444444444458 0.6578125 0.1569444444444446
0 0.70703125 0.05972222222222237 0.675 0.05972222222222236 0.675 0.12777777777777793 0.70703125 0.12777777777777793
0 0.665625 0.14861111111111125 0.6265625 0.14861111111111122 0.6265625 0.22916666666666682 0.665625 0.22916666666666682
0 0.73515625 0.10138888888888904 0.69609375 0.10138888888888904 0.69609375 0.1833333333333335 0.73515625 0.1833333333333335
0 0.81640625 0.16805555555555574 0.7703125 0.1680555555555557 0.7703125 0.2625000000000002 0.81640625 0.2625000000000002
0 0.775 0.1569444444444446 0.728125 0.1569444444444446 0.728125 0.2569444444444446 0.775 0.2569444444444446
0 0.86328125 0.16111111111111132 0.82109375 0.16111111111111132 0.82109375 0.23750000000000016 0.86328125 0.23750000000000016