0 0.246875 0.26944444444444454 0.20234375 0.26944444444444454 0.20234375 0.3444444444444445 0.246875 0.3444444444444445
0 0.29453125 0.25000000000000006 0.2546875 0.25000000000000006 0.2546875 0.3222222222222223 0.29453125 0.3222222222222223
0 0.3546875 0.2111111111111112 0.32265625 0.2111111111111112 0.32265625 0.288888888888889 0.3546875 0.288888888888889
0 0.3296875 0.29166666666666674 0.2859375 0.29166666666666674 0.2859375 0.3763888888888889 0.3296875 0.3763888888888889
0 0.40625 0.2875000000000001 0.36796875 0.2875000000000001 0.36796875 0.36250000000000016 0.40625 0.36250000000000016
0 0.45859375 0.11944444444444455 0.4296875 0.11944444444444452 0.4296875 0.17777777777777787 0.45859375 0.17777777777777787
0 0.503125 0.13055555555555567 0.48515625 0.13055555555555567 0.48515625 0.17916666666666675 0.503125 0.17916666666666675
0 0.49453125 0.1527777777777779 0.4703125 0.1527777777777779 0.4703125 0.20277777777777786 0.49453125 0.20277777777777786
0 0.5359375 0.16111111111111123 0.5109375 0.16111111111111123 0.5109375 0.20555555555555563 0.5359375 0.20555555555555563
0 0.540625 0.20000000000000007 0.5125 0.20000000000000007 0.5125 0.26527777777777783 0.540625 0.26527777777777783
0 0.5640625 0.11250000000000011 0.52421875 0.11250000000000011 0.52421875 0.17083333333333345 0.5640625 0.17083333333333345
0 0.5953125 0.16250000000000012 0.57265625 0.16250000000000012 0.57265625 0.2055555555555557 0.5953125 0.2055555555555557
0 0.58671875 0.18888888888888905 0.55859375 0.18888888888888905 0.55859375 0.25277777777777793 0.58671875 0.25277777777777793
0 0.6484375 0.21388888888888904 0.6234375 0.21388888888888904 0.6234375 0.2625000000000002 0.6484375 0.2625000000000002
0 0.6546875 0.14861111111111125 0.63125 0.14861111111111122 0.63125 0.1958333333333335 0.6546875 0.1958333333333335
0 0.68046875 0.15000000000000016 0.65703125 0.15000000000000016 0.65703125 0.19444444444444461 0.68046875 0.19444444444444461
0 0.659375 0.2541666666666668 0.625 0.2541666666666668 0.625 0.32638888888888906 0.659375 0.32638888888888906
0 0.67109375 0.19444444444444461 0.646875 0.19444444444444461 0.646875 0.2458333333333335 0.67109375 0.2458333333333335
0 0.71328125 0.19027777777777793 0.68828125 0.19027777777777793 0.68828125 0.25000000000000017 0.71328125 0.25000000000000017
0 0.76484375 0.18888888888888905 0.7390625 0.18888888888888905 0.7390625 0.25000000000000017 0.76484375 0.25000000000000017
0 0.709375 0.24861111111111128 0.67734375 0.24861111111111128 0.67734375 0.32083333333333347 0.709375 0.32083333333333347
0 0.7828125 0.24305555555555572 0.75078125 0.24305555555555572 0.75078125 0.31527777777777793 0.7828125 0.31527777777777793
0 0.84765625 0.34861111111111126 0.809375 0.34861111111111126 0.809375 0.4333333333333335 0.84765625 0.4333333333333335
0 0.809375 0.31388888888888905 0.77109375 0.31388888888888905 0.77109375 0.40416666666666684 0.809375 0.40416666666666684
0 0.89609375 0.3694444444444446 0.86015625 0.3694444444444446 0.86015625 0.4347222222222224 0.89609375 0.4347222222222224