0 0.24609375000000006 0.6402777777777777 0.20234375 0.6402777777777777 0.20234375000000004 0.7138888888888889 0.24609375000000008 0.7138888888888889
0 0.2843750000000001 0.6486111111111111 0.2453125000000001 0.6486111111111111 0.2453125000000001 0.7208333333333333 0.2843750000000001 0.7208333333333333
0 0.3468750000000001 0.6861111111111111 0.3156250000000001 0.6861111111111111 0.3156250000000001 0.7625 0.3468750000000001 0.7625
0 0.31093750000000003 0.5944444444444444 0.278125 0.5944444444444444 0.27812500000000007 0.6777777777777778 0.3109375000000001 0.6777777777777778
0 0.4 0.6111111111111112 0.36015625 0.6111111111111112 0.36015625000000007 0.6944444444444445 0.4 0.6944444444444446
0 0.4421875 0.7986111111111112 0.4140625 0.7986111111111112 0.4140625 0.8555555555555555 0.4421875 0.8555555555555555
0 0.4859375 0.8222222222222222 0.46875 0.8222222222222222 0.46875 0.8694444444444445 0.4859375 0.8694444444444445
0 0.4734375 0.7958333333333333 0.45 0.7958333333333333 0.45 0.8458333333333333 0.4734375 0.8458333333333333
0 0.52109375 0.8013888888888889 0.49453125 0.8013888888888889 0.49453125 0.8527777777777777 0.52109375 0.8527777777777777
0 0.5140625 0.7472222222222222 0.4859375 0.7472222222222222 0.4859375 0.8111111111111111 0.5140625 0.8111111111111111
0 0.57890625 0.8069444444444445 0.55703125 0.8069444444444445 0.55703125 0.85 0.57890625 0.85
0 0.56953125 0.7583333333333333 0.54140625 0.7583333333333333 0.54140625 0.8222222222222222 0.56953125 0.8222222222222222
0 0.61484375 0.7541666666666667 0.5953125 0.7541666666666667 0.5953125 0.8069444444444445 0.61484375 0.8069444444444445
0 0.64921875 0.8902777777777777 0.6265625 0.8902777777777777 0.6265625 0.9375 0.64921875 0.9375
0 0.7078125 0.8902777777777777 0.684375 0.8902777777777777 0.684375 0.9347222222222222 0.7078125 0.9347222222222222
0 0.6359375 0.7208333333333333 0.6078125 0.7208333333333333 0.6078125 0.7722222222222223 0.6359375 0.7722222222222223
0 0.65703125 0.7833333333333333 0.63359375 0.7833333333333333 0.63359375 0.8333333333333334 0.65703125 0.8333333333333334
0 0.69453125 0.7847222222222222 0.66953125 0.7847222222222222 0.66953125 0.8430555555555556 0.69453125 0.8430555555555556
0 0.75 0.790277777777778 0.725 0.7902777777777777 0.725 0.8500000000000002 0.75 0.8500000000000003
0 0.69921875 0.7083333333333335 0.66796875 0.7083333333333335 0.66796875 0.7791666666666667 0.69921875 0.7791666666666667
0 0.77109375 0.7263888888888892 0.73984375 0.7263888888888892 0.73984375 0.7986111111111114 0.77109375 0.7986111111111114
0 0.840625 0.6194444444444446 0.803125 0.6194444444444446 0.803125 0.702777777777778 0.840625 0.702777777777778
0 0.80703125 0.6458333333333335 0.76953125 0.6458333333333335 0.76953125 0.7347222222222225 0.80703125 0.7347222222222225
0 0.88984375 0.6236111111111112 0.85390625 0.6236111111111112 0.85390625 0.688888888888889 0.88984375 0.688888888888889