0 0.2914062500000001 0.7680555555555556 0.23984375000000008 0.7680555555555556 0.23984375000000008 0.8555555555555555 0.2914062500000001 0.8555555555555555
0 0.32890625000000007 0.7569444444444444 0.28203125000000007 0.7569444444444444 0.28203125000000007 0.8416666666666667 0.32890625000000007 0.8416666666666667
0 0.39531250000000007 0.7597222222222222 0.3554687500000001 0.7597222222222222 0.3554687500000001 0.8458333333333333 0.39531250000000007 0.8458333333333333
0 0.3460937500000001 0.6902777777777778 0.3046875000000001 0.6902777777777778 0.3046875000000001 0.7833333333333333 0.3460937500000001 0.7833333333333333
0 0.43515625 0.6597222222222224 0.3859375000000001 0.6597222222222224 0.3859375000000001 0.7569444444444444 0.43515625 0.7569444444444444
0 0.50234375 0.8166666666666667 0.46796875 0.8166666666666667 0.46796875 0.8833333333333333 0.50234375 0.8833333333333333
0 0.54609375 0.8166666666666667 0.5234375 0.8166666666666667 0.5234375 0.8694444444444445 0.54609375 0.8694444444444445
0 0.53046875 0.7986111111111112 0.5015625 0.7986111111111112 0.5015625 0.8555555555555555 0.53046875 0.8555555555555555
0 0.57734375 0.7777777777777778 0.5453125 0.7777777777777778 0.5453125 0.8388888888888889 0.57734375 0.8388888888888889
0 0.56328125 0.7305555555555555 0.52890625 0.7305555555555555 0.52890625 0.8027777777777778 0.56328125 0.8027777777777778
0 0.6328125 0.7541666666666667 0.60625 0.7541666666666667 0.60625 0.8041666666666667 0.6328125 0.8041666666666667
0 0.61796875 0.7125 0.58359375 0.7125 0.58359375 0.7847222222222222 0.61796875 0.7847222222222222
0 0.659375 0.6847222222222223 0.63359375 0.6847222222222223 0.63359375 0.7430555555555556 0.659375 0.7430555555555556
0 0.71328125 0.7972222222222223 0.68515625 0.7972222222222223 0.68515625 0.8513888888888889 0.71328125 0.8513888888888889
0 0.76953125 0.7680555555555558 0.74140625 0.7680555555555558 0.74140625 0.8194444444444448 0.76953125 0.8194444444444448
0 0.67421875 0.6416666666666668 0.640625 0.6416666666666668 0.640625 0.702777777777778 0.67421875 0.702777777777778
0 0.70390625 0.690277777777778 0.675 0.690277777777778 0.675 0.7486111111111111 0.70390625 0.7486111111111111
0 0.74140625 0.6722222222222224 0.71015625 0.6722222222222224 0.71015625 0.738888888888889 0.74140625 0.7388888888888892
0 0.79609375 0.6486111111111112 0.7640625 0.6486111111111112 0.7640625 0.716666666666667 0.79609375 0.716666666666667
0 0.73515625 0.5972222222222224 0.69609375 0.5972222222222224 0.69609375 0.6777777777777779 0.73515625 0.6777777777777779
0 0.80703125 0.577777777777778 0.76796875 0.577777777777778 0.76796875 0.6597222222222224 0.80703125 0.6597222222222224
0 0.85703125 0.43888888888888905 0.8109375 0.43888888888888905 0.8109375 0.5333333333333334 0.85703125 0.5333333333333334
0 0.83046875 0.4819444444444446 0.78359375 0.4819444444444446 0.78359375 0.5819444444444446 0.83046875 0.5819444444444446
0 0.90234375 0.41805555555555574 0.86015625 0.41805555555555574 0.86015625 0.4944444444444446 0.90234375 0.4944444444444446