0 0.24921875 0.2708333333333334 0.20625 0.2708333333333334 0.20625 0.34166666666666673 0.24921875 0.34166666666666673
0 0.2875 0.2666666666666667 0.24921875 0.2666666666666667 0.24921875 0.3361111111111112 0.2875 0.3361111111111112
0 0.35078125 0.22777777777777786 0.3203125 0.22777777777777786 0.3203125 0.30277777777777787 0.35078125 0.30277777777777787
0 0.3125 0.31111111111111117 0.28125 0.31111111111111117 0.28125 0.39305555555555555 0.3125 0.39305555555555555
0 0.40234375 0.2986111111111112 0.3640625 0.2986111111111112 0.3640625 0.3805555555555557 0.40234375 0.3805555555555557
0 0.4484375 0.14166666666666675 0.42109375 0.14166666666666675 0.42109375 0.1972222222222223 0.4484375 0.1972222222222223
0 0.4921875 0.13055555555555567 0.47578125 0.13055555555555567 0.47578125 0.176388888888889 0.4921875 0.176388888888889
0 0.47890625 0.1527777777777779 0.45625 0.1527777777777779 0.45625 0.20138888888888898 0.47890625 0.20138888888888898
0 0.52734375 0.14861111111111122 0.5015625 0.14861111111111122 0.5015625 0.20000000000000007 0.52734375 0.20000000000000007
0 0.51875 0.19027777777777785 0.4921875 0.19027777777777785 0.4921875 0.2527777777777779 0.51875 0.2527777777777779
0 0.58515625 0.15555555555555567 0.56328125 0.15555555555555567 0.56328125 0.19722222222222238 0.58515625 0.19722222222222238
0 0.57421875 0.1833333333333335 0.54765625 0.1833333333333335 0.54765625 0.2444444444444446 0.57421875 0.2444444444444446
0 0.61953125 0.20000000000000015 0.60078125 0.20000000000000015 0.60078125 0.25138888888888905 0.61953125 0.25138888888888905
0 0.65625 0.07222222222222235 0.634375 0.07222222222222235 0.634375 0.11805555555555569 0.65625 0.11805555555555572
0 0.71484375 0.07777777777777793 0.69296875 0.07777777777777793 0.69296875 0.12083333333333349 0.71484375 0.12083333333333349
0 0.640625 0.23750000000000016 0.61328125 0.23750000000000016 0.61328125 0.28611111111111126 0.640625 0.28611111111111126
0 0.6625 0.17638888888888904 0.63984375 0.17638888888888904 0.63984375 0.22500000000000014 0.6625 0.22500000000000014
0 0.7 0.1694444444444446 0.67578125 0.1694444444444446 0.67578125 0.22777777777777794 0.7 0.22777777777777794
0 0.75546875 0.16666666666666682 0.73125 0.16666666666666682 0.73125 0.22500000000000014 0.75546875 0.22500000000000014
0 0.703125 0.2333333333333335 0.6734375 0.2333333333333335 0.6734375 0.3027777777777779 0.703125 0.3027777777777779
0 0.775 0.21805555555555572 0.7453125 0.21805555555555572 0.7453125 0.28888888888888903 0.775 0.28888888888888903
0 0.84296875 0.3194444444444446 0.80703125 0.3194444444444446 0.80703125 0.40000000000000013 0.84296875 0.40000000000000013
0 0.809375 0.2847222222222224 0.7734375 0.2847222222222224 0.7734375 0.3708333333333335 0.809375 0.3708333333333335
0 0.89140625 0.33611111111111125 0.85703125 0.33611111111111125 0.85703125 0.39861111111111125 0.89140625 0.39861111111111125