0 0.24375 0.30277777777777787 0.1984375 0.30277777777777787 0.19843750000000002 0.37916666666666665 0.24375 0.37916666666666665
0 0.28125 0.2930555555555556 0.240625 0.2930555555555556 0.240625 0.36666666666666664 0.28125 0.36666666666666664
0 0.34375 0.2472222222222223 0.3109375 0.2472222222222223 0.3109375 0.32500000000000007 0.34375 0.32500000000000007
0 0.309375 0.3347222222222223 0.275 0.3347222222222223 0.275 0.41944444444444445 0.309375 0.41944444444444445
0 0.3984375 0.31111111111111117 0.35703125 0.31111111111111117 0.35703125 0.3972222222222223 0.3984375 0.39722222222222237
0 0.43671875 0.15000000000000008 0.4078125 0.15000000000000008 0.4078125 0.20833333333333343 0.43671875 0.20833333333333343
0 0.4796875 0.13194444444444456 0.46171875 0.13194444444444456 0.46171875 0.18055555555555564 0.4796875 0.18055555555555564
0 0.4671875 0.15694444444444455 0.44296875 0.15694444444444453 0.44296875 0.20833333333333343 0.4671875 0.20833333333333343
0 0.515625 0.14722222222222234 0.48828125 0.14722222222222234 0.48828125 0.20000000000000007 0.515625 0.20000000000000007
0 0.509375 0.18888888888888897 0.48046875 0.18888888888888897 0.48046875 0.25416666666666676 0.509375 0.25416666666666676
0 0.57265625 0.14583333333333345 0.55 0.14583333333333345 0.55 0.19027777777777793 0.57265625 0.19027777777777793
0 0.5640625 0.17500000000000013 0.53515625 0.17500000000000013 0.53515625 0.2402777777777779 0.5640625 0.24027777777777792
0 0.61015625 0.18750000000000017 0.5890625 0.18750000000000017 0.5890625 0.24027777777777792 0.61015625 0.24027777777777792
0 0.64140625 0.05416666666666681 0.61796875 0.05416666666666681 0.61796875 0.10277777777777791 0.64140625 0.10277777777777794
0 0.7 0.05277777777777792 0.67578125 0.052777777777777916 0.67578125 0.09861111111111127 0.7 0.09861111111111127
0 0.63203125 0.2208333333333335 0.60234375 0.2208333333333335 0.60234375 0.27361111111111125 0.63203125 0.27361111111111125
0 0.6515625 0.15833333333333346 0.6265625 0.15833333333333346 0.6265625 0.2097222222222224 0.6515625 0.2097222222222224
0 0.6890625 0.14583333333333348 0.66328125 0.14583333333333348 0.66328125 0.2055555555555557 0.6890625 0.2055555555555557
0 0.74453125 0.13611111111111127 0.71796875 0.13611111111111127 0.71796875 0.19722222222222238 0.74453125 0.19722222222222238
0 0.6953125 0.20833333333333348 0.6625 0.20833333333333348 0.6625 0.2819444444444446 0.6953125 0.2819444444444446
0 0.765625 0.18611111111111128 0.73359375 0.18611111111111128 0.73359375 0.25972222222222235 0.765625 0.25972222222222235
0 0.83828125 0.27777777777777796 0.79921875 0.27777777777777796 0.79921875 0.36250000000000016 0.83828125 0.36250000000000016
0 0.80390625 0.24722222222222237 0.76484375 0.24722222222222237 0.76484375 0.3388888888888891 0.80390625 0.3388888888888891
0 0.88671875 0.28750000000000014 0.85 0.28750000000000014 0.85 0.35416666666666685 0.88671875 0.35416666666666685