0 0.81484375 0.37777777777777793 0.76484375 0.37777777777777793 0.76484375 0.4638888888888891 0.81484375 0.4638888888888891
0 0.77421875 0.3569444444444446 0.72890625 0.3569444444444446 0.72890625 0.44027777777777793 0.77421875 0.44027777777777793
0 0.709375 0.2944444444444446 0.6703125 0.2944444444444446 0.6703125 0.3791666666666668 0.709375 0.3791666666666668
0 0.73671875 0.39166666666666683 0.69609375 0.39166666666666683 0.69609375 0.4833333333333335 0.73671875 0.4833333333333335
0 0.6578125 0.3430555555555557 0.61015625 0.3430555555555557 0.61015625 0.43750000000000017 0.6578125 0.43750000000000017
0 0.62265625 0.17222222222222233 0.5890625 0.17222222222222233 0.5890625 0.23750000000000016 0.62265625 0.23750000000000016
0 0.57109375 0.14305555555555569 0.54921875 0.14305555555555569 0.54921875 0.19444444444444461 0.57109375 0.19444444444444461
0 0.58671875 0.17083333333333345 0.55859375 0.17083333333333345 0.55859375 0.22638888888888906 0.58671875 0.22638888888888906
0 0.54296875 0.14722222222222234 0.51171875 0.14722222222222234 0.51171875 0.20694444444444451 0.54296875 0.20694444444444451
0 0.546875 0.1916666666666668 0.51328125 0.19166666666666674 0.51328125 0.2625000000000001 0.546875 0.2625000000000002
0 0.48203125 0.13055555555555567 0.45625 0.13055555555555567 0.45625 0.17916666666666675 0.48203125 0.17916666666666675
0 0.49453125 0.16111111111111123 0.4609375 0.16111111111111123 0.4609375 0.23194444444444454 0.49453125 0.23194444444444454
0 0.43984375 0.16111111111111118 0.41484375 0.16111111111111118 0.41484375 0.21805555555555564 0.43984375 0.21805555555555564
0 0.4234375 0.020833333333333422 0.39609375 0.02083333333333342 0.39609375 0.0736111111111112 0.4234375 0.07361111111111121
0 0.365625 0.004166666666666744 0.33828125 0.00416666666666674 0.33828125 0.054166666666666745 0.365625 0.054166666666666745
0 0.4234375 0.18750000000000008 0.390625 0.18750000000000008 0.390625 0.2472222222222223 0.4234375 0.2472222222222223
0 0.4046875 0.12083333333333342 0.3765625 0.12083333333333342 0.3765625 0.17777777777777787 0.4046875 0.17777777777777787
0 0.3703125 0.09861111111111119 0.33984375 0.09861111111111119 0.33984375 0.16388888888888897 0.3703125 0.16388888888888897
0 0.31640625 0.07222222222222228 0.2859375 0.07222222222222228 0.2859375 0.13888888888888898 0.31640625 0.13888888888888898
0 0.365625 0.1597222222222223 0.32734375 0.1597222222222223 0.32734375 0.23888888888888896 0.365625 0.23888888888888896
0 0.296875 0.11666666666666672 0.259375 0.11666666666666671 0.259375 0.1972222222222223 0.296875 0.1972222222222223
0 0.22421875 0.18750000000000003 0.17890625 0.1875 0.17890625 0.2805555555555556 0.22421875 0.2805555555555556
0 0.2609375 0.1666666666666667 0.21484375 0.1666666666666667 0.21484375 0.26527777777777783 0.2609375 0.26527777777777783
0 0.17265625 0.18333333333333332 0.13125 0.18333333333333332 0.13125 0.25833333333333336 0.17265625 0.25833333333333336