0 0.8140625 0.3694444444444446 0.7640625 0.3694444444444446 0.7640625 0.45416666666666683 0.8140625 0.45416666666666683
0 0.77265625 0.35000000000000014 0.72734375 0.35000000000000014 0.72734375 0.4319444444444446 0.77265625 0.4319444444444446
0 0.7078125 0.28750000000000014 0.6640625 0.28750000000000014 0.6640625 0.37500000000000017 0.7078125 0.37500000000000017
0 0.7359375 0.38472222222222235 0.69609375 0.38472222222222235 0.69609375 0.47638888888888903 0.7359375 0.47638888888888903
0 0.65703125 0.3388888888888891 0.6046875 0.3388888888888891 0.6046875 0.46527777777777796 0.65703125 0.46527777777777796
0 0.61953125 0.16944444444444456 0.58671875 0.16944444444444456 0.58671875 0.2333333333333335 0.61953125 0.2333333333333335
0 0.58359375 0.1666666666666668 0.55 0.1666666666666668 0.55 0.2305555555555557 0.58359375 0.2305555555555557
0 0.54609375 0.14722222222222234 0.51484375 0.14722222222222234 0.51484375 0.20555555555555569 0.54609375 0.2055555555555557
0 0.5234375 0.17500000000000013 0.48984375 0.17500000000000013 0.48984375 0.2458333333333334 0.5234375 0.2458333333333334
0 0.47890625 0.13194444444444453 0.45234375 0.13194444444444453 0.45234375 0.1750000000000001 0.47890625 0.17500000000000013
0 0.484375 0.15972222222222232 0.45078125 0.1597222222222223 0.45078125 0.23055555555555562 0.484375 0.23055555555555562
0 0.43671875 0.16111111111111118 0.409375 0.16111111111111118 0.409375 0.21388888888888896 0.43671875 0.21388888888888896
0 0.41875 0.0236111111111112 0.3921875 0.0236111111111112 0.3921875 0.07638888888888898 0.41875 0.07638888888888899
0 0.36640625 0.013888888888888966 0.33984375 0.013888888888888963 0.33984375 0.06388888888888897 0.36640625 0.06388888888888897
0 0.41015625 0.19166666666666674 0.37734375 0.19166666666666674 0.37734375 0.25000000000000006 0.41015625 0.25000000000000006
0 0.4015625 0.1222222222222223 0.36953125 0.1222222222222223 0.36953125 0.18055555555555564 0.4015625 0.18055555555555564
0 0.3609375 0.10000000000000007 0.33203125 0.10000000000000007 0.33203125 0.16527777777777786 0.3609375 0.16527777777777786
0 0.31328125 0.07916666666666673 0.2828125 0.07916666666666673 0.2828125 0.14583333333333343 0.31328125 0.14583333333333343
0 0.3765625 0.14583333333333343 0.3390625 0.14583333333333343 0.3390625 0.20416666666666675 0.3765625 0.20416666666666675
0 0.30390625 0.13472222222222227 0.26640625 0.13472222222222227 0.26640625 0.21388888888888896 0.30390625 0.21388888888888896
0 0.22109375 0.19722222222222227 0.1765625 0.19722222222222222 0.1765625 0.2888888888888889 0.22109375 0.288888888888889
0 0.25703125 0.17638888888888893 0.21171875 0.17638888888888893 0.21171875 0.2750000000000001 0.25703125 0.2750000000000001
0 0.16953125 0.19444444444444445 0.12890625 0.19444444444444445 0.12890625 0.26805555555555555 0.16953125 0.26805555555555555
0 0.27890625 5.502406104502344e-17 0.2265625 4.9326051632323947e-17 0.2265625 0.09027777777777783 0.27890625 0.09027777777777786
