0 0.221875 0.4930555555555556 0.17109375000000004 0.4930555555555556 0.17109375000000004 0.5805555555555556 0.221875 0.5805555555555556
0 0.2703125 0.5513888888888889 0.22421875 0.5513888888888889 0.22421875 0.6347222222222222 0.2703125 0.6347222222222222
0 0.33437500000000003 0.6138888888888889 0.2890625 0.6138888888888889 0.28906250000000006 0.7027777777777777 0.3343750000000001 0.7027777777777777
0 0.30390625 0.5097222222222222 0.2625 0.5097222222222222 0.2625 0.6027777777777777 0.30390625 0.6027777777777777
0 0.39296875000000003 0.5333333333333334 0.3390625 0.5333333333333333 0.33906250000000004 0.6611111111111112 0.3929687500000001 0.6611111111111113
0 0.40625 0.7694444444444445 0.3726562500000001 0.7694444444444445 0.3726562500000001 0.8347222222222223 0.40625 0.8347222222222223
0 0.45625 0.725 0.4125 0.725 0.4125 0.8208333333333333 0.45625 0.8208333333333333
0 0.4765625 0.7958333333333333 0.44453125 0.7958333333333333 0.44453125 0.8555555555555555 0.4765625 0.8555555555555555
0 0.48984375 0.7333333333333333 0.44921875 0.7333333333333333 0.44921875 0.8083333333333333 0.48984375 0.8083333333333333
0 0.54140625 0.8277777777777777 0.5140625 0.8277777777777777 0.5140625 0.8722222222222222 0.54140625 0.8722222222222222
0 0.54296875 0.7736111111111111 0.50859375 0.7736111111111111 0.50859375 0.8444444444444444 0.54296875 0.8444444444444444
0 0.58203125 0.7888888888888889 0.55390625 0.7888888888888889 0.55390625 0.8430555555555556 0.58203125 0.8430555555555556
0 0.609375 0.9180555555555555 0.57421875 0.9180555555555555 0.57421875 0.9805555555555555 0.609375 0.9805555555555555
0 0.65390625 0.9458333333333333 0.6234375 0.9458333333333333 0.6234375 1 0.65390625 1
0 0.6140625 0.7444444444444445 0.58046875 0.7444444444444445 0.58046875 0.8041666666666667 0.6140625 0.8041666666666667
0 0.62421875 0.8263888888888888 0.59140625 0.8263888888888888 0.59140625 0.8861111111111111 0.62421875 0.8861111111111111
0 0.65859375 0.8402777777777778 0.62890625 0.8402777777777778 0.62890625 0.9069444444444444 0.65859375 0.9069444444444444
0 0.7109375 0.8666666666666667 0.6796875 0.8666666666666667 0.6796875 0.9333333333333333 0.7109375 0.9333333333333333
0 0.66640625 0.7611111111111111 0.62890625 0.7611111111111111 0.62890625 0.8361111111111111 0.66640625 0.8361111111111111
0 0.740625 0.8097222222222223 0.70234375 0.8097222222222222 0.70234375 0.890277777777778 0.740625 0.8902777777777781
0 0.81875 0.729166666666667 0.7734375 0.729166666666667 0.7734375 0.8236111111111114 0.81875 0.8236111111111114
0 0.78359375 0.741666666666667 0.7375 0.741666666666667 0.7375 0.841666666666667 0.78359375 0.841666666666667
0 0.86640625 0.7527777777777781 0.82421875 0.7527777777777781 0.82421875 0.8277777777777781 0.86640625 0.8277777777777781
0 0.7671875 0.9236111111111113 0.71328125 0.9236111111111112 0.71328125 1.0000000000000002 0.7671875 1.0000000000000002
0 0.80234375 0.551388888888889 0.725 0.551388888888889 0.725 0.7152777777777779 0.80234375 0.7152777777777781