0 0.78671875 0.7347222222222225 0.73671875 0.7347222222222225 0.73671875 0.8208333333333336 0.78671875 0.8208333333333336
0 0.72421875 0.7458333333333333 0.67890625 0.7458333333333333 0.67890625 0.8291666666666667 0.72421875 0.8291666666666667
0 0.65 0.7486111111111111 0.60546875 0.7486111111111111 0.60546875 0.8375 0.65 0.8375
0 0.69921875 0.6805555555555557 0.65859375 0.6805555555555557 0.65859375 0.7722222222222223 0.69921875 0.7722222222222223
0 0.621875 0.6319444444444446 0.56875 0.6319444444444446 0.56875 0.7583333333333333 0.621875 0.7583333333333333
0 0.5390625 0.8263888888888888 0.50546875 0.8263888888888888 0.50546875 0.8916666666666667 0.5390625 0.8916666666666667
0 0.5109375 0.7486111111111111 0.46796875 0.7486111111111111 0.46796875 0.8430555555555556 0.5109375 0.8430555555555556
0 0.46796875 0.7930555555555555 0.43671875 0.7930555555555555 0.43671875 0.8527777777777777 0.46796875 0.8527777777777777
0 0.478125 0.7291666666666666 0.4375 0.7291666666666666 0.4375 0.8027777777777778 0.478125 0.8027777777777778
0 0.39921875000000007 0.7666666666666667 0.3726562500000001 0.7666666666666667 0.3726562500000001 0.8111111111111111 0.39921875000000007 0.8111111111111111
0 0.41484375 0.7194444444444444 0.3812500000000001 0.7194444444444444 0.3812500000000001 0.7902777777777777 0.41484375 0.7902777777777777
0 0.3734375000000001 0.7000000000000001 0.3453125000000001 0.7 0.3453125000000001 0.7541666666666667 0.3734375000000001 0.7541666666666667
0 0.32109375000000007 0.7944444444444444 0.2867187500000001 0.7944444444444444 0.2867187500000001 0.8569444444444444 0.32109375000000007 0.8569444444444444
0 0.2710937500000001 0.7819444444444444 0.2406250000000001 0.7819444444444444 0.2406250000000001 0.8361111111111111 0.2710937500000001 0.8361111111111111
0 0.35937500000000006 0.6361111111111111 0.3265625 0.6361111111111111 0.32656250000000003 0.6958333333333333 0.3593750000000001 0.6958333333333333
0 0.3296875000000001 0.7 0.2968750000000001 0.7 0.2968750000000001 0.7597222222222222 0.3296875000000001 0.7597222222222222
0 0.2914062500000001 0.6833333333333333 0.26250000000000007 0.6833333333333333 0.26250000000000007 0.75 0.2914062500000001 0.75
0 0.23984375000000008 0.6666666666666666 0.2093750000000001 0.6666666666666666 0.2093750000000001 0.7333333333333333 0.23984375000000008 0.7333333333333333
0 0.31093750000000003 0.6111111111111112 0.27421875 0.6111111111111112 0.27421875000000007 0.6847222222222222 0.3109375000000001 0.6847222222222222
0 0.23203125000000005 0.5930555555555556 0.19453125000000004 0.5930555555555556 0.19453125000000004 0.6736111111111112 0.23203125000000008 0.6736111111111112
0 0.18828125000000004 0.46111111111111114 0.14296875000000003 0.46111111111111114 0.14296875000000003 0.5541666666666667 0.18828125000000004 0.5541666666666667
0 0.2171875 0.5 0.17109375000000004 0.5 0.17109375000000004 0.5986111111111111 0.2171875 0.5986111111111111
0 0.13906250000000003 0.44305555555555554 0.09765625000000003 0.44305555555555554 0.09765625000000003 0.5180555555555556 0.13906250000000003 0.5180555555555556
0 0.19140625000000006 0.6791666666666667 0.13828125000000005 0.6791666666666667 0.13828125000000005 0.7736111111111111 0.19140625000000006 0.7736111111111111
0 0.26953125 0.3236111111111112 0.19296875000000005 0.3236111111111112 0.19296875000000005 0.4861111111111111 0.26953125 0.4861111111111111