0 0.23125 0.2986111111111112 0.1890625 0.2986111111111112 0.18906250000000002 0.36944444444444446 0.23125 0.36944444444444446
0 0.2859375 0.2666666666666667 0.2484375 0.2666666666666667 0.2484375 0.3361111111111112 0.2859375 0.3361111111111112
0 0.35625 0.22777777777777786 0.3203125 0.22777777777777786 0.3203125 0.30416666666666675 0.35625 0.30416666666666675
0 0.3125 0.31111111111111117 0.28125 0.31111111111111117 0.28125 0.39305555555555555 0.3125 0.39305555555555555
0 0.40234375 0.29166666666666674 0.3625 0.29166666666666674 0.3625 0.4055555555555556 0.40234375 0.4055555555555557
0 0.446875 0.13055555555555565 0.41953125 0.13055555555555565 0.41953125 0.1861111111111112 0.446875 0.1861111111111112
0 0.48984375 0.16527777777777788 0.45703125 0.16527777777777788 0.45703125 0.2486111111111112 0.48984375 0.2486111111111112
0 0.51875 0.14166666666666677 0.49296875 0.14166666666666677 0.49296875 0.19166666666666674 0.51875 0.19166666666666674
0 0.52421875 0.19305555555555565 0.490625 0.19305555555555565 0.490625 0.25555555555555565 0.52421875 0.25555555555555565
0 0.5859375 0.15555555555555567 0.56328125 0.15555555555555567 0.56328125 0.19166666666666682 0.5859375 0.19166666666666682
0 0.58046875 0.18055555555555572 0.55390625 0.18055555555555572 0.55390625 0.24166666666666684 0.58046875 0.24166666666666684
0 0.6203125 0.20000000000000015 0.59765625 0.20000000000000015 0.59765625 0.2458333333333335 0.6203125 0.2458333333333335
0 0.66484375 0.07777777777777792 0.6359375 0.07777777777777792 0.6359375 0.1305555555555557 0.66484375 0.1305555555555557
0 0.71171875 0.07777777777777793 0.68671875 0.07777777777777793 0.68671875 0.12361111111111127 0.71171875 0.12361111111111127
0 0.6453125 0.25138888888888905 0.61796875 0.25138888888888905 0.61796875 0.30000000000000016 0.6453125 0.30000000000000016
0 0.66640625 0.17638888888888904 0.63984375 0.17638888888888904 0.63984375 0.22638888888888906 0.66640625 0.22638888888888906
0 0.7015625 0.1694444444444446 0.67890625 0.1694444444444446 0.67890625 0.22916666666666682 0.7015625 0.22916666666666682
0 0.75546875 0.16666666666666682 0.73125 0.16666666666666682 0.73125 0.22500000000000014 0.75546875 0.22500000000000014
0 0.6984375 0.24166666666666684 0.66875 0.24166666666666684 0.66875 0.3055555555555557 0.6984375 0.3055555555555557
0 0.77734375 0.2208333333333335 0.74765625 0.2208333333333335 0.74765625 0.29166666666666685 0.77734375 0.29166666666666685
0 0.84296875 0.3194444444444446 0.80703125 0.3194444444444446 0.80703125 0.40000000000000013 0.84296875 0.40000000000000013
0 0.81015625 0.28611111111111126 0.77421875 0.28611111111111126 0.77421875 0.3722222222222224 0.81015625 0.3722222222222224
0 0.89140625 0.33611111111111125 0.85703125 0.33611111111111125 0.85703125 0.39861111111111125 0.89140625 0.39861111111111125
0 0.81953125 0.10555555555555574 0.77578125 0.10555555555555571 0.77578125 0.18472222222222237 0.81953125 0.18472222222222237
0 0.80390625 0.41388888888888903 0.74375 0.41388888888888903 0.74375 0.5555555555555557 0.80390625 0.5555555555555557