0 0.23515625000000004 0.6444444444444445 0.19218750000000004 0.6444444444444445 0.19218750000000004 0.7166666666666667 0.2351562500000001 0.7166666666666667
0 0.27734375000000006 0.6097222222222223 0.240625 0.6097222222222223 0.24062500000000003 0.7277777777777777 0.2773437500000001 0.7277777777777777
0 0.3546875000000001 0.6902777777777778 0.3179687500000001 0.6902777777777778 0.3179687500000001 0.7680555555555556 0.3546875000000001 0.7680555555555556
0 0.31640625000000006 0.5972222222222222 0.278125 0.5972222222222222 0.27812500000000007 0.6875 0.3164062500000001 0.6875
0 0.40078125 0.6138888888888889 0.3609375 0.6138888888888889 0.3609375 0.7055555555555556 0.40078125 0.7055555555555557
0 0.44375 0.8166666666666667 0.41640625 0.8166666666666667 0.41640625 0.8736111111111111 0.44375 0.8736111111111111
0 0.48515625 0.75 0.4515625 0.75 0.4515625 0.8347222222222223 0.48515625 0.8347222222222223
0 0.515625 0.8083333333333333 0.4890625 0.8083333333333333 0.4890625 0.8597222222222223 0.515625 0.8597222222222223
0 0.5328125 0.7361111111111112 0.4984375 0.7361111111111112 0.4984375 0.8069444444444445 0.5328125 0.8069444444444445
0 0.58359375 0.8111111111111111 0.56015625 0.8111111111111111 0.56015625 0.8472222222222222 0.58359375 0.8472222222222222
0 0.575 0.7583333333333333 0.54765625 0.7583333333333333 0.54765625 0.8208333333333333 0.575 0.8208333333333333
0 0.73359375 0.8805555555555558 0.7046875 0.8805555555555555 0.7046875 0.9333333333333335 0.73359375 0.9333333333333337
0 0.69140625 0.8986111111111111 0.665625 0.8986111111111111 0.665625 0.9444444444444444 0.69140625 0.9444444444444444
0 0.6640625 0.7888888888888889 0.63125 0.7888888888888889 0.63125 0.8680555555555556 0.6640625 0.8680555555555556
0 0.6984375 0.7902777777777777 0.671875 0.7902777777777777 0.671875 0.8388888888888889 0.6984375 0.8388888888888889
0 0.75390625 0.7875000000000003 0.72890625 0.7875000000000003 0.72890625 0.8472222222222225 0.75390625 0.8472222222222225
0 0.70390625 0.7236111111111111 0.6734375 0.7236111111111111 0.6734375 0.7888888888888889 0.70390625 0.7888888888888889
0 0.77578125 0.716666666666667 0.7453125 0.716666666666667 0.7453125 0.7875000000000003 0.77578125 0.7875000000000003
0 0.809375 0.6361111111111113 0.77265625 0.6361111111111113 0.77265625 0.7236111111111114 0.809375 0.7236111111111114
0 0.815625 0.8458333333333337 0.77890625 0.8458333333333337 0.77890625 0.916666666666667 0.815625 0.916666666666667
0 0.8953125 0.6055555555555557 0.85390625 0.6055555555555557 0.85390625 0.676388888888889 0.8953125 0.676388888888889