0 0.2484375000000001 0.6902777777777778 0.2023437500000001 0.6902777777777778 0.2023437500000001 0.7680555555555556 0.2484375000000001 0.7680555555555556
0 0.28593750000000007 0.6513888888888889 0.2453125000000001 0.6513888888888889 0.2453125000000001 0.7736111111111111 0.28593750000000007 0.7736111111111111
0 0.3648437500000001 0.7208333333333333 0.3257812500000001 0.7208333333333333 0.3257812500000001 0.8027777777777778 0.3648437500000001 0.8027777777777778
0 0.39062500000000006 0.6083333333333334 0.34765625 0.6083333333333333 0.34765625000000006 0.7041666666666667 0.3906250000000001 0.7041666666666668
0 0.465625 0.8263888888888888 0.4359375 0.8263888888888888 0.4359375 0.8861111111111111 0.465625 0.8861111111111111
0 0.50390625 0.7513888888888889 0.4671875 0.7513888888888889 0.4671875 0.8402777777777778 0.50390625 0.8402777777777778
0 0.53359375 0.8013888888888889 0.50546875 0.8013888888888889 0.50546875 0.8555555555555555 0.53359375 0.8555555555555555
0 0.540625 0.7375 0.51328125 0.7375 0.51328125 0.8055555555555556 0.540625 0.8055555555555556
0 0.60234375 0.7944444444444444 0.578125 0.7944444444444444 0.578125 0.8333333333333334 0.60234375 0.8333333333333334
0 0.59375 0.7416666666666667 0.5640625 0.7416666666666667 0.5640625 0.8069444444444445 0.59375 0.8069444444444445
0 0.7640625 0.8319444444444447 0.7328125 0.8319444444444447 0.7328125 0.8875000000000003 0.7640625 0.8875000000000003
0 0.72265625 0.8597222222222223 0.6953125 0.8597222222222223 0.6953125 0.9083333333333333 0.72265625 0.9083333333333333
0 0.63984375 0.7319444444444444 0.6109375 0.7319444444444444 0.6109375 0.7958333333333333 0.63984375 0.7958333333333333
0 0.69609375 0.7680555555555556 0.66484375 0.7680555555555556 0.66484375 0.8416666666666667 0.69609375 0.8416666666666667
0 0.771875 0.7402777777777781 0.7453125 0.7402777777777781 0.7453125 0.8027777777777781 0.771875 0.8027777777777781
0 0.72421875 0.6805555555555557 0.69140625 0.6805555555555557 0.69140625 0.7486111111111111 0.72421875 0.7486111111111111
0 0.79453125 0.6611111111111113 0.76171875 0.6611111111111113 0.76171875 0.7361111111111114 0.79453125 0.7361111111111114
0 0.815625 0.5805555555555557 0.77578125 0.5805555555555557 0.77578125 0.6722222222222224 0.815625 0.6722222222222224
0 0.85390625 0.5458333333333335 0.81484375 0.5458333333333335 0.81484375 0.6208333333333335 0.85390625 0.6208333333333335
0 0.90234375 0.5333333333333334 0.85859375 0.5333333333333334 0.85859375 0.6097222222222224 0.90234375 0.6097222222222224