0 0.2359375 0.27916666666666673 0.19375 0.27916666666666673 0.19375000000000003 0.351388888888889 0.2359375 0.351388888888889
0 0.27421875 0.2666666666666667 0.23828125 0.2666666666666667 0.23828125 0.38333333333333336 0.27421875 0.38333333333333336
0 0.35078125 0.2250000000000001 0.31484375 0.2250000000000001 0.31484375 0.301388888888889 0.35078125 0.301388888888889
0 0.38125 0.3208333333333334 0.3421875 0.3208333333333334 0.3421875 0.4111111111111112 0.38125 0.41111111111111126
0 0.446875 0.12500000000000008 0.41953125 0.12500000000000008 0.41953125 0.18194444444444452 0.446875 0.18194444444444452
0 0.4875 0.16527777777777788 0.4546875 0.16527777777777788 0.4546875 0.2486111111111112 0.4875 0.2486111111111112
0 0.515625 0.14583333333333345 0.48984375 0.14583333333333345 0.48984375 0.19583333333333341 0.515625 0.19583333333333341
0 0.52578125 0.19444444444444453 0.5015625 0.19444444444444453 0.5015625 0.2583333333333334 0.52578125 0.2583333333333334
0 0.5859375 0.15555555555555567 0.56328125 0.15555555555555567 0.56328125 0.19166666666666682 0.5859375 0.19166666666666682
0 0.578125 0.1833333333333335 0.5515625 0.1833333333333335 0.5515625 0.2458333333333335 0.578125 0.2458333333333335
0 0.74375 0.07777777777777793 0.71484375 0.07777777777777793 0.71484375 0.1305555555555557 0.74375 0.1305555555555557
0 0.7015625 0.06250000000000015 0.6765625 0.06250000000000014 0.6765625 0.10833333333333349 0.7015625 0.10833333333333349
0 0.625 0.18750000000000017 0.59921875 0.18750000000000017 0.59921875 0.24861111111111128 0.625 0.24861111111111128
0 0.678125 0.1333333333333335 0.65 0.1333333333333335 0.65 0.20277777777777795 0.678125 0.20277777777777795
0 0.75625 0.16111111111111126 0.73203125 0.16111111111111126 0.73203125 0.2194444444444446 0.75625 0.2194444444444446
0 0.7109375 0.22222222222222238 0.68125 0.22222222222222238 0.68125 0.28611111111111126 0.7109375 0.28611111111111126
0 0.78203125 0.22361111111111126 0.75234375 0.22361111111111126 0.75234375 0.2944444444444446 0.78203125 0.2944444444444446
0 0.80546875 0.2847222222222224 0.7703125 0.2847222222222224 0.7703125 0.3722222222222224 0.80546875 0.3722222222222224
0 0.846875 0.3305555555555557 0.81015625 0.3305555555555557 0.81015625 0.40000000000000013 0.846875 0.40000000000000013
0 0.89609375 0.33611111111111125 0.85546875 0.33611111111111125 0.85546875 0.4055555555555557 0.89609375 0.4055555555555557