0 0.27734375 0.14722222222222228 0.22578125 0.14722222222222225 0.22578125 0.2347222222222223 0.27734375 0.2347222222222223
0 0.3234375 0.15138888888888896 0.2671875 0.15138888888888893 0.2671875 0.27916666666666673 0.3234375 0.27916666666666673
0 0.39609375 0.15000000000000008 0.35078125 0.15000000000000008 0.35078125 0.24027777777777787 0.39609375 0.24027777777777787
0 0.40625 0.251388888888889 0.35546875 0.251388888888889 0.35546875 0.3569444444444445 0.40625 0.3569444444444446
0 0.503125 0.101388888888889 0.46875 0.101388888888889 0.46875 0.16805555555555568 0.503125 0.16805555555555568
0 0.5375 0.15694444444444455 0.49296875 0.15694444444444455 0.49296875 0.2527777777777779 0.5375 0.2527777777777779
0 0.56640625 0.15138888888888902 0.534375 0.15138888888888902 0.534375 0.2125000000000001 0.56640625 0.21250000000000016
0 0.571875 0.2027777777777779 0.5390625 0.20277777777777786 0.5390625 0.276388888888889 0.571875 0.2763888888888891
0 0.63359375 0.19722222222222238 0.60625 0.19722222222222238 0.60625 0.24166666666666684 0.63359375 0.24166666666666684
0 0.6078125 0.23750000000000016 0.559375 0.23750000000000016 0.559375 0.3388888888888891 0.6078125 0.3388888888888891
0 0.74296875 0.14583333333333348 0.71328125 0.14583333333333348 0.71328125 0.19722222222222238 0.74296875 0.19722222222222238
0 0.71484375 0.12916666666666682 0.68359375 0.12916666666666682 0.68359375 0.18472222222222237 0.71484375 0.18472222222222237
0 0.621875 0.2208333333333335 0.59140625 0.2208333333333335 0.59140625 0.27777777777777796 0.621875 0.27777777777777796
0 0.66796875 0.24722222222222237 0.63125 0.24722222222222237 0.63125 0.3194444444444446 0.66796875 0.3194444444444446
0 0.7375 0.3027777777777779 0.69921875 0.3027777777777779 0.69921875 0.37777777777777793 0.7375 0.37777777777777793
0 0.8140625 0.3583333333333335 0.78203125 0.3583333333333335 0.78203125 0.4152777777777779 0.8140625 0.4152777777777779
0 0.80625 0.38888888888888906 0.759375 0.38888888888888906 0.759375 0.48888888888888904 0.80625 0.48888888888888904
0 0.859375 0.48055555555555574 0.8140625 0.48055555555555574 0.8140625 0.563888888888889 0.859375 0.563888888888889
0 0.90625 0.5055555555555558 0.85703125 0.5055555555555558 0.85703125 0.5916666666666668 0.90625 0.5916666666666668