0 0.2359375 0.27916666666666673 0.19375 0.27916666666666673 0.19375000000000003 0.351388888888889 0.2359375 0.351388888888889
0 0.28125 0.26250000000000007 0.23984375 0.26250000000000007 0.23984375 0.375 0.28125 0.375
0 0.35078125 0.2250000000000001 0.31484375 0.2250000000000001 0.31484375 0.301388888888889 0.35078125 0.301388888888889
0 0.375 0.3208333333333334 0.33671875 0.3208333333333334 0.33671875 0.4111111111111112 0.375 0.41111111111111126
0 0.446875 0.12500000000000008 0.41953125 0.12500000000000008 0.41953125 0.18194444444444452 0.446875 0.18194444444444452
0 0.4875 0.16527777777777788 0.4546875 0.16527777777777788 0.4546875 0.2486111111111112 0.4875 0.2486111111111112
0 0.51484375 0.14444444444444457 0.4890625 0.14444444444444457 0.4890625 0.19444444444444453 0.51484375 0.19444444444444453
0 0.52734375 0.19027777777777785 0.503125 0.19027777777777785 0.503125 0.25416666666666676 0.52734375 0.25416666666666676
0 0.5859375 0.15555555555555567 0.56328125 0.15555555555555567 0.56328125 0.19166666666666682 0.5859375 0.19166666666666682
0 0.56875 0.21388888888888902 0.53125 0.21388888888888896 0.53125 0.3000000000000001 0.56875 0.30000000000000016
0 0.684375 0.055555555555555705 0.66015625 0.05555555555555569 0.66015625 0.09861111111111127 0.684375 0.09861111111111127
0 0.6546875 0.05416666666666681 0.62890625 0.05416666666666681 0.62890625 0.10000000000000014 0.6546875 0.10000000000000016
0 0.578125 0.18472222222222237 0.55390625 0.18472222222222237 0.55390625 0.2319444444444446 0.578125 0.2319444444444446
0 0.62734375 0.19166666666666682 0.5984375 0.19166666666666682 0.5984375 0.25277777777777793 0.62734375 0.25277777777777793
0 0.70234375 0.21388888888888904 0.67265625 0.21388888888888904 0.67265625 0.27777777777777796 0.70234375 0.27777777777777796
0 0.784375 0.2305555555555557 0.7578125 0.2305555555555557 0.7578125 0.2763888888888891 0.784375 0.2763888888888891
0 0.78203125 0.2680555555555557 0.74609375 0.2680555555555557 0.74609375 0.35416666666666685 0.78203125 0.35416666666666685
0 0.846875 0.3305555555555557 0.81015625 0.3305555555555557 0.81015625 0.40000000000000013 0.846875 0.40000000000000013
0 0.89609375 0.33611111111111125 0.85546875 0.33611111111111125 0.85546875 0.4055555555555557 0.89609375 0.4055555555555557