0 0.253125 0.2222222222222223 0.20546875 0.2222222222222223 0.20546875 0.313888888888889 0.253125 0.313888888888889
0 0.30234375 0.21250000000000008 0.25859375 0.21250000000000008 0.25859375 0.3222222222222223 0.30234375 0.3222222222222223
0 0.36953125 0.20694444444444451 0.32734375 0.20694444444444451 0.32734375 0.2875000000000001 0.36953125 0.2875000000000001
0 0.33515625 0.26944444444444454 0.29375 0.26944444444444454 0.29375 0.35277777777777786 0.33515625 0.35277777777777786
0 0.42578125 0.25694444444444453 0.3625 0.25694444444444453 0.3625 0.43750000000000006 0.42578125 0.43750000000000017
0 0.46796875 0.11527777777777788 0.4375 0.11527777777777785 0.4375 0.17638888888888898 0.46796875 0.176388888888889
0 0.51015625 0.15555555555555567 0.47421875 0.15555555555555567 0.47421875 0.2208333333333334 0.51015625 0.2208333333333334
0 0.68984375 0.07916666666666682 0.6609375 0.0791666666666668 0.6609375 0.14027777777777795 0.68984375 0.14027777777777795
0 0.540625 0.20277777777777786 0.509375 0.20277777777777786 0.509375 0.26250000000000007 0.540625 0.26250000000000007
0 0.6046875 0.16944444444444456 0.58125 0.16944444444444456 0.58125 0.21388888888888904 0.6046875 0.21388888888888904
0 0.5984375 0.1958333333333335 0.56484375 0.1958333333333335 0.56484375 0.2625000000000002 0.5984375 0.2625000000000002
0 0.63984375 0.21805555555555572 0.60703125 0.21805555555555572 0.60703125 0.27916666666666684 0.63984375 0.27916666666666684
0 0.6796875 0.2055555555555557 0.64453125 0.2055555555555557 0.64453125 0.2763888888888891 0.6796875 0.2763888888888891
0 0.77109375 0.20000000000000015 0.7421875 0.20000000000000015 0.7421875 0.2708333333333335 0.77109375 0.2708333333333335
0 0.71015625 0.2319444444444446 0.6796875 0.2319444444444446 0.6796875 0.3083333333333335 0.71015625 0.3083333333333335
0 0.79765625 0.2819444444444446 0.76953125 0.2819444444444446 0.76953125 0.3458333333333335 0.79765625 0.3458333333333335
0 0.8984375 0.4069444444444446 0.86796875 0.4069444444444446 0.86796875 0.47638888888888903 0.8984375 0.47638888888888903
0 0.8140625 0.34166666666666684 0.77578125 0.34166666666666684 0.77578125 0.4208333333333335 0.8140625 0.4208333333333335
0 0.5328125 0.14722222222222234 0.50703125 0.14722222222222234 0.50703125 0.20694444444444451 0.5328125 0.20694444444444451
