0 0.2671875 0.17916666666666675 0.21640625 0.17916666666666675 0.21640625 0.27638888888888896 0.2671875 0.27638888888888896
0 0.31640625 0.17638888888888896 0.26796875 0.17638888888888893 0.26796875 0.29166666666666674 0.31640625 0.29166666666666674
0 0.38359375 0.18194444444444452 0.33828125 0.18194444444444452 0.33828125 0.26805555555555566 0.38359375 0.26805555555555566
0 0.346875 0.23888888888888896 0.30234375 0.23888888888888896 0.30234375 0.32638888888888895 0.346875 0.32638888888888895
0 0.4375 0.23750000000000007 0.36640625 0.23750000000000007 0.36640625 0.42361111111111127 0.4375 0.42361111111111127
0 0.48671875 0.10694444444444456 0.45390625 0.10694444444444456 0.45390625 0.17083333333333345 0.48671875 0.17083333333333345
0 0.5265625 0.15416666666666679 0.48828125 0.15416666666666679 0.48828125 0.22361111111111118 0.5265625 0.22361111111111118
0 0.71015625 0.10555555555555571 0.67890625 0.10555555555555571 0.67890625 0.1708333333333335 0.71015625 0.1708333333333335
0 0.5546875 0.20555555555555569 0.52109375 0.20555555555555563 0.52109375 0.26944444444444454 0.5546875 0.2694444444444446
0 0.62109375 0.1833333333333335 0.5953125 0.1833333333333335 0.5953125 0.2305555555555557 0.62109375 0.2305555555555557
0 0.6125 0.2069444444444446 0.57578125 0.2069444444444446 0.57578125 0.27777777777777796 0.6125 0.27777777777777796
0 0.653125 0.23611111111111127 0.61796875 0.23611111111111127 0.61796875 0.30138888888888904 0.653125 0.30138888888888904
0 0.69375 0.22916666666666682 0.65546875 0.22916666666666682 0.65546875 0.3041666666666668 0.69375 0.3041666666666668
0 0.78515625 0.23888888888888904 0.753125 0.23888888888888904 0.753125 0.31388888888888905 0.78515625 0.31388888888888905
0 0.72265625 0.2611111111111113 0.6890625 0.2611111111111113 0.6890625 0.34166666666666684 0.72265625 0.34166666666666684
0 0.80625 0.3250000000000002 0.77578125 0.3250000000000002 0.77578125 0.39166666666666683 0.80625 0.39166666666666683
0 0.9015625 0.46527777777777796 0.86796875 0.46527777777777796 0.86796875 0.5375000000000002 0.9015625 0.5375000000000002
0 0.8203125 0.3861111111111113 0.77890625 0.3861111111111113 0.77890625 0.4694444444444446 0.8203125 0.4694444444444446
0 0.54921875 0.1500000000000001 0.52109375 0.1500000000000001 0.52109375 0.2125000000000001 0.54921875 0.21250000000000016
