0 0.79296875 0.21388888888888904 0.74453125 0.21388888888888904 0.74453125 0.3069444444444446 0.79296875 0.3069444444444446
0 0.73984375 0.20416666666666683 0.6953125 0.20416666666666683 0.6953125 0.31527777777777793 0.73984375 0.31527777777777793
0 0.67109375 0.20277777777777795 0.62890625 0.20277777777777795 0.62890625 0.2847222222222224 0.67109375 0.2847222222222224
0 0.70546875 0.26388888888888906 0.66328125 0.26388888888888906 0.66328125 0.3472222222222224 0.70546875 0.3472222222222224
0 0.6375 0.25277777777777793 0.57265625 0.25277777777777793 0.57265625 0.4347222222222224 0.6375 0.4347222222222224
0 0.559375 0.11388888888888901 0.52890625 0.11388888888888901 0.52890625 0.17500000000000013 0.559375 0.17500000000000013
0 0.5234375 0.15555555555555567 0.48671875 0.15555555555555567 0.48671875 0.2222222222222223 0.5234375 0.2222222222222223
0 0.3359375 0.0833333333333334 0.30625 0.0833333333333334 0.30625 0.14583333333333343 0.3359375 0.14583333333333343
0 0.48828125 0.20277777777777786 0.45703125 0.20277777777777786 0.45703125 0.26388888888888895 0.48828125 0.26388888888888895
0 0.41640625 0.1722222222222223 0.3921875 0.1722222222222223 0.3921875 0.21805555555555564 0.41640625 0.21805555555555564
0 0.43359375 0.19861111111111118 0.39921875 0.19861111111111118 0.39921875 0.26527777777777783 0.43359375 0.26527777777777783
0 0.39140625 0.2222222222222223 0.3578125 0.2222222222222223 0.3578125 0.2847222222222223 0.39140625 0.2847222222222223
0 0.353125 0.2097222222222223 0.3171875 0.2097222222222223 0.3171875 0.2819444444444445 0.353125 0.2819444444444445
0 0.25625 0.20694444444444451 0.2265625 0.20694444444444451 0.2265625 0.27916666666666673 0.25625 0.27916666666666673
0 0.31875 0.23750000000000007 0.2875 0.23750000000000007 0.2875 0.3152777777777779 0.31875 0.3152777777777779
0 0.2296875 0.29166666666666674 0.20078125 0.29166666666666674 0.20078125 0.35555555555555557 0.2296875 0.35555555555555557
0 0.13203125000000004 0.41944444444444445 0.10078125000000004 0.41944444444444445 0.10078125000000004 0.4888888888888889 0.13203125000000004 0.4888888888888889
0 0.2234375 0.3500000000000001 0.18437500000000004 0.3500000000000001 0.18437500000000004 0.4305555555555556 0.2234375 0.4305555555555556
0 0.490625 0.14722222222222234 0.4640625 0.14722222222222234 0.4640625 0.20694444444444451 0.490625 0.20694444444444451
