0 0.23828125 0.27777777777777785 0.19609375 0.27777777777777785 0.19609375 0.3611111111111111 0.23828125 0.3611111111111111
0 0.2859375 0.25694444444444453 0.2484375 0.25694444444444453 0.2484375 0.3611111111111111 0.2859375 0.3611111111111111
0 0.353125 0.24027777777777787 0.31484375 0.24027777777777787 0.31484375 0.313888888888889 0.353125 0.313888888888889
0 0.32265625 0.3083333333333334 0.28515625 0.3083333333333334 0.28515625 0.38472222222222224 0.32265625 0.38472222222222224
0 0.41171875 0.2819444444444445 0.35859375 0.2819444444444445 0.35859375 0.45277777777777783 0.41171875 0.45277777777777795
0 0.4453125 0.12777777777777785 0.41796875 0.12777777777777785 0.41796875 0.1833333333333334 0.4453125 0.1833333333333334
0 0.48984375 0.16111111111111123 0.4578125 0.16111111111111123 0.4578125 0.2208333333333334 0.48984375 0.2208333333333334
0 0.66484375 0.05000000000000014 0.6390625 0.05000000000000014 0.6390625 0.1069444444444446 0.66484375 0.1069444444444446
0 0.52265625 0.20138888888888898 0.4953125 0.20138888888888898 0.4953125 0.25694444444444453 0.52265625 0.25694444444444453
0 0.58515625 0.15555555555555567 0.56328125 0.15555555555555567 0.56328125 0.19722222222222238 0.58515625 0.19722222222222238
0 0.5796875 0.18472222222222237 0.54921875 0.18472222222222237 0.54921875 0.2458333333333335 0.5796875 0.2458333333333335
0 0.62265625 0.19861111111111127 0.59296875 0.19861111111111127 0.59296875 0.2555555555555557 0.62265625 0.2555555555555557
0 0.66171875 0.17916666666666684 0.63046875 0.17916666666666684 0.63046875 0.2444444444444446 0.66171875 0.2444444444444446
0 0.75234375 0.15555555555555572 0.72734375 0.15555555555555572 0.72734375 0.22222222222222238 0.75234375 0.22222222222222238
0 0.69296875 0.19861111111111127 0.6671875 0.19861111111111127 0.6671875 0.2708333333333335 0.69296875 0.2708333333333335
0 0.7828125 0.2319444444444446 0.7578125 0.2319444444444446 0.7578125 0.29166666666666685 0.7828125 0.29166666666666685
0 0.89140625 0.3388888888888891 0.8640625 0.3388888888888891 0.8640625 0.40277777777777796 0.89140625 0.40277777777777796
0 0.803125 0.2902777777777779 0.76953125 0.2902777777777779 0.76953125 0.36388888888888904 0.803125 0.36388888888888904
0 0.51171875 0.14722222222222234 0.4890625 0.14722222222222234 0.4890625 0.20277777777777786 0.51171875 0.20277777777777786
