0 0.815625 0.32777777777777795 0.76796875 0.32777777777777795 0.76796875 0.4194444444444446 0.815625 0.4194444444444446
0 0.76484375 0.29861111111111127 0.72109375 0.29861111111111127 0.72109375 0.4083333333333335 0.76484375 0.4083333333333335
0 0.69921875 0.2694444444444446 0.65703125 0.2694444444444446 0.65703125 0.35000000000000014 0.69921875 0.35000000000000014
0 0.725 0.34166666666666684 0.68359375 0.34166666666666684 0.68359375 0.42500000000000016 0.725 0.42500000000000016
0 0.65390625 0.29861111111111127 0.590625 0.29861111111111127 0.590625 0.47916666666666685 0.65390625 0.47916666666666685
0 0.60390625 0.1402777777777779 0.5734375 0.1402777777777779 0.5734375 0.20138888888888903 0.60390625 0.20138888888888903
0 0.5625 0.16527777777777788 0.5265625 0.16527777777777788 0.5265625 0.23055555555555568 0.5625 0.2305555555555557
0 0.38828125 0.022222222222222306 0.359375 0.022222222222222303 0.359375 0.08333333333333341 0.38828125 0.08333333333333341
0 0.52265625 0.20000000000000007 0.49140625 0.20000000000000007 0.49140625 0.2597222222222223 0.52265625 0.2597222222222223
0 0.45703125 0.14166666666666677 0.43359375 0.14166666666666675 0.43359375 0.1861111111111112 0.45703125 0.1861111111111112
0 0.46953125 0.17083333333333342 0.4359375 0.17083333333333342 0.4359375 0.23750000000000007 0.46953125 0.23750000000000007
0 0.425 0.17777777777777787 0.3921875 0.17777777777777787 0.3921875 0.23888888888888896 0.425 0.23888888888888896
0 0.38984375 0.15138888888888896 0.3546875 0.15138888888888896 0.3546875 0.2222222222222223 0.38984375 0.2222222222222223
0 0.29453125 0.11111111111111117 0.265625 0.11111111111111115 0.265625 0.18194444444444452 0.29453125 0.18194444444444452
0 0.3515625 0.16527777777777786 0.32109375 0.16527777777777786 0.32109375 0.24166666666666675 0.3515625 0.24166666666666675
0 0.259375 0.18194444444444452 0.23125 0.18194444444444452 0.23125 0.2458333333333334 0.259375 0.2458333333333334
0 0.14765625000000002 0.26666666666666666 0.1171875 0.26666666666666666 0.11718750000000003 0.33611111111111114 0.14765625000000004 0.33611111111111114
0 0.24453125 0.2361111111111112 0.20625 0.2361111111111112 0.20625 0.3152777777777779 0.24453125 0.3152777777777779
0 0.53203125 0.14722222222222234 0.50625 0.14722222222222234 0.50625 0.20694444444444451 0.53203125 0.20694444444444451
