0 0.23828125 0.27777777777777785 0.19609375 0.27777777777777785 0.19609375 0.3611111111111111 0.23828125 0.3611111111111111
0 0.2859375 0.25694444444444453 0.2484375 0.25694444444444453 0.2484375 0.3611111111111111 0.2859375 0.3611111111111111
0 0.3578125 0.24027777777777787 0.3203125 0.24027777777777787 0.3203125 0.313888888888889 0.3578125 0.313888888888889
0 0.32265625 0.3083333333333334 0.28515625 0.3083333333333334 0.28515625 0.38472222222222224 0.32265625 0.38472222222222224
0 0.40546875 0.29166666666666674 0.359375 0.29166666666666674 0.359375 0.38750000000000007 0.40546875 0.3875000000000002
0 0.4453125 0.12777777777777785 0.41796875 0.12777777777777785 0.41796875 0.1833333333333334 0.4453125 0.1833333333333334
0 0.4875 0.15833333333333346 0.4546875 0.15833333333333346 0.4546875 0.21666666666666676 0.4875 0.21666666666666676
0 0.66484375 0.05000000000000014 0.6390625 0.05000000000000014 0.6390625 0.1069444444444446 0.66484375 0.1069444444444446
0 0.52265625 0.20138888888888898 0.4953125 0.20138888888888898 0.4953125 0.25694444444444453 0.52265625 0.25694444444444453
0 0.58515625 0.15555555555555567 0.56328125 0.15555555555555567 0.56328125 0.19722222222222238 0.58515625 0.19722222222222238
0 0.5796875 0.18472222222222237 0.54921875 0.18472222222222237 0.54921875 0.2458333333333335 0.5796875 0.2458333333333335
0 0.62265625 0.19861111111111127 0.59296875 0.19861111111111127 0.59296875 0.2555555555555557 0.62265625 0.2555555555555557
0 0.67109375 0.14166666666666683 0.63984375 0.14166666666666683 0.63984375 0.2069444444444446 0.67109375 0.2069444444444446
0 0.75234375 0.15555555555555572 0.72734375 0.15555555555555572 0.72734375 0.22222222222222238 0.75234375 0.22222222222222238
0 0.70078125 0.22777777777777794 0.675 0.22777777777777794 0.675 0.30000000000000016 0.70078125 0.30000000000000016
0 0.778125 0.22222222222222238 0.753125 0.22222222222222238 0.753125 0.27222222222222237 0.778125 0.27222222222222237
0 0.89140625 0.3388888888888891 0.8640625 0.3388888888888891 0.8640625 0.40277777777777796 0.89140625 0.40277777777777796
0 0.77734375 0.2708333333333335 0.74375 0.2708333333333335 0.74375 0.3444444444444446 0.77734375 0.3444444444444446
0 0.51171875 0.14722222222222234 0.4890625 0.14722222222222234 0.4890625 0.20277777777777786 0.51171875 0.20277777777777786
