0 0.2617187500000001 0.7097222222222223 0.2117187500000001 0.7097222222222223 0.2117187500000001 0.8041666666666667 0.2617187500000001 0.8041666666666667
0 0.3101562500000001 0.6972222222222222 0.2640625000000001 0.6972222222222222 0.2640625000000001 0.8097222222222222 0.3101562500000001 0.8097222222222222
0 0.3828125000000001 0.7236111111111111 0.3390625000000001 0.7236111111111111 0.3390625000000001 0.8069444444444445 0.3828125000000001 0.8069444444444445
0 0.3414062500000001 0.6638888888888889 0.2984375000000001 0.6638888888888889 0.2984375000000001 0.75 0.3414062500000001 0.75
0 0.425 0.6375000000000002 0.37109375 0.6375000000000002 0.37109375000000006 0.7458333333333333 0.425 0.7458333333333333
0 0.47890625 0.8277777777777777 0.44765625 0.8277777777777777 0.44765625 0.8902777777777777 0.47890625 0.8902777777777777
0 0.5171875 0.7861111111111111 0.4796875 0.7861111111111111 0.4796875 0.8541666666666666 0.5171875 0.8541666666666666
0 0.70234375 0.8430555555555556 0.671875 0.8430555555555556 0.671875 0.9069444444444444 0.70234375 0.9069444444444444
0 0.546875 0.7347222222222223 0.51484375 0.7347222222222223 0.51484375 0.7972222222222223 0.546875 0.7972222222222223
0 0.60859375 0.7805555555555556 0.58359375 0.7805555555555556 0.58359375 0.8277777777777777 0.60859375 0.8277777777777777
0 0.6046875 0.7319444444444444 0.56953125 0.7319444444444444 0.56953125 0.8013888888888889 0.6046875 0.8013888888888889
0 0.67265625 0.7138888888888889 0.63828125 0.7138888888888889 0.63828125 0.7777777777777778 0.67265625 0.7777777777777778
0 0.70234375 0.7125 0.66484375 0.7125 0.66484375 0.7861111111111111 0.70234375 0.7861111111111111
0 0.77890625 0.7013888888888891 0.7484375 0.7013888888888891 0.7484375 0.7750000000000004 0.77890625 0.7750000000000004
0 0.721875 0.6319444444444446 0.68984375 0.6319444444444446 0.68984375 0.7111111111111111 0.721875 0.7111111111111111
0 0.79921875 0.6486111111111112 0.76953125 0.6486111111111112 0.76953125 0.7041666666666668 0.79921875 0.7041666666666668
0 0.90078125 0.48750000000000016 0.86875 0.48750000000000016 0.86875 0.5583333333333335 0.90078125 0.5583333333333335
0 0.79296875 0.5847222222222224 0.753125 0.5847222222222224 0.753125 0.6666666666666669 0.79296875 0.6666666666666669
0 0.54296875 0.7902777777777777 0.515625 0.7902777777777777 0.515625 0.8513888888888889 0.54296875 0.8513888888888889
0 0.64453125 0.7166666666666667 0.61640625 0.7166666666666667 0.61640625 0.7736111111111111 0.64453125 0.7736111111111111
