0 0.78828125 0.7097222222222224 0.73828125 0.7097222222222224 0.73828125 0.804166666666667 0.78828125 0.804166666666667
0 0.7359375 0.6972222222222224 0.68984375 0.6972222222222224 0.68984375 0.8097222222222223 0.7359375 0.8097222222222226
0 0.66171875 0.7236111111111111 0.61796875 0.7236111111111111 0.61796875 0.8069444444444445 0.66171875 0.8069444444444445
0 0.7015625 0.6638888888888891 0.65859375 0.6638888888888891 0.65859375 0.75 0.7015625 0.75
0 0.6296875 0.6375000000000002 0.57578125 0.6375000000000002 0.57578125 0.7458333333333333 0.6296875 0.7458333333333333
0 0.553125 0.8277777777777777 0.521875 0.8277777777777777 0.521875 0.8902777777777777 0.553125 0.8902777777777777
0 0.52109375 0.7861111111111111 0.48359375 0.7861111111111111 0.48359375 0.8541666666666666 0.52109375 0.8541666666666666
0 0.32890625000000007 0.8430555555555556 0.2984375000000001 0.8430555555555556 0.2984375000000001 0.9069444444444444 0.32890625000000007 0.9069444444444444
0 0.4859375 0.7347222222222223 0.45390625 0.7347222222222223 0.45390625 0.7972222222222223 0.4859375 0.7972222222222223
0 0.41640625 0.7805555555555556 0.39140625000000007 0.7805555555555556 0.39140625000000007 0.8277777777777777 0.41640625 0.8277777777777777
0 0.43125 0.7319444444444444 0.3960937500000001 0.7319444444444444 0.3960937500000001 0.8013888888888889 0.43125 0.8013888888888889
0 0.3625000000000001 0.7138888888888889 0.3281250000000001 0.7138888888888889 0.3281250000000001 0.7777777777777778 0.3625000000000001 0.7777777777777778
0 0.3359375000000001 0.7125 0.2984375000000001 0.7125 0.2984375000000001 0.7861111111111111 0.3359375000000001 0.7861111111111111
0 0.2523437500000001 0.7013888888888888 0.2218750000000001 0.7013888888888888 0.2218750000000001 0.775 0.2523437500000001 0.775
0 0.31015625 0.6319444444444444 0.278125 0.6319444444444444 0.27812500000000007 0.7111111111111111 0.3101562500000001 0.7111111111111111
0 0.23046875000000008 0.6486111111111111 0.20078125000000008 0.6486111111111111 0.20078125000000008 0.7041666666666667 0.23046875000000008 0.7041666666666667
0 0.13203125000000004 0.4875 0.10000000000000005 0.4875 0.10000000000000005 0.5583333333333333 0.13203125000000004 0.5583333333333333
0 0.24765625000000005 0.5847222222222223 0.2078125 0.5847222222222223 0.20781250000000004 0.6666666666666666 0.24765625000000008 0.6666666666666666
0 0.48515625 0.7902777777777777 0.4578125 0.7902777777777777 0.4578125 0.8513888888888889 0.48515625 0.8513888888888889
0 0.38359375000000007 0.7166666666666667 0.3554687500000001 0.7166666666666667 0.3554687500000001 0.7736111111111111 0.38359375000000007 0.7736111111111111
