0 0.23828125 0.27777777777777785 0.19609375 0.27777777777777785 0.19609375 0.3611111111111111 0.23828125 0.3611111111111111
0 0.2859375 0.25694444444444453 0.2484375 0.25694444444444453 0.2484375 0.3611111111111111 0.2859375 0.3611111111111111
0 0.3578125 0.24027777777777787 0.3203125 0.24027777777777787 0.3203125 0.313888888888889 0.3578125 0.313888888888889
0 0.32265625 0.3083333333333334 0.28515625 0.3083333333333334 0.28515625 0.38472222222222224 0.32265625 0.38472222222222224
0 0.40546875 0.29166666666666674 0.359375 0.29166666666666674 0.359375 0.38750000000000007 0.40546875 0.3875000000000002
0 0.4453125 0.12777777777777785 0.41796875 0.12777777777777785 0.41796875 0.1833333333333334 0.4453125 0.1833333333333334
0 0.48671875 0.15416666666666679 0.45390625 0.15416666666666679 0.45390625 0.21388888888888896 0.48671875 0.21388888888888896
0 0.66484375 0.05000000000000014 0.6390625 0.05000000000000014 0.6390625 0.1069444444444446 0.66484375 0.1069444444444446
0 0.5203125 0.20138888888888898 0.49296875 0.20138888888888898 0.49296875 0.25694444444444453 0.5203125 0.25694444444444453
0 0.57890625 0.1527777777777779 0.5578125 0.1527777777777779 0.5578125 0.1930555555555557 0.57890625 0.1930555555555557
0 0.57734375 0.1833333333333335 0.546875 0.1833333333333335 0.546875 0.2444444444444446 0.57734375 0.2444444444444446
0 0.64609375 0.18611111111111128 0.6171875 0.18611111111111128 0.6171875 0.24305555555555572 0.64609375 0.24305555555555572
0 0.675 0.1708333333333335 0.64296875 0.1708333333333335 0.64296875 0.23611111111111127 0.675 0.23611111111111127
0 0.7515625 0.1583333333333335 0.7265625 0.1583333333333335 0.7265625 0.22500000000000014 0.7515625 0.22500000000000014
0 0.7015625 0.23750000000000016 0.675 0.23750000000000016 0.675 0.3097222222222224 0.7015625 0.3097222222222224
0 0.778125 0.22222222222222238 0.753125 0.22222222222222238 0.753125 0.27222222222222237 0.778125 0.27222222222222237
0 0.89140625 0.3388888888888891 0.8640625 0.3388888888888891 0.8640625 0.40277777777777796 0.89140625 0.40277777777777796
0 0.775 0.26388888888888906 0.74140625 0.26388888888888906 0.74140625 0.33750000000000013 0.775 0.33750000000000013
0 0.51171875 0.14722222222222234 0.4890625 0.14722222222222234 0.4890625 0.20277777777777786 0.51171875 0.20277777777777786
0 0.61953125 0.19722222222222238 0.5953125 0.19722222222222238 0.5953125 0.24722222222222237 0.61953125 0.24722222222222237
