0 0.23593750000000005 0.6208333333333333 0.19140625000000006 0.6208333333333333 0.19140625000000006 0.7069444444444445 0.23593750000000008 0.7069444444444445
0 0.28359375000000003 0.6236111111111111 0.24375 0.6236111111111111 0.24375000000000005 0.7291666666666666 0.2835937500000001 0.7291666666666666
0 0.3468750000000001 0.6833333333333333 0.3078125000000001 0.6833333333333333 0.3078125000000001 0.7597222222222222 0.3468750000000001 0.7597222222222222
0 0.3265625 0.5638888888888889 0.28828125 0.5638888888888889 0.28828125 0.6430555555555556 0.3265625 0.6430555555555556
0 0.39453125000000006 0.6180555555555556 0.35546875 0.6180555555555556 0.35546875000000006 0.701388888888889 0.3945312500000001 0.7013888888888891
0 0.4484375 0.7694444444444445 0.4109375 0.7694444444444445 0.4109375 0.8694444444444445 0.4484375 0.8694444444444445
0 0.48046875 0.7888888888888889 0.446875 0.7888888888888889 0.446875 0.85 0.48046875 0.85
0 0.65703125 0.9013888888888889 0.63046875 0.9013888888888889 0.63046875 0.9597222222222223 0.65703125 0.9597222222222223
0 0.5203125 0.75 0.490625 0.75 0.490625 0.8083333333333333 0.5203125 0.8083333333333333
0 0.57265625 0.8097222222222222 0.55078125 0.8097222222222222 0.55078125 0.8527777777777777 0.57265625 0.8527777777777777
0 0.571875 0.7583333333333333 0.53984375 0.7583333333333333 0.53984375 0.8208333333333333 0.571875 0.8208333333333333
0 0.64140625 0.7638888888888888 0.6109375 0.7638888888888888 0.6109375 0.8222222222222222 0.64140625 0.8222222222222222
0 0.6625 0.7805555555555556 0.634375 0.7805555555555556 0.634375 0.8402777777777778 0.6625 0.8402777777777778
0 0.7484375 0.7875000000000002 0.721875 0.7875 0.721875 0.8555555555555557 0.7484375 0.8555555555555558
0 0.7 0.6944444444444446 0.67265625 0.6944444444444446 0.67265625 0.7680555555555556 0.7 0.7680555555555556
0 0.77421875 0.7430555555555559 0.74765625 0.7430555555555559 0.74765625 0.7944444444444447 0.77421875 0.7944444444444447
0 0.8890625 0.6208333333333335 0.8609375 0.6208333333333335 0.8609375 0.6861111111111112 0.8890625 0.6861111111111112
0 0.771875 0.6777777777777779 0.73671875 0.6777777777777779 0.73671875 0.7527777777777781 0.771875 0.7527777777777781
0 0.50625 0.7972222222222223 0.48203125 0.7972222222222223 0.48203125 0.8541666666666666 0.50625 0.8541666666666666
