0 0.23828125 0.27777777777777785 0.19609375 0.27777777777777785 0.19609375 0.3611111111111111 0.23828125 0.3611111111111111
0 0.2859375 0.25694444444444453 0.2484375 0.25694444444444453 0.2484375 0.3611111111111111 0.2859375 0.3611111111111111
0 0.35 0.23055555555555562 0.3125 0.23055555555555562 0.3125 0.30555555555555564 0.35 0.30555555555555564
0 0.32734375 0.3472222222222223 0.290625 0.3472222222222223 0.290625 0.4236111111111111 0.32734375 0.4236111111111111
0 0.396875 0.29166666666666674 0.359375 0.29166666666666674 0.359375 0.3722222222222223 0.396875 0.3722222222222224
0 0.45390625 0.12777777777777788 0.41796875 0.12777777777777785 0.41796875 0.22638888888888897 0.45390625 0.22638888888888897
0 0.48671875 0.14861111111111122 0.45390625 0.14861111111111122 0.45390625 0.20833333333333343 0.48671875 0.20833333333333343
0 0.66484375 0.05000000000000014 0.6390625 0.05000000000000014 0.6390625 0.1069444444444446 0.66484375 0.1069444444444446
0 0.525 0.19305555555555565 0.49609375 0.19305555555555565 0.49609375 0.2486111111111112 0.525 0.2486111111111112
0 0.57890625 0.1527777777777779 0.5578125 0.1527777777777779 0.5578125 0.1930555555555557 0.57890625 0.1930555555555557
0 0.5765625 0.1833333333333335 0.54609375 0.1833333333333335 0.54609375 0.2444444444444446 0.5765625 0.2444444444444446
0 0.64609375 0.18611111111111128 0.6171875 0.18611111111111128 0.6171875 0.24305555555555572 0.64609375 0.24305555555555572
0 0.66796875 0.1694444444444446 0.640625 0.1694444444444446 0.640625 0.22777777777777794 0.66796875 0.22777777777777794
0 0.753125 0.15972222222222238 0.728125 0.15972222222222238 0.728125 0.22777777777777794 0.753125 0.22777777777777794
0 0.70390625 0.2444444444444446 0.678125 0.2444444444444446 0.678125 0.3166666666666668 0.70390625 0.3166666666666668
0 0.778125 0.22222222222222238 0.753125 0.22222222222222238 0.753125 0.27222222222222237 0.778125 0.27222222222222237
0 0.89140625 0.3388888888888891 0.8640625 0.3388888888888891 0.8640625 0.40277777777777796 0.89140625 0.40277777777777796
0 0.775 0.26388888888888906 0.74140625 0.26388888888888906 0.74140625 0.33750000000000013 0.775 0.33750000000000013
0 0.51171875 0.14722222222222234 0.4890625 0.14722222222222234 0.4890625 0.20277777777777786 0.51171875 0.20277777777777786
