0 0.23515625 0.30277777777777787 0.18984375 0.30277777777777787 0.18984375000000003 0.3902777777777778 0.23515625 0.3902777777777778
0 0.2828125 0.27777777777777785 0.2421875 0.27777777777777785 0.2421875 0.38472222222222224 0.2828125 0.38472222222222224
0 0.34453125 0.2458333333333334 0.3046875 0.2458333333333334 0.3046875 0.3236111111111112 0.34453125 0.3236111111111112
0 0.32578125 0.3638888888888889 0.28671875 0.3638888888888889 0.28671875 0.44305555555555554 0.32578125 0.44305555555555554
0 0.39296875 0.301388888888889 0.353125 0.301388888888889 0.353125 0.3861111111111112 0.39296875 0.3861111111111113
0 0.44609375 0.13333333333333341 0.4078125 0.13333333333333341 0.4078125 0.2347222222222223 0.44609375 0.2347222222222223
0 0.478125 0.151388888888889 0.44375 0.15138888888888896 0.44375 0.21388888888888896 0.478125 0.21388888888888896
0 0.653125 0.036111111111111246 0.62578125 0.036111111111111246 0.62578125 0.09583333333333346 0.653125 0.09583333333333349
0 0.51796875 0.19027777777777785 0.4875 0.19027777777777785 0.4875 0.25000000000000006 0.51796875 0.25000000000000006
0 0.5703125 0.14583333333333345 0.54765625 0.14583333333333345 0.54765625 0.18888888888888905 0.5703125 0.18888888888888905
0 0.56875 0.1777777777777779 0.53671875 0.17777777777777787 0.53671875 0.24166666666666678 0.56875 0.24166666666666684
0 0.6390625 0.17361111111111124 0.6078125 0.17361111111111122 0.6078125 0.2333333333333335 0.6390625 0.2333333333333335
0 0.66015625 0.1541666666666668 0.63125 0.15416666666666679 0.63125 0.21527777777777793 0.66015625 0.21527777777777793
0 0.7453125 0.13750000000000015 0.71875 0.13750000000000015 0.71875 0.2069444444444446 0.7453125 0.2069444444444446
0 0.6984375 0.22500000000000014 0.6703125 0.22500000000000014 0.6703125 0.30000000000000016 0.6984375 0.30000000000000016
0 0.77109375 0.19722222222222238 0.74453125 0.19722222222222238 0.74453125 0.24861111111111128 0.77109375 0.24861111111111128
0 0.88828125 0.3027777777777779 0.859375 0.3027777777777779 0.859375 0.3694444444444446 0.88828125 0.3694444444444446
0 0.7703125 0.23888888888888904 0.734375 0.23888888888888904 0.734375 0.31527777777777793 0.7703125 0.31527777777777793
0 0.503125 0.14583333333333345 0.47890625 0.14583333333333345 0.47890625 0.20416666666666675 0.503125 0.20416666666666675
