0 0.2671875 0.17916666666666675 0.21640625 0.17916666666666675 0.21640625 0.27638888888888896 0.2671875 0.27638888888888896
0 0.31640625 0.17638888888888896 0.26796875 0.17638888888888893 0.26796875 0.29166666666666674 0.31640625 0.29166666666666674
0 0.38203125 0.1722222222222223 0.33671875 0.1722222222222223 0.33671875 0.2583333333333334 0.38203125 0.2583333333333334
0 0.34609375 0.24444444444444452 0.3015625 0.24444444444444452 0.3015625 0.33194444444444454 0.34609375 0.33194444444444454
0 0.42265625 0.2583333333333334 0.37734375 0.2583333333333334 0.37734375 0.3500000000000001 0.42265625 0.3500000000000001
0 0.49453125 0.10694444444444454 0.44921875 0.10694444444444452 0.44921875 0.21527777777777785 0.49453125 0.21527777777777785
0 0.52421875 0.1402777777777779 0.4859375 0.1402777777777779 0.4859375 0.2097222222222223 0.52421875 0.2097222222222223
0 0.5546875 0.20416666666666677 0.5203125 0.20416666666666675 0.5203125 0.26944444444444454 0.5546875 0.2694444444444446
0 0.615625 0.17916666666666684 0.58984375 0.17916666666666684 0.58984375 0.22638888888888906 0.615625 0.22638888888888906
0 0.609375 0.2055555555555557 0.57265625 0.2055555555555557 0.57265625 0.2763888888888891 0.609375 0.2763888888888891
0 0.68359375 0.23611111111111127 0.64921875 0.23611111111111127 0.64921875 0.3097222222222224 0.68359375 0.3097222222222224
0 0.7859375 0.24305555555555572 0.75390625 0.24305555555555572 0.75390625 0.3180555555555557 0.7859375 0.3180555555555557
0 0.728125 0.3083333333333335 0.69453125 0.3083333333333335 0.69453125 0.38888888888888906 0.728125 0.38888888888888906
0 0.80625 0.3236111111111113 0.77578125 0.3236111111111113 0.77578125 0.3805555555555557 0.80625 0.3805555555555557
0 0.9015625 0.46527777777777796 0.86796875 0.46527777777777796 0.86796875 0.5375000000000002 0.9015625 0.5375000000000002
0 0.81015625 0.3652777777777779 0.76875 0.3652777777777779 0.76875 0.4486111111111113 0.81015625 0.4486111111111113
0 0.54921875 0.1500000000000001 0.52109375 0.1500000000000001 0.52109375 0.2125000000000001 0.54921875 0.21250000000000016
0 0.7375 0.22777777777777794 0.70703125 0.22777777777777794 0.70703125 0.29305555555555574 0.7375 0.29305555555555574
