0 0.23828125 0.27777777777777785 0.19609375 0.27777777777777785 0.19609375 0.3611111111111111 0.23828125 0.3611111111111111
0 0.2859375 0.25694444444444453 0.2484375 0.25694444444444453 0.2484375 0.3611111111111111 0.2859375 0.3611111111111111
0 0.35 0.23055555555555562 0.3125 0.23055555555555562 0.3125 0.30555555555555564 0.35 0.30555555555555564
0 0.32265625 0.313888888888889 0.28515625 0.313888888888889 0.28515625 0.3902777777777778 0.32265625 0.3902777777777778
0 0.39921875 0.301388888888889 0.36171875 0.301388888888889 0.36171875 0.38194444444444453 0.39921875 0.3819444444444446
0 0.45390625 0.12777777777777788 0.41796875 0.12777777777777785 0.41796875 0.22638888888888897 0.45390625 0.22638888888888897
0 0.48671875 0.14861111111111122 0.45390625 0.14861111111111122 0.45390625 0.20833333333333343 0.48671875 0.20833333333333343
0 0.52265625 0.20138888888888898 0.49375 0.20138888888888898 0.49375 0.25694444444444453 0.52265625 0.25694444444444453
0 0.57890625 0.1527777777777779 0.5578125 0.1527777777777779 0.5578125 0.1930555555555557 0.57890625 0.1930555555555557
0 0.5765625 0.1833333333333335 0.54609375 0.1833333333333335 0.54609375 0.2444444444444446 0.5765625 0.2444444444444446
0 0.65234375 0.18750000000000017 0.62421875 0.18750000000000017 0.62421875 0.25277777777777793 0.65234375 0.25277777777777793
0 0.753125 0.15972222222222238 0.728125 0.15972222222222238 0.728125 0.22777777777777794 0.753125 0.22777777777777794
0 0.70390625 0.2444444444444446 0.678125 0.2444444444444446 0.678125 0.3166666666666668 0.70390625 0.3166666666666668
0 0.78203125 0.2305555555555557 0.75703125 0.2305555555555557 0.75703125 0.2805555555555557 0.78203125 0.2805555555555557
0 0.89140625 0.3388888888888891 0.8640625 0.3388888888888891 0.8640625 0.40277777777777796 0.89140625 0.40277777777777796
0 0.79140625 0.27361111111111125 0.75703125 0.27361111111111125 0.75703125 0.3472222222222224 0.79140625 0.3472222222222224
0 0.51171875 0.14722222222222234 0.4890625 0.14722222222222234 0.4890625 0.20277777777777786 0.51171875 0.20277777777777786
0 0.7046875 0.16111111111111126 0.6796875 0.16111111111111126 0.6796875 0.21805555555555572 0.7046875 0.21805555555555572
