0 0.23906250000000004 0.6388888888888888 0.19609375000000004 0.6388888888888888 0.19609375000000004 0.7222222222222222 0.2390625000000001 0.7222222222222222
0 0.28671875 0.6388888888888888 0.24921875 0.6388888888888888 0.24921875000000004 0.7430555555555556 0.2867187500000001 0.7430555555555556
0 0.3500000000000001 0.6958333333333333 0.3125000000000001 0.6958333333333333 0.3125000000000001 0.7694444444444445 0.3500000000000001 0.7694444444444445
0 0.32265625000000003 0.6097222222222223 0.2859375 0.6097222222222223 0.28593750000000007 0.6861111111111111 0.3226562500000001 0.6861111111111111
0 0.39921875000000007 0.6180555555555556 0.36171875 0.6180555555555556 0.36171875000000003 0.6986111111111112 0.39921875000000007 0.6986111111111113
0 0.45390625 0.7736111111111111 0.41796875 0.7736111111111111 0.41796875 0.8722222222222222 0.45390625 0.8722222222222222
0 0.48671875 0.7916666666666666 0.45390625 0.7916666666666666 0.45390625 0.8513888888888889 0.48671875 0.8513888888888889
0 0.52265625 0.7430555555555556 0.49375 0.7430555555555556 0.49375 0.8 0.52265625 0.8
0 0.57890625 0.8069444444444445 0.5578125 0.8069444444444445 0.5578125 0.8486111111111111 0.57890625 0.8486111111111111
0 0.5765625 0.7555555555555555 0.54609375 0.7555555555555555 0.54609375 0.8166666666666667 0.5765625 0.8166666666666667
0 0.653125 0.7472222222222222 0.625 0.7472222222222222 0.625 0.8125 0.653125 0.8125
0 0.75390625 0.7736111111111115 0.72890625 0.7736111111111115 0.72890625 0.8402777777777781 0.75390625 0.8402777777777781
0 0.7046875 0.6847222222222223 0.678125 0.6847222222222223 0.678125 0.7569444444444444 0.7046875 0.7569444444444444
0 0.78203125 0.7194444444444448 0.75703125 0.7194444444444448 0.75703125 0.7694444444444447 0.78203125 0.7694444444444447
0 0.89140625 0.5972222222222224 0.8640625 0.5972222222222224 0.8640625 0.6611111111111113 0.89140625 0.6611111111111113
0 0.79140625 0.6527777777777779 0.7578125 0.6527777777777779 0.7578125 0.7263888888888892 0.79140625 0.7263888888888892
0 0.51171875 0.7972222222222223 0.4890625 0.7972222222222223 0.4890625 0.8527777777777777 0.51171875 0.8527777777777777
0 0.7046875 0.7819444444444444 0.6796875 0.7819444444444444 0.6796875 0.8402777777777778 0.7046875 0.8402777777777778
