0 0.246875 0.2958333333333334 0.20234375 0.2958333333333334 0.20234375 0.3819444444444444 0.246875 0.3819444444444444
0 0.27578125 0.2805555555555556 0.240625 0.2805555555555556 0.240625 0.37777777777777777 0.27578125 0.37777777777777777
0 0.35234375 0.24305555555555564 0.31328125 0.24305555555555564 0.31328125 0.31944444444444453 0.35234375 0.31944444444444453
0 0.3203125 0.32500000000000007 0.28203125 0.32500000000000007 0.28203125 0.4041666666666667 0.3203125 0.4041666666666667
0 0.3921875 0.2972222222222223 0.353125 0.2972222222222223 0.353125 0.38055555555555565 0.3921875 0.3805555555555557
0 0.4484375 0.13194444444444453 0.4109375 0.13194444444444453 0.4109375 0.23194444444444454 0.4484375 0.23194444444444454
0 0.48046875 0.151388888888889 0.446875 0.15138888888888896 0.446875 0.21250000000000008 0.48046875 0.21250000000000008
0 0.51484375 0.20138888888888898 0.48515625 0.20138888888888898 0.48515625 0.2597222222222223 0.51484375 0.2597222222222223
0 0.57265625 0.14722222222222234 0.55078125 0.14722222222222234 0.55078125 0.19027777777777793 0.57265625 0.19027777777777793
0 0.571875 0.17916666666666678 0.53984375 0.17916666666666675 0.53984375 0.24166666666666678 0.571875 0.24166666666666684
0 0.6578125 0.17638888888888904 0.60859375 0.176388888888889 0.60859375 0.3069444444444446 0.6578125 0.3069444444444446
0 0.75234375 0.15138888888888904 0.72578125 0.15138888888888904 0.72578125 0.2194444444444446 0.75234375 0.2194444444444446
0 0.7 0.2319444444444446 0.67265625 0.2319444444444446 0.67265625 0.3055555555555557 0.7 0.3055555555555557
0 0.77734375 0.21388888888888904 0.7515625 0.21388888888888904 0.7515625 0.27777777777777796 0.77734375 0.27777777777777796
0 0.8890625 0.31527777777777793 0.8609375 0.31527777777777793 0.8609375 0.3805555555555557 0.8890625 0.3805555555555557
0 0.79765625 0.27361111111111125 0.7625 0.27361111111111125 0.7625 0.34861111111111126 0.79765625 0.34861111111111126
0 0.50625 0.14722222222222234 0.48203125 0.14722222222222234 0.48203125 0.20416666666666675 0.50625 0.20416666666666675
0 0.696875 0.16388888888888906 0.67109375 0.16388888888888906 0.67109375 0.22361111111111126 0.696875 0.22361111111111126
