0 0.24921875 0.27916666666666673 0.20625 0.27916666666666673 0.20625 0.3625 0.24921875 0.3625
0 0.27890625 0.2666666666666667 0.2453125 0.2666666666666667 0.2453125 0.3625 0.27890625 0.3625
0 0.35546875 0.2361111111111112 0.31640625 0.2361111111111112 0.31640625 0.32638888888888895 0.35546875 0.32638888888888895
0 0.37421875 0.30416666666666675 0.340625 0.30416666666666675 0.340625 0.3777777777777779 0.37421875 0.37777777777777793
0 0.4484375 0.14444444444444451 0.4140625 0.14444444444444451 0.4140625 0.21666666666666676 0.4484375 0.21666666666666676
0 0.51953125 0.20277777777777786 0.490625 0.20277777777777786 0.490625 0.2597222222222223 0.51953125 0.2597222222222223
0 0.57890625 0.1527777777777779 0.5578125 0.1527777777777779 0.5578125 0.1930555555555557 0.57890625 0.1930555555555557
0 0.5765625 0.1833333333333335 0.54609375 0.1833333333333335 0.54609375 0.2444444444444446 0.5765625 0.2444444444444446
0 0.64609375 0.1819444444444446 0.6125 0.1819444444444446 0.6125 0.25833333333333347 0.64609375 0.25833333333333347
0 0.75390625 0.16250000000000014 0.7296875 0.16250000000000014 0.7296875 0.22916666666666682 0.75390625 0.22916666666666682
0 0.6703125 0.22361111111111126 0.64375 0.22361111111111126 0.64375 0.2958333333333335 0.6703125 0.2958333333333335
0 0.78125 0.2319444444444446 0.75703125 0.2319444444444446 0.75703125 0.29305555555555574 0.78125 0.29305555555555574
0 0.89140625 0.3388888888888891 0.8640625 0.3388888888888891 0.8640625 0.40277777777777796 0.89140625 0.40277777777777796
0 0.8 0.29166666666666685 0.76640625 0.29166666666666685 0.76640625 0.3652777777777779 0.8 0.3652777777777779
0 0.51171875 0.14722222222222234 0.4890625 0.14722222222222234 0.4890625 0.20277777777777786 0.51171875 0.20277777777777786
0 0.7015625 0.17638888888888904 0.6765625 0.17638888888888904 0.6765625 0.2333333333333335 0.7015625 0.2333333333333335
0 0.4828125 0.14444444444444454 0.45078125 0.14444444444444451 0.45078125 0.2458333333333334 0.4828125 0.2458333333333334
0 0.74765625 0.06250000000000015 0.72109375 0.06250000000000015 0.72109375 0.12083333333333349 0.74765625 0.12083333333333349
