0 0.78515625 0.23611111111111127 0.73828125 0.23611111111111127 0.73828125 0.32638888888888906 0.78515625 0.32638888888888906
0 0.7421875 0.22361111111111126 0.70390625 0.22361111111111126 0.70390625 0.3236111111111113 0.7421875 0.3236111111111113
0 0.67421875 0.2097222222222224 0.63125 0.2097222222222224 0.63125 0.3055555555555557 0.67421875 0.3055555555555557
0 0.65625 0.2819444444444446 0.61875 0.2819444444444446 0.61875 0.36111111111111127 0.65625 0.36111111111111127
0 0.571875 0.13333333333333344 0.53046875 0.13333333333333344 0.53046875 0.21388888888888902 0.571875 0.21388888888888904
0 0.490625 0.20000000000000007 0.459375 0.20000000000000007 0.459375 0.2611111111111112 0.490625 0.2611111111111112
0 0.41484375 0.18055555555555564 0.39453125 0.18055555555555564 0.39453125 0.21944444444444453 0.41484375 0.21944444444444453
0 0.4421875 0.19305555555555565 0.40859375 0.19305555555555565 0.40859375 0.2583333333333334 0.4421875 0.2583333333333334
0 0.3734375 0.20138888888888898 0.33515625 0.20138888888888898 0.33515625 0.28333333333333344 0.3734375 0.28333333333333344
0 0.25859375 0.20000000000000007 0.23046875 0.20000000000000007 0.23046875 0.2708333333333334 0.25859375 0.2708333333333334
0 0.346875 0.2472222222222223 0.3171875 0.2472222222222223 0.3171875 0.3236111111111112 0.346875 0.3236111111111112
0 0.234375 0.2722222222222223 0.20703125 0.2722222222222223 0.20703125 0.3375000000000001 0.234375 0.3375000000000001
0 0.13281250000000006 0.3958333333333333 0.10234375000000004 0.3958333333333333 0.10234375000000004 0.4638888888888889 0.13281250000000006 0.4638888888888889
0 0.228125 0.3347222222222223 0.19062500000000004 0.3347222222222223 0.19062500000000004 0.4125 0.228125 0.4125
0 0.496875 0.14722222222222234 0.47109375 0.14722222222222234 0.47109375 0.20555555555555563 0.496875 0.20555555555555563
0 0.3109375 0.20555555555555563 0.28359375 0.20555555555555563 0.28359375 0.2666666666666667 0.3109375 0.2666666666666667
0 0.53515625 0.138888888888889 0.4984375 0.138888888888889 0.4984375 0.2111111111111112 0.53515625 0.2111111111111112
0 0.20546875 0.19027777777777782 0.16875 0.19027777777777777 0.16875 0.2680555555555556 0.20546875 0.26805555555555566
0 0.15546875 0.19305555555555556 0.1203125 0.19305555555555556 0.1203125 0.2569444444444444 0.15546875 0.2569444444444444
