0 0.25 0.27916666666666673 0.20703125 0.27916666666666673 0.20703125 0.3638888888888889 0.25 0.3638888888888889
0 0.28359375 0.2611111111111112 0.25 0.2611111111111112 0.25 0.35694444444444445 0.28359375 0.35694444444444445
0 0.35546875 0.2361111111111112 0.31640625 0.2361111111111112 0.31640625 0.32638888888888895 0.35546875 0.32638888888888895
0 0.371875 0.30555555555555564 0.3375 0.30555555555555564 0.3375 0.37916666666666676 0.371875 0.3791666666666668
0 0.45234375 0.14444444444444451 0.4140625 0.14444444444444451 0.4140625 0.21944444444444453 0.45234375 0.21944444444444453
0 0.5265625 0.19861111111111118 0.49765625 0.19861111111111118 0.49765625 0.25555555555555565 0.5265625 0.25555555555555565
0 0.5890625 0.16805555555555568 0.57109375 0.16805555555555568 0.57109375 0.20416666666666683 0.5890625 0.20416666666666683
0 0.5765625 0.1833333333333335 0.54609375 0.1833333333333335 0.54609375 0.2444444444444446 0.5765625 0.2444444444444446
0 0.64921875 0.1819444444444446 0.61484375 0.1819444444444446 0.61484375 0.25833333333333347 0.64921875 0.25833333333333347
0 0.75390625 0.16250000000000014 0.7296875 0.16250000000000014 0.7296875 0.22916666666666682 0.75390625 0.22916666666666682
0 0.6703125 0.22361111111111126 0.64375 0.22361111111111126 0.64375 0.2958333333333335 0.6703125 0.2958333333333335
0 0.78125 0.2319444444444446 0.75703125 0.2319444444444446 0.75703125 0.29305555555555574 0.78125 0.29305555555555574
0 0.89140625 0.3388888888888891 0.8640625 0.3388888888888891 0.8640625 0.40277777777777796 0.89140625 0.40277777777777796
0 0.8 0.29166666666666685 0.76640625 0.29166666666666685 0.76640625 0.3652777777777779 0.8 0.3652777777777779
0 0.51171875 0.14722222222222234 0.4890625 0.14722222222222234 0.4890625 0.20277777777777786 0.51171875 0.20277777777777786
0 0.7015625 0.17638888888888904 0.6765625 0.17638888888888904 0.6765625 0.2333333333333335 0.7015625 0.2333333333333335
0 0.484375 0.14444444444444454 0.45078125 0.14444444444444451 0.45078125 0.21250000000000008 0.484375 0.21250000000000008
0 0.815625 0.1444444444444446 0.78203125 0.1444444444444446 0.78203125 0.21805555555555572 0.815625 0.21805555555555572
0 0.86328125 0.14027777777777797 0.83125 0.14027777777777797 0.83125 0.20000000000000015 0.86328125 0.20000000000000015
