0 0.2453125 0.31111111111111117 0.19921875 0.31111111111111117 0.19921875000000003 0.4 0.2453125 0.4
0 0.27890625 0.288888888888889 0.24140625 0.288888888888889 0.24140625 0.3888888888888889 0.27890625 0.3888888888888889
0 0.34921875 0.25555555555555565 0.30703125 0.25555555555555565 0.30703125 0.351388888888889 0.34921875 0.351388888888889
0 0.3671875 0.3222222222222223 0.33046875 0.3222222222222223 0.33046875 0.4000000000000001 0.3671875 0.40000000000000013
0 0.44140625 0.15138888888888896 0.40078125 0.15138888888888896 0.40078125 0.23055555555555562 0.44140625 0.23055555555555562
0 0.5171875 0.1972222222222223 0.4859375 0.1972222222222223 0.4859375 0.25694444444444453 0.5171875 0.25694444444444453
0 0.57734375 0.15694444444444455 0.5578125 0.15694444444444455 0.5578125 0.1958333333333335 0.57734375 0.1958333333333335
0 0.56640625 0.17500000000000013 0.53359375 0.17500000000000013 0.53359375 0.2402777777777779 0.56640625 0.24027777777777792
0 0.63984375 0.16388888888888903 0.60234375 0.163888888888889 0.60234375 0.2444444444444446 0.63984375 0.2444444444444446
0 0.74296875 0.13194444444444461 0.715625 0.13194444444444461 0.715625 0.20138888888888903 0.74296875 0.20138888888888903
0 0.66171875 0.20416666666666683 0.6328125 0.20416666666666683 0.6328125 0.27916666666666684 0.66171875 0.27916666666666684
0 0.77265625 0.19722222222222238 0.74609375 0.19722222222222238 0.74609375 0.2625000000000002 0.77265625 0.2625000000000002
0 0.88671875 0.29166666666666685 0.85703125 0.29166666666666685 0.85703125 0.3583333333333335 0.88671875 0.3583333333333335
0 0.79453125 0.2555555555555557 0.7578125 0.2555555555555557 0.7578125 0.3333333333333335 0.79453125 0.3333333333333335
0 0.5 0.14722222222222234 0.475 0.14722222222222234 0.475 0.20555555555555563 0.5 0.20555555555555563
0 0.69140625 0.15138888888888904 0.6640625 0.15138888888888904 0.6640625 0.21250000000000016 0.69140625 0.21250000000000016
0 0.4734375 0.14861111111111122 0.43671875 0.1486111111111112 0.43671875 0.21944444444444453 0.4734375 0.21944444444444453
0 0.80390625 0.1069444444444446 0.76796875 0.1069444444444446 0.76796875 0.18472222222222237 0.80390625 0.18472222222222237
0 0.85078125 0.09583333333333353 0.81640625 0.09583333333333353 0.81640625 0.15972222222222243 0.85078125 0.15972222222222243
