0 0.23984375 0.5166666666666667 0.18750000000000006 0.5166666666666667 0.18750000000000006 0.6152777777777778 0.23984375 0.6152777777777778
0 0.27109375 0.5388888888888889 0.2265625 0.5388888888888889 0.22656250000000006 0.6458333333333334 0.2710937500000001 0.6458333333333334
0 0.3375 0.5958333333333333 0.28828125 0.5958333333333333 0.28828125000000004 0.7 0.3375000000000001 0.7
0 0.36015625 0.5527777777777778 0.31796875 0.5527777777777778 0.31796875 0.6388888888888888 0.36015625 0.6388888888888888
0 0.41796875 0.7402777777777778 0.37187500000000007 0.7402777777777778 0.37187500000000007 0.8277777777777777 0.41796875 0.8277777777777777
0 0.49453125 0.7375 0.459375 0.7375 0.459375 0.8041666666666667 0.49453125 0.8041666666666667
0 0.55 0.8166666666666667 0.52734375 0.8166666666666667 0.52734375 0.8597222222222223 0.55 0.8597222222222223
0 0.5421875 0.7666666666666667 0.5046875 0.7666666666666667 0.5046875 0.8388888888888889 0.5421875 0.8388888888888889
0 0.61484375 0.7819444444444444 0.571875 0.7819444444444444 0.571875 0.8694444444444445 0.61484375 0.8694444444444445
0 0.7140625 0.8555555555555555 0.68125 0.8555555555555555 0.68125 0.9305555555555556 0.7140625 0.9305555555555556
0 0.63984375 0.7569444444444444 0.60546875 0.7569444444444444 0.60546875 0.8375 0.63984375 0.8375
0 0.7484375 0.8041666666666668 0.71640625 0.8041666666666667 0.71640625 0.8736111111111112 0.7484375 0.8736111111111114
0 0.86875 0.7402777777777781 0.834375 0.7402777777777781 0.834375 0.8138888888888892 0.86875 0.8138888888888892
0 0.77578125 0.7388888888888892 0.73359375 0.7388888888888892 0.73359375 0.8236111111111114 0.77578125 0.8236111111111114
0 0.4734375 0.7847222222222222 0.44453125 0.7847222222222222 0.44453125 0.8486111111111111 0.4734375 0.8486111111111111
0 0.66328125 0.8305555555555556 0.63203125 0.8305555555555556 0.63203125 0.8972222222222223 0.66328125 0.8972222222222223
0 0.4484375 0.7611111111111111 0.40703125 0.7611111111111111 0.40703125 0.8402777777777778 0.4484375 0.8402777777777778
0 0.771875 0.8875000000000003 0.7296875 0.8875000000000003 0.7296875 0.9722222222222225 0.771875 0.9722222222222225
0 0.81640625 0.9250000000000003 0.77734375 0.9250000000000003 0.77734375 0.9958333333333337 0.81640625 0.9958333333333337
