0 0.81328125 0.3527777777777779 0.7671875 0.3527777777777779 0.7671875 0.4305555555555557 0.81328125 0.4305555555555557
0 0.75234375 0.28750000000000014 0.7109375 0.28750000000000014 0.7109375 0.36250000000000016 0.75234375 0.36250000000000016
0 0.68671875 0.2763888888888891 0.6453125 0.2763888888888891 0.6453125 0.35555555555555574 0.68671875 0.35555555555555574
0 0.71796875 0.3680555555555557 0.67265625 0.3680555555555557 0.67265625 0.4555555555555557 0.71796875 0.4555555555555557
0 0.64765625 0.33750000000000013 0.6078125 0.33750000000000013 0.6078125 0.4152777777777779 0.64765625 0.4152777777777779
0 0.58828125 0.39722222222222237 0.52890625 0.39722222222222237 0.52890625 0.5041666666666669 0.58828125 0.5041666666666669
0 0.6046875 0.13750000000000012 0.575 0.13750000000000012 0.575 0.19722222222222238 0.6046875 0.19722222222222238
0 0.54140625 0.14583333333333345 0.5234375 0.14583333333333345 0.5234375 0.18055555555555564 0.54140625 0.18055555555555564
0 0.55 0.17222222222222233 0.525 0.17222222222222233 0.525 0.22361111111111123 0.55 0.22361111111111126
0 0.51796875 0.14305555555555569 0.48984375 0.14305555555555569 0.48984375 0.20416666666666675 0.51796875 0.20416666666666675
0 0.51171875 0.18750000000000008 0.48671875 0.18750000000000008 0.48671875 0.24444444444444452 0.51171875 0.24444444444444452
0 0.50078125 0.13055555555555567 0.48125 0.13055555555555567 0.48125 0.17777777777777787 0.50078125 0.17777777777777787
0 0.45390625 0.14444444444444454 0.43046875 0.14444444444444451 0.43046875 0.18888888888888897 0.45390625 0.18888888888888897
0 0.4578125 0.1750000000000001 0.42421875 0.17500000000000007 0.42421875 0.24027777777777787 0.4578125 0.24027777777777787
0 0.41953125 0.19027777777777785 0.3875 0.19027777777777785 0.3875 0.251388888888889 0.41953125 0.251388888888889
0 0.3953125 0.12777777777777785 0.37109375 0.12777777777777785 0.37109375 0.17638888888888896 0.3953125 0.17638888888888896
0 0.35390625 0.11250000000000007 0.3296875 0.11250000000000007 0.3296875 0.1583333333333334 0.35390625 0.1583333333333334
0 0.3796875 0.2222222222222223 0.34453125 0.2222222222222223 0.34453125 0.2958333333333334 0.3796875 0.2958333333333334
0 0.35859375 0.16388888888888897 0.33359375 0.16388888888888897 0.33359375 0.21666666666666676 0.35859375 0.21666666666666676
0 0.33203125 0.14444444444444451 0.30546875 0.14444444444444451 0.30546875 0.20555555555555563 0.33203125 0.20555555555555563
0 0.271875 0.14166666666666672 0.25078125 0.14166666666666672 0.25078125 0.20000000000000007 0.271875 0.20000000000000007
0 0.334375 0.20277777777777786 0.3046875 0.20277777777777786 0.3046875 0.27916666666666673 0.334375 0.27916666666666673
0 0.28125 0.2111111111111112 0.2515625 0.2111111111111112 0.2515625 0.2708333333333334 0.28125 0.2708333333333334
0 0.2328125 0.20416666666666675 0.20859375 0.20416666666666675 0.20859375 0.2486111111111112 0.2328125 0.2486111111111112
0 0.21640625 0.24305555555555564 0.19140625 0.24305555555555564 0.19140625 0.2986111111111112 0.21640625 0.2986111111111112
0 0.24375 0.2736111111111112 0.2140625 0.2736111111111112 0.2140625 0.34166666666666673 0.24375 0.34166666666666673
0 0.196875 0.20972222222222225 0.17265625 0.20972222222222223 0.17265625 0.2666666666666667 0.196875 0.2666666666666667
