0 0.23046875 0.5027777777777778 0.18046875000000004 0.5027777777777778 0.18046875000000004 0.5875 0.23046875 0.5875
0 0.28125000000000006 0.5833333333333334 0.2359375 0.5833333333333334 0.23593750000000005 0.6652777777777777 0.2812500000000001 0.6652777777777777
0 0.3453125 0.5888888888888889 0.3 0.5888888888888889 0.30000000000000004 0.675 0.3453125000000001 0.675
0 0.3171875 0.5180555555555556 0.27421875 0.5180555555555556 0.27421875 0.6013888888888889 0.3171875 0.6013888888888889
0 0.38125 0.55 0.34296875 0.55 0.34296875 0.6347222222222223 0.38125 0.6347222222222224
0 0.47890625 0.4972222222222224 0.42265625 0.4972222222222224 0.42265625 0.6055555555555557 0.47890625 0.6055555555555557
0 0.40546875 0.7791666666666667 0.3726562500000001 0.7791666666666667 0.3726562500000001 0.8430555555555556 0.40546875 0.8430555555555556
0 0.45546875 0.8083333333333333 0.43515625 0.8083333333333333 0.43515625 0.8472222222222222 0.45546875 0.8472222222222222
0 0.45625 0.7652777777777777 0.428125 0.7652777777777777 0.428125 0.8208333333333333 0.45625 0.8208333333333333
0 0.490625 0.7916666666666666 0.45859375 0.7916666666666666 0.45859375 0.8569444444444444 0.490625 0.8569444444444444
0 0.50859375 0.7347222222222223 0.48046875 0.7347222222222223 0.48046875 0.7958333333333333 0.50859375 0.7958333333333333
0 0.4953125 0.8277777777777777 0.47265625 0.8277777777777777 0.47265625 0.8722222222222222 0.4953125 0.8722222222222222
0 0.54765625 0.8208333333333333 0.521875 0.8208333333333333 0.521875 0.8694444444444445 0.54765625 0.8694444444444445
0 0.55703125 0.7680555555555556 0.5203125 0.7680555555555556 0.5203125 0.8388888888888889 0.55703125 0.8388888888888889
0 0.5953125 0.7652777777777777 0.559375 0.7652777777777777 0.559375 0.8319444444444445 0.5953125 0.8319444444444445
0 0.60625 0.8430555555555556 0.5796875 0.8430555555555556 0.5796875 0.8958333333333334 0.60625 0.8958333333333334
0 0.6453125 0.8722222222222222 0.61875 0.8722222222222222 0.61875 0.9222222222222223 0.6453125 0.9222222222222223
0 0.634375 0.7375 0.60078125 0.7375 0.60078125 0.8083333333333333 0.634375 0.8083333333333333
0 0.64609375 0.8125 0.61796875 0.8125 0.61796875 0.8680555555555556 0.64609375 0.8680555555555556
0 0.6734375 0.8291666666666667 0.64375 0.8291666666666667 0.64375 0.8944444444444445 0.6734375 0.8944444444444445
0 0.71875 0.8541666666666666 0.69453125 0.8541666666666666 0.69453125 0.9152777777777777 0.71875 0.9152777777777777
0 0.68125 0.7486111111111111 0.646875 0.7486111111111111 0.646875 0.8291666666666667 0.68125 0.8291666666666667
0 0.73046875 0.776388888888889 0.69765625 0.7763888888888889 0.69765625 0.8402777777777779 0.73046875 0.8402777777777781
0 0.771875 0.8097222222222226 0.7453125 0.8097222222222226 0.7453125 0.8583333333333336 0.771875 0.8583333333333336
0 0.79296875 0.7625000000000003 0.76484375 0.7625000000000003 0.76484375 0.8222222222222225 0.79296875 0.8222222222222225
0 0.7859375 0.7194444444444448 0.75234375 0.7194444444444448 0.75234375 0.791666666666667 0.7859375 0.791666666666667
0 0.809375 0.7986111111111114 0.78203125 0.7986111111111114 0.78203125 0.8583333333333336 0.809375 0.8583333333333336
