0 0.790625 0.688888888888889 0.7421875 0.688888888888889 0.7421875 0.7708333333333337 0.790625 0.7708333333333337
0 0.72265625 0.7291666666666666 0.67890625 0.7291666666666666 0.67890625 0.8083333333333333 0.72265625 0.8083333333333333
0 0.66171875 0.6944444444444446 0.61796875 0.6944444444444446 0.61796875 0.7777777777777778 0.66171875 0.7777777777777778
0 0.7 0.6444444444444446 0.65859375 0.6444444444444446 0.65859375 0.7263888888888889 0.7 0.7263888888888889
0 0.62890625 0.6333333333333335 0.5921875 0.6333333333333335 0.5921875 0.7166666666666667 0.62890625 0.7166666666666667
0 0.56328125 0.526388888888889 0.509375 0.526388888888889 0.509375 0.6319444444444446 0.56328125 0.6319444444444446
0 0.55703125 0.8305555555555556 0.52578125 0.8305555555555556 0.52578125 0.8930555555555556 0.55703125 0.8930555555555556
0 0.4953125 0.8222222222222222 0.47578125 0.8222222222222222 0.47578125 0.8597222222222223 0.4953125 0.8597222222222223
0 0.50859375 0.7833333333333333 0.48203125 0.7833333333333333 0.48203125 0.8375 0.50859375 0.8375
0 0.47421875 0.7875 0.44375 0.7875 0.44375 0.8513888888888889 0.47421875 0.8513888888888889
0 0.46640625 0.7208333333333333 0.4390625 0.7208333333333333 0.4390625 0.7805555555555556 0.46640625 0.7805555555555556
0 0.45625 0.8152777777777778 0.434375 0.8152777777777778 0.434375 0.8583333333333333 0.45625 0.8583333333333333
0 0.4109375 0.7763888888888889 0.3859375000000001 0.7763888888888889 0.3859375000000001 0.8236111111111111 0.4109375 0.8236111111111111
0 0.4203125 0.725 0.3851562500000001 0.725 0.3851562500000001 0.7944444444444444 0.4203125 0.7944444444444444
0 0.3851562500000001 0.6972222222222223 0.3507812500000001 0.6972222222222222 0.3507812500000001 0.7611111111111111 0.3851562500000001 0.7611111111111111
0 0.3515625000000001 0.7597222222222222 0.3257812500000001 0.7597222222222222 0.3257812500000001 0.8111111111111111 0.3515625000000001 0.8111111111111111
0 0.30937500000000007 0.7625 0.2835937500000001 0.7625 0.2835937500000001 0.8111111111111111 0.30937500000000007 0.8111111111111111
0 0.3515625000000001 0.6458333333333334 0.3195312500000001 0.6458333333333334 0.3195312500000001 0.7138888888888889 0.3515625000000001 0.7138888888888889
0 0.3218750000000001 0.7069444444444445 0.2953125000000001 0.7069444444444445 0.2953125000000001 0.7611111111111111 0.3218750000000001 0.7611111111111111
0 0.29375000000000007 0.7055555555555556 0.2656250000000001 0.7055555555555556 0.2656250000000001 0.7680555555555556 0.29375000000000007 0.7680555555555556
0 0.24218750000000008 0.6972222222222222 0.21875000000000008 0.6972222222222222 0.21875000000000008 0.7569444444444444 0.24218750000000008 0.7569444444444444
0 0.30468750000000006 0.6263888888888889 0.27265625 0.6263888888888889 0.27265625000000004 0.7055555555555556 0.3046875000000001 0.7055555555555556
0 0.25390625000000006 0.6208333333333333 0.22265625 0.6208333333333333 0.22265625000000006 0.6833333333333333 0.2539062500000001 0.6833333333333333
0 0.20390625000000004 0.6236111111111111 0.17890625000000004 0.6236111111111111 0.17890625000000004 0.6708333333333333 0.2039062500000001 0.6708333333333333
0 0.19531250000000006 0.5666666666666667 0.16796875000000006 0.5666666666666667 0.16796875000000006 0.625 0.19531250000000006 0.625
0 0.2140625 0.5319444444444444 0.18203125000000003 0.5319444444444444 0.18203125000000003 0.6027777777777777 0.2140625 0.6027777777777777
0 0.17109375000000004 0.5888888888888889 0.14531250000000004 0.5888888888888889 0.14531250000000004 0.6472222222222223 0.17109375000000004 0.6472222222222223
