0 0.79921875 0.30000000000000016 0.75546875 0.30000000000000016 0.75546875 0.3736111111111113 0.79921875 0.3736111111111113
0 0.76015625 0.2847222222222224 0.72109375 0.2847222222222224 0.72109375 0.3569444444444446 0.76015625 0.3569444444444446
0 0.67890625 0.2680555555555557 0.6453125 0.2680555555555557 0.6453125 0.3319444444444446 0.67890625 0.3319444444444446
0 0.75 0.38333333333333347 0.71953125 0.38333333333333347 0.71953125 0.45416666666666683 0.75 0.45416666666666683
0 0.6609375 0.32638888888888906 0.62890625 0.32638888888888906 0.62890625 0.40416666666666684 0.6609375 0.40416666666666684
0 0.5859375 0.1402777777777779 0.55390625 0.1402777777777779 0.55390625 0.22500000000000014 0.5859375 0.22500000000000014
0 0.5484375 0.1527777777777779 0.521875 0.1527777777777779 0.521875 0.20972222222222234 0.5484375 0.2097222222222224
0 0.5171875 0.14722222222222234 0.490625 0.14722222222222234 0.490625 0.20555555555555563 0.5171875 0.20555555555555563
0 0.50234375 0.1972222222222223 0.46796875 0.1972222222222223 0.46796875 0.2708333333333334 0.50234375 0.2708333333333334
0 0.43828125 0.1625000000000001 0.42265625 0.1625000000000001 0.42265625 0.20555555555555563 0.43828125 0.20555555555555563
0 0.459375 0.17638888888888898 0.43046875 0.17638888888888896 0.43046875 0.2347222222222223 0.459375 0.2347222222222223
0 0.4078125 0.17083333333333342 0.3765625 0.17083333333333342 0.3765625 0.2361111111111112 0.4078125 0.2361111111111112
0 0.340625 0.19444444444444453 0.31328125 0.19444444444444453 0.31328125 0.2583333333333334 0.340625 0.2583333333333334
0 0.3234375 0.16666666666666674 0.303125 0.16666666666666674 0.303125 0.21527777777777785 0.3234375 0.21527777777777785
0 0.28203125 0.15138888888888896 0.2625 0.15138888888888893 0.2625 0.20833333333333343 0.28203125 0.20833333333333343
0 0.2609375 0.20138888888888898 0.2328125 0.20138888888888898 0.2328125 0.2583333333333334 0.2609375 0.2583333333333334
0 0.3828125 0.03750000000000008 0.35625 0.03750000000000008 0.35625 0.09444444444444453 0.3828125 0.09444444444444453
0 0.1375 0.31805555555555554 0.1140625 0.31805555555555554 0.11406250000000002 0.37222222222222223 0.13750000000000004 0.37222222222222223
0 0.25546875 0.26388888888888895 0.22734375 0.26388888888888895 0.22734375 0.3291666666666667 0.25546875 0.3291666666666667
0 0.27421875 0.056944444444444506 0.24765625 0.056944444444444506 0.24765625 0.1194444444444445 0.27421875 0.11944444444444452
