0 0.8140625 0.5222222222222224 0.76796875 0.5222222222222224 0.76796875 0.613888888888889 0.8140625 0.613888888888889
0 0.7796875 0.5458333333333335 0.73359375 0.5458333333333335 0.73359375 0.6291666666666669 0.7796875 0.6291666666666669
0 0.7015625 0.6000000000000002 0.66171875 0.6000000000000002 0.66171875 0.6736111111111113 0.7015625 0.6736111111111113
0 0.67734375 0.5361111111111113 0.6375 0.5361111111111113 0.6375 0.6222222222222223 0.67734375 0.6222222222222223
0 0.62578125 0.7583333333333333 0.59296875 0.7583333333333333 0.59296875 0.8305555555555556 0.62578125 0.8305555555555556
0 0.5984375 0.7333333333333333 0.559375 0.7333333333333333 0.559375 0.8138888888888889 0.5984375 0.8138888888888889
0 0.5578125 0.7833333333333333 0.525 0.7833333333333333 0.525 0.85 0.5578125 0.85
0 0.47890625 0.8111111111111111 0.45859375 0.8111111111111111 0.45859375 0.8597222222222223 0.47890625 0.8597222222222223
0 0.49765625 0.7763888888888889 0.46328125 0.7763888888888889 0.46328125 0.8430555555555556 0.49765625 0.8430555555555556
0 0.45 0.7722222222222223 0.4125 0.7722222222222223 0.4125 0.8472222222222222 0.45 0.8472222222222222
0 0.35234375000000007 0.7444444444444445 0.3187500000000001 0.7444444444444445 0.3187500000000001 0.8152777777777778 0.35234375000000007 0.8152777777777778
0 0.3687500000000001 0.8430555555555556 0.3437500000000001 0.8430555555555556 0.3437500000000001 0.8972222222222223 0.3687500000000001 0.8972222222222223
0 0.3242187500000001 0.8666666666666667 0.2984375000000001 0.8666666666666667 0.2984375000000001 0.9291666666666667 0.3242187500000001 0.9291666666666667
0 0.3007812500000001 0.825 0.2671875000000001 0.825 0.2671875000000001 0.8902777777777777 0.3007812500000001 0.8902777777777777
0 0.4453125 0.9277777777777778 0.4 0.9277777777777778 0.4 1 0.4453125 1
0 0.16640625000000003 0.7597222222222222 0.13750000000000004 0.7597222222222222 0.13750000000000004 0.8208333333333333 0.16640625000000003 0.8208333333333333
0 0.2882812500000001 0.7597222222222222 0.2539062500000001 0.7597222222222222 0.2539062500000001 0.8333333333333334 0.2882812500000001 0.8333333333333334
0 0.41484375 0.7888888888888889 0.3820312500000001 0.7888888888888889 0.3820312500000001 0.8583333333333333 0.41484375 0.8583333333333333
