0 0.7828125 0.22638888888888906 0.74296875 0.22638888888888906 0.74296875 0.3097222222222224 0.7828125 0.3097222222222224
0 0.74765625 0.2319444444444446 0.70625 0.2319444444444446 0.70625 0.3069444444444446 0.74765625 0.3069444444444446
0 0.66484375 0.2333333333333335 0.6296875 0.2333333333333335 0.6296875 0.30000000000000016 0.66484375 0.30000000000000016
0 0.65234375 0.2944444444444446 0.61796875 0.2944444444444446 0.61796875 0.37500000000000017 0.65234375 0.37500000000000017
0 0.56328125 0.126388888888889 0.53515625 0.126388888888889 0.53515625 0.19305555555555567 0.56328125 0.1930555555555557
0 0.54140625 0.15972222222222235 0.50703125 0.15972222222222235 0.50703125 0.23333333333333342 0.54140625 0.23333333333333342
0 0.4953125 0.14722222222222234 0.4671875 0.14722222222222234 0.4671875 0.20833333333333343 0.4953125 0.20833333333333343
0 0.4171875 0.17916666666666675 0.4 0.17916666666666675 0.4 0.22361111111111118 0.4171875 0.22361111111111118
0 0.43984375 0.18888888888888897 0.409375 0.18888888888888897 0.409375 0.25000000000000006 0.43984375 0.25000000000000006
0 0.39453125 0.21388888888888896 0.36171875 0.21388888888888896 0.36171875 0.2819444444444445 0.39453125 0.2819444444444445
0 0.3078125 0.2986111111111112 0.27890625 0.2986111111111112 0.27890625 0.3638888888888889 0.3078125 0.3638888888888889
0 0.30703125 0.20833333333333343 0.28515625 0.20833333333333343 0.28515625 0.2583333333333334 0.30703125 0.2583333333333334
0 0.259375 0.20416666666666675 0.23828125 0.20416666666666675 0.23828125 0.26250000000000007 0.259375 0.26250000000000007
0 0.24453125 0.25694444444444453 0.21484375 0.25694444444444453 0.21484375 0.31666666666666676 0.24453125 0.31666666666666676
0 0.36171875 0.06805555555555563 0.32109375 0.06805555555555563 0.32109375 0.13888888888888898 0.36171875 0.13888888888888898
0 0.12968750000000004 0.4 0.10468750000000004 0.4 0.10468750000000004 0.45555555555555555 0.12968750000000004 0.45555555555555555
0 0.24375 0.31944444444444453 0.2140625 0.31944444444444453 0.2140625 0.3875 0.24375 0.3875
0 0.35859375 0.2208333333333334 0.33046875 0.2208333333333334 0.33046875 0.2861111111111112 0.35859375 0.2861111111111112
