0 0.246875 0.27638888888888896 0.21015625 0.27638888888888896 0.21015625 0.35416666666666674 0.246875 0.35416666666666674
0 0.28203125 0.2708333333333334 0.24453125 0.2708333333333334 0.24453125 0.34027777777777785 0.28203125 0.34027777777777785
0 0.35703125 0.2472222222222223 0.32421875 0.2472222222222223 0.32421875 0.3097222222222223 0.35703125 0.3097222222222223
0 0.3671875 0.3208333333333334 0.33671875 0.3208333333333334 0.33671875 0.3958333333333334 0.3671875 0.3958333333333335
0 0.446875 0.13750000000000007 0.421875 0.13750000000000007 0.421875 0.20000000000000007 0.446875 0.20000000000000007
0 0.4875 0.15555555555555567 0.45703125 0.15555555555555567 0.45703125 0.2250000000000001 0.4875 0.2250000000000001
0 0.5203125 0.14861111111111122 0.49453125 0.14861111111111122 0.49453125 0.20555555555555563 0.5203125 0.20555555555555563
0 0.58046875 0.15972222222222235 0.565625 0.15972222222222235 0.565625 0.20138888888888903 0.58046875 0.20138888888888903
0 0.57578125 0.18055555555555572 0.5484375 0.18055555555555572 0.5484375 0.23750000000000016 0.57578125 0.23750000000000016
0 0.62421875 0.19722222222222238 0.59375 0.19722222222222238 0.59375 0.2611111111111113 0.62421875 0.2611111111111113
0 0.68828125 0.21527777777777793 0.6625 0.21527777777777793 0.6625 0.27777777777777796 0.68828125 0.27777777777777796
0 0.7 0.17916666666666684 0.68046875 0.17916666666666684 0.68046875 0.22638888888888906 0.7 0.22638888888888906
0 0.74609375 0.1680555555555557 0.728125 0.1680555555555557 0.728125 0.22361111111111126 0.74609375 0.22361111111111126
0 0.771875 0.21805555555555572 0.7453125 0.21805555555555572 0.7453125 0.27361111111111125 0.771875 0.27361111111111125
0 0.65078125 0.04583333333333347 0.61640625 0.04583333333333347 0.61640625 0.10277777777777791 0.65078125 0.10277777777777794
0 0.8890625 0.34166666666666684 0.86640625 0.34166666666666684 0.86640625 0.3944444444444446 0.8890625 0.3944444444444446
0 0.76875 0.27500000000000013 0.74140625 0.27500000000000013 0.74140625 0.3388888888888891 0.76875 0.3388888888888891
0 0.715625 0.06388888888888905 0.690625 0.06388888888888905 0.690625 0.12500000000000017 0.715625 0.12500000000000017
