0 0.78359375 0.6777777777777779 0.74453125 0.6777777777777779 0.74453125 0.7597222222222225 0.78359375 0.7597222222222225
0 0.74921875 0.6875000000000001 0.70859375 0.6875000000000001 0.70859375 0.7611111111111113 0.74921875 0.7611111111111114
0 0.66796875 0.7083333333333335 0.6328125 0.7083333333333335 0.6328125 0.7736111111111111 0.66796875 0.7736111111111111
0 0.65859375 0.6194444444444446 0.625 0.6194444444444446 0.625 0.6986111111111113 0.65859375 0.6986111111111113
0 0.56640625 0.8069444444444445 0.5390625 0.8069444444444445 0.5390625 0.8722222222222222 0.56640625 0.8722222222222222
0 0.5328125 0.775 0.49921875 0.775 0.49921875 0.8486111111111111 0.5328125 0.8486111111111111
0 0.49453125 0.7916666666666666 0.46640625 0.7916666666666666 0.46640625 0.8513888888888889 0.49453125 0.8513888888888889
0 0.4234375 0.7875 0.40703125 0.7875 0.40703125 0.8319444444444445 0.4234375 0.8319444444444445
0 0.44140625 0.7527777777777778 0.41171875 0.7527777777777778 0.41171875 0.8125 0.44140625 0.8125
0 0.3968750000000001 0.7236111111111111 0.36406250000000007 0.7236111111111111 0.36406250000000007 0.7902777777777777 0.3968750000000001 0.7902777777777777
0 0.32890625000000007 0.6986111111111111 0.3007812500000001 0.6986111111111111 0.3007812500000001 0.7638888888888888 0.32890625000000007 0.7638888888888888
0 0.30937500000000007 0.7486111111111111 0.2882812500000001 0.7486111111111111 0.2882812500000001 0.7986111111111112 0.30937500000000007 0.7986111111111112
0 0.2617187500000001 0.7458333333333333 0.2414062500000001 0.7458333333333333 0.2414062500000001 0.8041666666666667 0.2617187500000001 0.8041666666666667
0 0.2468750000000001 0.6930555555555555 0.2179687500000001 0.6930555555555555 0.2179687500000001 0.7513888888888889 0.2468750000000001 0.7513888888888889
0 0.3687500000000001 0.8777777777777778 0.3320312500000001 0.8777777777777778 0.3320312500000001 0.9388888888888889 0.3687500000000001 0.9388888888888889
0 0.13046875000000005 0.5569444444444445 0.10546875000000004 0.5569444444444445 0.10546875000000004 0.6125 0.13046875000000005 0.6125
0 0.25234375000000003 0.6277777777777778 0.2234375 0.6277777777777778 0.22343750000000004 0.6944444444444444 0.2523437500000001 0.6944444444444444
0 0.2953125000000001 0.8472222222222222 0.2679687500000001 0.8472222222222222 0.2679687500000001 0.9111111111111111 0.2953125000000001 0.9111111111111111
