0 0.246875 0.27638888888888896 0.21015625 0.27638888888888896 0.21015625 0.35416666666666674 0.246875 0.35416666666666674
0 0.28203125 0.2708333333333334 0.24453125 0.2708333333333334 0.24453125 0.34027777777777785 0.28203125 0.34027777777777785
0 0.35703125 0.2472222222222223 0.32421875 0.2472222222222223 0.32421875 0.3097222222222223 0.35703125 0.3097222222222223
0 0.3671875 0.3208333333333334 0.33671875 0.3208333333333334 0.33671875 0.3958333333333334 0.3671875 0.3958333333333335
0 0.48515625 0.14305555555555569 0.45390625 0.14305555555555569 0.45390625 0.21250000000000008 0.48515625 0.21250000000000008
0 0.5203125 0.14861111111111122 0.49453125 0.14861111111111122 0.49453125 0.20555555555555563 0.5203125 0.20555555555555563
0 0.58359375 0.14305555555555569 0.56015625 0.14305555555555569 0.56015625 0.19722222222222238 0.58359375 0.19722222222222238
0 0.57265625 0.1930555555555557 0.54453125 0.1930555555555557 0.54453125 0.24861111111111128 0.57265625 0.24861111111111128
0 0.62421875 0.19722222222222238 0.59375 0.19722222222222238 0.59375 0.2611111111111113 0.62421875 0.2611111111111113
0 0.67734375 0.24305555555555572 0.6484375 0.24305555555555572 0.6484375 0.3083333333333335 0.67734375 0.3083333333333335
0 0.69921875 0.17777777777777792 0.6796875 0.17777777777777792 0.6796875 0.22500000000000014 0.69921875 0.22500000000000014
0 0.715625 0.2166666666666668 0.69140625 0.2166666666666668 0.69140625 0.2763888888888891 0.715625 0.2763888888888891
0 0.8890625 0.34166666666666684 0.86640625 0.34166666666666684 0.86640625 0.3944444444444446 0.8890625 0.3944444444444446