0 0.79921875 0.6500000000000001 0.75390625 0.6500000000000001 0.75390625 0.7263888888888892 0.79921875 0.7263888888888892
0 0.73359375 0.7000000000000002 0.69296875 0.7000000000000002 0.69296875 0.7736111111111112 0.73359375 0.7736111111111115
0 0.67109375 0.6736111111111113 0.63046875 0.6736111111111113 0.63046875 0.7527777777777778 0.67109375 0.7527777777777778
0 0.70703125 0.6194444444444446 0.66875 0.6194444444444446 0.66875 0.6958333333333335 0.70703125 0.6958333333333335
0 0.63515625 0.6166666666666668 0.6015625 0.6166666666666668 0.6015625 0.6958333333333335 0.63515625 0.6958333333333335
0 0.56484375 0.5236111111111112 0.51484375 0.5236111111111112 0.51484375 0.6236111111111112 0.56484375 0.6236111111111112
0 0.5734375 0.825 0.54453125 0.825 0.54453125 0.8833333333333333 0.5734375 0.8833333333333333
0 0.51171875 0.825 0.49375 0.825 0.49375 0.8597222222222223 0.51171875 0.8597222222222223
0 0.52265625 0.7847222222222222 0.4984375 0.7847222222222222 0.4984375 0.8361111111111111 0.52265625 0.8361111111111111
0 0.4890625 0.7944444444444444 0.4609375 0.7944444444444444 0.4609375 0.8541666666666666 0.4890625 0.8541666666666666
0 0.47734375 0.7291666666666666 0.45234375 0.7291666666666666 0.45234375 0.7847222222222222 0.47734375 0.7847222222222222
0 0.471875 0.8236111111111111 0.4515625 0.8236111111111111 0.4515625 0.8652777777777778 0.471875 0.8652777777777778
0 0.425 0.7916666666666666 0.40234375 0.7916666666666666 0.40234375 0.8361111111111111 0.425 0.8361111111111111
0 0.43203125 0.7402777777777778 0.39921875000000007 0.7402777777777778 0.39921875000000007 0.8055555555555556 0.43203125 0.8055555555555556
0 0.3960937500000001 0.7194444444444444 0.36406250000000007 0.7194444444444444 0.36406250000000007 0.7791666666666667 0.3960937500000001 0.7791666666666667
0 0.3648437500000001 0.7847222222222222 0.3414062500000001 0.7847222222222222 0.3414062500000001 0.8333333333333334 0.3648437500000001 0.8333333333333334
0 0.3234375000000001 0.7944444444444444 0.2992187500000001 0.7944444444444444 0.2992187500000001 0.8402777777777778 0.3234375000000001 0.8402777777777778
0 0.36015625000000007 0.6722222222222223 0.3312500000000001 0.6722222222222223 0.3312500000000001 0.7375 0.36015625000000007 0.7375
0 0.3335937500000001 0.7375 0.3085937500000001 0.7375 0.3085937500000001 0.7888888888888889 0.3335937500000001 0.7888888888888889
0 0.3046875000000001 0.7402777777777778 0.2789062500000001 0.7402777777777778 0.2789062500000001 0.8 0.3046875000000001 0.8
0 0.2523437500000001 0.7388888888888889 0.23203125000000008 0.7388888888888889 0.23203125000000008 0.7972222222222223 0.2523437500000001 0.7972222222222223
0 0.3117187500000001 0.6597222222222222 0.2828125000000001 0.6597222222222222 0.2828125000000001 0.7347222222222223 0.3117187500000001 0.7347222222222223
0 0.2609375000000001 0.6625 0.23203125000000008 0.6625 0.23203125000000008 0.7208333333333333 0.2609375000000001 0.7208333333333333
0 0.2117187500000001 0.6722222222222223 0.18828125000000004 0.6722222222222223 0.18828125000000004 0.7166666666666667 0.2117187500000001 0.7166666666666667
0 0.20000000000000004 0.6166666666666667 0.17500000000000004 0.6166666666666667 0.17500000000000004 0.6722222222222223 0.2000000000000001 0.6722222222222223
0 0.21640625000000005 0.5805555555555556 0.18750000000000006 0.5805555555555556 0.18750000000000006 0.6472222222222223 0.21640625000000008 0.6472222222222223
0 0.17734375000000005 0.6430555555555556 0.15390625000000005 0.6430555555555556 0.15390625000000005 0.6986111111111111 0.17734375000000005 0.6986111111111111
