0 0.81171875 0.5916666666666668 0.77734375 0.5916666666666668 0.77734375 0.665277777777778 0.81171875 0.665277777777778
0 0.7375 0.6555555555555557 0.70703125 0.6555555555555557 0.70703125 0.7180555555555557 0.7375 0.7180555555555559
0 0.68671875 0.6458333333333335 0.65234375 0.6458333333333335 0.65234375 0.7152777777777778 0.68671875 0.7152777777777778
0 0.7171875 0.5708333333333335 0.67890625 0.5708333333333335 0.67890625 0.6472222222222224 0.7171875 0.6472222222222224
0 0.64609375 0.5861111111111112 0.6125 0.5861111111111112 0.6125 0.665277777777778 0.64609375 0.665277777777778
0 0.57421875 0.501388888888889 0.52421875 0.501388888888889 0.52421875 0.6013888888888891 0.57421875 0.6013888888888891
0 0.59609375 0.8055555555555556 0.57265625 0.8055555555555556 0.57265625 0.8611111111111112 0.59609375 0.8611111111111112
0 0.55078125 0.8319444444444445 0.5328125 0.8319444444444445 0.5328125 0.8666666666666667 0.55078125 0.8666666666666667
0 0.55859375 0.7861111111111111 0.534375 0.7861111111111111 0.534375 0.8375 0.55859375 0.8375
0 0.51484375 0.7972222222222223 0.48671875 0.7972222222222223 0.48671875 0.8569444444444444 0.51484375 0.8569444444444444
0 0.49765625 0.7333333333333333 0.47265625 0.7333333333333333 0.47265625 0.7888888888888889 0.49765625 0.7888888888888889
0 0.49921875 0.8291666666666667 0.47890625 0.8291666666666667 0.47890625 0.8708333333333333 0.49921875 0.8708333333333333
0 0.45 0.8111111111111111 0.42734375 0.8111111111111111 0.42734375 0.8555555555555555 0.45 0.8555555555555555
0 0.4546875 0.7666666666666667 0.42421875 0.7666666666666667 0.42421875 0.8236111111111111 0.4546875 0.8236111111111111
0 0.41640625 0.7458333333333333 0.3843750000000001 0.7458333333333333 0.3843750000000001 0.8055555555555556 0.41640625 0.8055555555555556
0 0.3906250000000001 0.8180555555555555 0.3671875000000001 0.8180555555555555 0.3671875000000001 0.8666666666666667 0.3906250000000001 0.8666666666666667
0 0.3507812500000001 0.8375 0.3265625000000001 0.8375 0.3265625000000001 0.8833333333333333 0.3507812500000001 0.8833333333333333
0 0.3804687500000001 0.7083333333333334 0.3515625000000001 0.7083333333333334 0.3515625000000001 0.7736111111111111 0.3804687500000001 0.7736111111111111
0 0.3554687500000001 0.7791666666666667 0.3304687500000001 0.7791666666666667 0.3304687500000001 0.8305555555555556 0.3554687500000001 0.8305555555555556
0 0.3242187500000001 0.7833333333333333 0.2984375000000001 0.7833333333333333 0.2984375000000001 0.8430555555555556 0.3242187500000001 0.8430555555555556
0 0.27421875000000007 0.7902777777777777 0.2539062500000001 0.7902777777777777 0.2539062500000001 0.8486111111111111 0.27421875000000007 0.8486111111111111
0 0.3296875000000001 0.7083333333333334 0.3007812500000001 0.7083333333333334 0.3007812500000001 0.7833333333333333 0.3296875000000001 0.7833333333333333
0 0.2789062500000001 0.7236111111111111 0.2500000000000001 0.7236111111111111 0.2500000000000001 0.7819444444444444 0.2789062500000001 0.7819444444444444
0 0.2210937500000001 0.7458333333333333 0.19765625000000003 0.7458333333333333 0.19765625000000003 0.7902777777777777 0.2210937500000001 0.7902777777777777
0 0.2140625000000001 0.6930555555555555 0.18906250000000005 0.6930555555555555 0.18906250000000005 0.7486111111111111 0.2140625000000001 0.7486111111111111
0 0.2328125000000001 0.6486111111111111 0.2093750000000001 0.6486111111111111 0.2093750000000001 0.7194444444444444 0.2328125000000001 0.7194444444444444
0 0.19375000000000003 0.7152777777777778 0.16718750000000004 0.7152777777777778 0.16718750000000004 0.7805555555555556 0.19375000000000003 0.7805555555555556
