0 0.8046875 0.6305555555555558 0.77265625 0.6305555555555558 0.77265625 0.7000000000000002 0.8046875 0.7000000000000002
0 0.728125 0.6847222222222223 0.7 0.6847222222222223 0.7 0.7430555555555557 0.728125 0.7430555555555559
0 0.678125 0.6694444444444446 0.64609375 0.6694444444444446 0.64609375 0.7347222222222223 0.678125 0.7347222222222223
0 0.7109375 0.5972222222222224 0.67578125 0.5972222222222224 0.67578125 0.6694444444444446 0.7109375 0.6694444444444446
0 0.63984375 0.6041666666666669 0.609375 0.6041666666666669 0.609375 0.6791666666666668 0.63984375 0.6791666666666668
0 0.5703125 0.5097222222222224 0.52421875 0.5097222222222224 0.52421875 0.6041666666666669 0.5703125 0.6041666666666669
0 0.58125 0.8166666666666667 0.56015625 0.8166666666666667 0.56015625 0.8694444444444445 0.58125 0.8694444444444445
0 0.53671875 0.8375 0.5203125 0.8375 0.5203125 0.8708333333333333 0.53671875 0.8708333333333333
0 0.5453125 0.7930555555555555 0.52265625 0.7930555555555555 0.52265625 0.8416666666666667 0.5453125 0.8416666666666667
0 0.50078125 0.7972222222222223 0.475 0.7972222222222223 0.475 0.8541666666666666 0.50078125 0.8541666666666666
0 0.4859375 0.7319444444444444 0.46328125 0.7319444444444444 0.46328125 0.7847222222222222 0.4859375 0.7847222222222222
0 0.48515625 0.8291666666666667 0.46640625 0.8291666666666667 0.46640625 0.8680555555555556 0.48515625 0.8680555555555556
0 0.43671875 0.8041666666666667 0.415625 0.8041666666666667 0.415625 0.8458333333333333 0.43671875 0.8458333333333333
0 0.44296875 0.7597222222222222 0.4140625 0.7597222222222222 0.4140625 0.8138888888888889 0.44296875 0.8138888888888889
0 0.4046875 0.7347222222222223 0.3750000000000001 0.7347222222222223 0.3750000000000001 0.7916666666666666 0.4046875 0.7916666666666666
0 0.3765625000000001 0.8041666666666667 0.3546875000000001 0.8041666666666667 0.3546875000000001 0.85 0.3765625000000001 0.85
0 0.3359375000000001 0.8180555555555555 0.31328125000000007 0.8180555555555555 0.31328125000000007 0.8611111111111112 0.3359375000000001 0.8611111111111112
0 0.3703125000000001 0.6916666666666668 0.3437500000000001 0.6916666666666667 0.3437500000000001 0.7541666666666667 0.3703125000000001 0.7541666666666667
0 0.3429687500000001 0.7597222222222222 0.3203125000000001 0.7597222222222222 0.3203125000000001 0.8083333333333333 0.3429687500000001 0.8083333333333333
0 0.3109375000000001 0.7611111111111111 0.2875000000000001 0.7611111111111111 0.2875000000000001 0.8180555555555555 0.3109375000000001 0.8180555555555555
0 0.2609375000000001 0.7625 0.24218750000000008 0.7625 0.24218750000000008 0.8180555555555555 0.2609375000000001 0.8180555555555555
0 0.3195312500000001 0.6861111111111111 0.2929687500000001 0.6861111111111111 0.2929687500000001 0.7583333333333333 0.3195312500000001 0.7583333333333333
0 0.2687500000000001 0.6944444444444444 0.2414062500000001 0.6944444444444444 0.2414062500000001 0.75 0.2687500000000001 0.75
0 0.2101562500000001 0.7111111111111111 0.18828125000000004 0.7111111111111111 0.18828125000000004 0.7527777777777778 0.2101562500000001 0.7527777777777778
0 0.2054687500000001 0.6569444444444444 0.18281250000000004 0.6569444444444444 0.18281250000000004 0.7097222222222223 0.2054687500000001 0.7097222222222223
0 0.22421875000000005 0.6138888888888889 0.20390625 0.6138888888888889 0.20390625000000004 0.6819444444444445 0.22421875000000008 0.6819444444444445
0 0.18359375000000006 0.6763888888888889 0.15937500000000004 0.6763888888888889 0.15937500000000004 0.7388888888888889 0.18359375000000006 0.7388888888888889
