0 0.225 0.31805555555555565 0.1921875 0.31805555555555565 0.1921875 0.3888888888888889 0.225 0.3888888888888889
0 0.296875 0.2708333333333334 0.2671875 0.2708333333333334 0.2671875 0.33194444444444454 0.296875 0.33194444444444454
0 0.35234375 0.2597222222222223 0.31875 0.2597222222222223 0.31875 0.32777777777777783 0.35234375 0.32777777777777783
0 0.32265625 0.34166666666666673 0.2859375 0.34166666666666673 0.2859375 0.4166666666666667 0.32265625 0.4166666666666667
0 0.3984375 0.31805555555555565 0.36640625 0.31805555555555565 0.36640625 0.3958333333333335 0.3984375 0.3958333333333335
0 0.4765625 0.39861111111111125 0.428125 0.39861111111111125 0.428125 0.4958333333333335 0.4765625 0.4958333333333335
0 0.434375 0.1347222222222223 0.41171875 0.1347222222222223 0.41171875 0.18888888888888897 0.434375 0.18888888888888897
0 0.48125 0.13194444444444456 0.45625 0.13194444444444456 0.45625 0.1861111111111112 0.48125 0.1861111111111112
0 0.4921875 0.18750000000000008 0.46875 0.18750000000000008 0.46875 0.23750000000000007 0.4921875 0.23750000000000007
0 0.521875 0.15555555555555567 0.49609375 0.15555555555555567 0.49609375 0.2111111111111112 0.521875 0.2111111111111112
0 0.55546875 0.226388888888889 0.53203125 0.22638888888888897 0.53203125 0.28055555555555567 0.55546875 0.2805555555555557
0 0.53515625 0.13194444444444456 0.515625 0.13194444444444456 0.515625 0.17222222222222233 0.53515625 0.17222222222222233
0 0.57890625 0.1500000000000001 0.55703125 0.1500000000000001 0.55703125 0.1930555555555557 0.57890625 0.1930555555555557
0 0.58125 0.18472222222222237 0.5515625 0.18472222222222237 0.5515625 0.24027777777777792 0.58125 0.24027777777777792
0 0.61484375 0.19444444444444461 0.584375 0.19444444444444461 0.584375 0.25277777777777793 0.61484375 0.25277777777777793
0 0.6390625 0.1416666666666668 0.61640625 0.14166666666666677 0.61640625 0.18888888888888905 0.6390625 0.18888888888888905
0 0.68046875 0.12777777777777793 0.65703125 0.12777777777777793 0.65703125 0.1722222222222224 0.68046875 0.1722222222222224
0 0.659375 0.24027777777777792 0.63125 0.24027777777777792 0.63125 0.3041666666666668 0.659375 0.3041666666666668
0 0.675 0.18055555555555572 0.6515625 0.18055555555555572 0.6515625 0.2305555555555557 0.675 0.2305555555555557
0 0.7078125 0.1694444444444446 0.6828125 0.1694444444444446 0.6828125 0.22777777777777794 0.7078125 0.22777777777777794
0 0.7578125 0.16666666666666682 0.7328125 0.16666666666666682 0.7328125 0.2194444444444446 0.7578125 0.2194444444444446
0 0.70390625 0.22916666666666682 0.6765625 0.22916666666666682 0.6765625 0.3027777777777779 0.70390625 0.3027777777777779
0 0.75234375 0.22916666666666682 0.72421875 0.22916666666666682 0.72421875 0.28611111111111126 0.75234375 0.28611111111111126
0 0.80234375 0.2166666666666668 0.778125 0.2166666666666668 0.778125 0.2680555555555557 0.80234375 0.2680555555555557
0 0.81484375 0.27222222222222237 0.79140625 0.27222222222222237 0.79140625 0.32638888888888906 0.81484375 0.32638888888888906
0 0.79609375 0.3305555555555557 0.7734375 0.3305555555555557 0.7734375 0.3791666666666668 0.79609375 0.3791666666666668
0 0.834375 0.24166666666666684 0.81171875 0.24166666666666684 0.81171875 0.30000000000000016 0.834375 0.30000000000000016
