0 0.22734375 0.3000000000000001 0.1953125 0.3000000000000001 0.19531250000000003 0.36944444444444446 0.22734375 0.36944444444444446
0 0.3 0.25694444444444453 0.271875 0.25694444444444453 0.271875 0.31666666666666676 0.3 0.31666666666666676
0 0.35546875 0.25416666666666676 0.3234375 0.25416666666666676 0.3234375 0.3208333333333334 0.35546875 0.3208333333333334
0 0.32421875 0.33055555555555566 0.2890625 0.33055555555555566 0.2890625 0.4027777777777778 0.32421875 0.4027777777777778
0 0.4 0.30277777777777787 0.36953125 0.30277777777777787 0.36953125 0.37777777777777793 0.4 0.37777777777777793
0 0.471875 0.3944444444444446 0.42578125 0.3944444444444446 0.42578125 0.48750000000000016 0.471875 0.48750000000000016
0 0.43984375 0.13055555555555565 0.41875 0.13055555555555565 0.41875 0.1833333333333334 0.43984375 0.1833333333333334
0 0.4875 0.13055555555555567 0.46328125 0.13055555555555567 0.46328125 0.1833333333333334 0.4875 0.1833333333333334
0 0.49921875 0.19166666666666674 0.47265625 0.19166666666666674 0.47265625 0.2458333333333334 0.49921875 0.2458333333333334
0 0.53046875 0.15972222222222235 0.50546875 0.15972222222222235 0.50546875 0.21388888888888896 0.53046875 0.21388888888888896
0 0.559375 0.2291666666666668 0.53671875 0.22916666666666674 0.53671875 0.28194444444444455 0.559375 0.2819444444444446
0 0.540625 0.13333333333333344 0.52265625 0.13333333333333344 0.52265625 0.17222222222222233 0.540625 0.17222222222222233
0 0.58515625 0.15555555555555567 0.56328125 0.15555555555555567 0.56328125 0.19722222222222238 0.58515625 0.19722222222222238
0 0.58671875 0.18888888888888905 0.5578125 0.18888888888888905 0.5578125 0.24305555555555572 0.58671875 0.24305555555555572
0 0.61875 0.20000000000000015 0.5953125 0.20000000000000015 0.5953125 0.2541666666666668 0.61875 0.2541666666666668
0 0.6453125 0.15138888888888902 0.6234375 0.15138888888888902 0.6234375 0.19722222222222238 0.6453125 0.19722222222222238
0 0.68671875 0.13888888888888903 0.66484375 0.13888888888888903 0.66484375 0.1819444444444446 0.68671875 0.1819444444444446
0 0.67109375 0.2555555555555557 0.64453125 0.2555555555555557 0.64453125 0.3166666666666668 0.67109375 0.3166666666666668
0 0.6796875 0.19166666666666682 0.65703125 0.19166666666666682 0.65703125 0.24027777777777792 0.6796875 0.24027777777777792
0 0.7125 0.1819444444444446 0.6890625 0.1819444444444446 0.6890625 0.23888888888888904 0.7125 0.23888888888888904
0 0.7609375 0.1833333333333335 0.7390625 0.1833333333333335 0.7390625 0.2333333333333335 0.7609375 0.2333333333333335
0 0.70703125 0.24166666666666684 0.68125 0.24166666666666684 0.68125 0.30138888888888904 0.70703125 0.30138888888888904
0 0.75625 0.2444444444444446 0.72890625 0.2444444444444446 0.72890625 0.30000000000000016 0.75625 0.30000000000000016
0 0.8125 0.23750000000000016 0.7890625 0.23750000000000016 0.7890625 0.28750000000000014 0.8125 0.28750000000000014
0 0.81796875 0.29166666666666685 0.7953125 0.29166666666666685 0.7953125 0.3444444444444446 0.81796875 0.3444444444444446
0 0.7984375 0.34861111111111126 0.7765625 0.34861111111111126 0.7765625 0.3958333333333335 0.7984375 0.3958333333333335
0 0.83828125 0.2611111111111113 0.81640625 0.2611111111111113 0.81640625 0.3180555555555557 0.83828125 0.3180555555555557
