0 0.23046875 0.2944444444444445 0.1984375 0.2944444444444445 0.19843750000000002 0.3638888888888889 0.23046875 0.3638888888888889
0 0.30234375 0.25555555555555565 0.2703125 0.25555555555555565 0.2703125 0.31666666666666676 0.30234375 0.31666666666666676
0 0.359375 0.2527777777777779 0.32734375 0.2527777777777779 0.32734375 0.31805555555555565 0.359375 0.31805555555555565
0 0.3328125 0.351388888888889 0.29765625 0.351388888888889 0.29765625 0.4236111111111111 0.3328125 0.4236111111111111
0 0.396875 0.32500000000000007 0.36640625 0.32500000000000007 0.36640625 0.4013888888888891 0.396875 0.4013888888888891
0 0.47265625 0.3958333333333335 0.4265625 0.3958333333333335 0.4265625 0.4902777777777779 0.47265625 0.4902777777777779
0 0.44375 0.12638888888888897 0.41484375 0.12638888888888897 0.41484375 0.18194444444444452 0.44375 0.18194444444444452
0 0.478125 0.12083333333333345 0.4546875 0.12083333333333345 0.4546875 0.17361111111111122 0.478125 0.17361111111111122
0 0.49921875 0.19166666666666674 0.47265625 0.19166666666666674 0.47265625 0.2458333333333334 0.49921875 0.2458333333333334
0 0.5328125 0.20000000000000007 0.50390625 0.20000000000000007 0.50390625 0.2611111111111112 0.5328125 0.2611111111111112
0 0.53359375 0.163888888888889 0.51171875 0.163888888888889 0.51171875 0.20416666666666675 0.53359375 0.20416666666666675
0 0.540625 0.13333333333333344 0.52265625 0.13333333333333344 0.52265625 0.17222222222222233 0.540625 0.17222222222222233
0 0.571875 0.14444444444444457 0.55078125 0.14444444444444457 0.55078125 0.20277777777777795 0.571875 0.20277777777777795
0 0.59609375 0.19861111111111127 0.56328125 0.19861111111111127 0.56328125 0.2541666666666668 0.59609375 0.2541666666666668
0 0.62890625 0.20138888888888903 0.60390625 0.20138888888888903 0.60390625 0.26527777777777795 0.62890625 0.26527777777777795
0 0.6453125 0.15000000000000013 0.6234375 0.1500000000000001 0.6234375 0.1958333333333335 0.6453125 0.1958333333333335
0 0.68671875 0.13888888888888903 0.66484375 0.13888888888888903 0.66484375 0.1819444444444446 0.68671875 0.1819444444444446
0 0.64921875 0.24861111111111128 0.62265625 0.24861111111111128 0.62265625 0.3111111111111113 0.64921875 0.3111111111111113
0 0.6796875 0.19166666666666682 0.65703125 0.19166666666666682 0.65703125 0.24027777777777792 0.6796875 0.24027777777777792
0 0.7125 0.1819444444444446 0.6890625 0.1819444444444446 0.6890625 0.23888888888888904 0.7125 0.23888888888888904
0 0.76328125 0.1722222222222224 0.73984375 0.1722222222222224 0.73984375 0.2305555555555557 0.76328125 0.2305555555555557
0 0.696875 0.22361111111111126 0.67109375 0.22361111111111126 0.67109375 0.28611111111111126 0.696875 0.28611111111111126
0 0.74375 0.21805555555555572 0.7171875 0.21805555555555572 0.7171875 0.27500000000000013 0.74375 0.27500000000000013
0 0.78828125 0.22777777777777794 0.7625 0.22777777777777794 0.7625 0.2819444444444446 0.78828125 0.2819444444444446
0 0.80859375 0.2763888888888891 0.78515625 0.2763888888888891 0.78515625 0.32916666666666683 0.80859375 0.32916666666666683
0 0.7875 0.2972222222222224 0.75546875 0.2972222222222224 0.75546875 0.3583333333333335 0.7875 0.3583333333333335
0 0.84296875 0.2611111111111113 0.81640625 0.2611111111111113 0.81640625 0.3236111111111113 0.84296875 0.3236111111111113
