0 0.25703125 0.1972222222222223 0.21875 0.1972222222222223 0.21875 0.27638888888888896 0.25703125 0.27638888888888896
0 0.3328125 0.18194444444444452 0.29453125 0.18194444444444452 0.29453125 0.25416666666666676 0.3328125 0.25416666666666676
0 0.38828125 0.19861111111111118 0.35 0.19861111111111118 0.35 0.2736111111111112 0.38828125 0.2736111111111112
0 0.3515625 0.2861111111111112 0.309375 0.2861111111111112 0.309375 0.36944444444444446 0.3515625 0.36944444444444446
0 0.41796875 0.28333333333333344 0.3796875 0.28333333333333344 0.3796875 0.3680555555555557 0.41796875 0.3680555555555557
0 0.484375 0.3722222222222224 0.42890625 0.3722222222222224 0.42890625 0.48055555555555574 0.484375 0.48055555555555574
0 0.48515625 0.10555555555555565 0.45078125 0.10555555555555564 0.45078125 0.16944444444444454 0.48515625 0.16944444444444456
0 0.51953125 0.11250000000000011 0.490625 0.11250000000000011 0.490625 0.17361111111111122 0.51953125 0.17361111111111122
0 0.53203125 0.18888888888888897 0.50078125 0.18888888888888897 0.50078125 0.251388888888889 0.53203125 0.251388888888889
0 0.56484375 0.20694444444444457 0.5296875 0.20694444444444451 0.5296875 0.276388888888889 0.56484375 0.2763888888888891
0 0.56953125 0.17361111111111122 0.54375 0.17361111111111122 0.54375 0.22083333333333346 0.56953125 0.2208333333333335
0 0.5796875 0.14861111111111122 0.55703125 0.14861111111111122 0.55703125 0.1930555555555557 0.5796875 0.1930555555555557
0 0.609375 0.16805555555555568 0.58203125 0.16805555555555568 0.58203125 0.2333333333333335 0.609375 0.2333333333333335
0 0.6265625 0.22500000000000014 0.5890625 0.22500000000000014 0.5890625 0.29166666666666685 0.6265625 0.29166666666666685
0 0.65859375 0.24305555555555572 0.6265625 0.24305555555555572 0.6265625 0.31388888888888905 0.65859375 0.31388888888888905
0 0.68046875 0.19861111111111127 0.65390625 0.19861111111111127 0.65390625 0.25138888888888905 0.68046875 0.25138888888888905
0 0.72265625 0.20138888888888903 0.69609375 0.20138888888888903 0.69609375 0.25138888888888905 0.72265625 0.25138888888888905
0 0.6734375 0.2958333333333335 0.640625 0.2958333333333335 0.640625 0.3652777777777779 0.6734375 0.3652777777777779
0 0.71015625 0.25000000000000017 0.6828125 0.25000000000000017 0.6828125 0.3055555555555557 0.71015625 0.3055555555555557
0 0.74296875 0.25277777777777793 0.71328125 0.25277777777777793 0.71328125 0.3166666666666668 0.74296875 0.3166666666666668
0 0.79453125 0.25972222222222235 0.76484375 0.25972222222222235 0.76484375 0.3250000000000002 0.79453125 0.3250000000000002
0 0.72265625 0.28750000000000014 0.69140625 0.28750000000000014 0.69140625 0.3569444444444446 0.72265625 0.3569444444444446
0 0.7703125 0.2972222222222224 0.7375 0.2972222222222224 0.7375 0.36111111111111127 0.7703125 0.36111111111111127
0 0.8125 0.32222222222222235 0.78125 0.32222222222222235 0.78125 0.38472222222222235 0.8125 0.38472222222222235
0 0.8265625 0.37777777777777793 0.7984375 0.37777777777777793 0.7984375 0.43750000000000017 0.8265625 0.43750000000000017
0 0.80390625 0.3875000000000002 0.76640625 0.3875000000000002 0.76640625 0.4583333333333335 0.80390625 0.4583333333333335
0 0.8625 0.3736111111111113 0.8296875 0.3736111111111113 0.8296875 0.4430555555555557 0.8625 0.4430555555555557
