0 0.77734375 0.18055555555555572 0.7375 0.18055555555555572 0.7375 0.2611111111111113 0.77734375 0.2611111111111113
0 0.70078125 0.1694444444444446 0.66171875 0.1694444444444446 0.66171875 0.24305555555555572 0.70078125 0.24305555555555572
0 0.64609375 0.19027777777777793 0.60625 0.19027777777777793 0.60625 0.26666666666666683 0.64609375 0.26666666666666683
0 0.68828125 0.27500000000000013 0.64453125 0.27500000000000013 0.64453125 0.3597222222222224 0.68828125 0.3597222222222224
0 0.61796875 0.2763888888888891 0.57890625 0.2763888888888891 0.57890625 0.36250000000000016 0.61796875 0.36250000000000016
0 0.57109375 0.3694444444444446 0.5140625 0.3694444444444446 0.5140625 0.47916666666666685 0.57109375 0.47916666666666685
0 0.54296875 0.1027777777777779 0.5078125 0.1027777777777779 0.5078125 0.16805555555555568 0.54296875 0.16805555555555568
0 0.503125 0.11250000000000011 0.4734375 0.11250000000000011 0.4734375 0.17361111111111122 0.503125 0.17361111111111122
0 0.49453125 0.18888888888888897 0.46171875 0.18888888888888897 0.46171875 0.2527777777777779 0.49453125 0.2527777777777779
0 0.465625 0.2097222222222223 0.4296875 0.2097222222222223 0.4296875 0.2805555555555556 0.465625 0.2805555555555556
0 0.45078125 0.17777777777777787 0.425 0.17777777777777787 0.425 0.22638888888888897 0.45078125 0.22638888888888897
0 0.43671875 0.15277777777777785 0.4140625 0.15277777777777785 0.4140625 0.19861111111111118 0.43671875 0.19861111111111118
0 0.41328125 0.1736111111111112 0.38515625 0.1736111111111112 0.38515625 0.23888888888888896 0.41328125 0.23888888888888896
0 0.40703125 0.23194444444444454 0.36875 0.23194444444444454 0.36875 0.3000000000000001 0.40703125 0.3000000000000001
0 0.36953125 0.251388888888889 0.33671875 0.251388888888889 0.33671875 0.3236111111111112 0.36953125 0.3236111111111112
0 0.34140625 0.20833333333333343 0.3140625 0.20833333333333343 0.3140625 0.2611111111111112 0.34140625 0.2611111111111112
0 0.3 0.21527777777777785 0.27265625 0.21527777777777785 0.27265625 0.26527777777777783 0.3 0.26527777777777783
0 0.35703125 0.30555555555555564 0.3234375 0.30555555555555564 0.3234375 0.3763888888888889 0.35703125 0.3763888888888889
0 0.3140625 0.26250000000000007 0.2859375 0.26250000000000007 0.2859375 0.31944444444444453 0.3140625 0.31944444444444453
0 0.2828125 0.2666666666666667 0.25234375 0.2666666666666667 0.25234375 0.33194444444444454 0.2828125 0.33194444444444454
0 0.23203125 0.27777777777777785 0.2015625 0.27777777777777785 0.2015625 0.3430555555555556 0.23203125 0.3430555555555556
0 0.30625 0.3000000000000001 0.2734375 0.3000000000000001 0.2734375 0.37083333333333335 0.30625 0.37083333333333335
0 0.26015625 0.31250000000000006 0.2265625 0.31250000000000006 0.2265625 0.37777777777777777 0.26015625 0.37777777777777777
0 0.2171875 0.33888888888888896 0.18515625000000005 0.33888888888888896 0.18515625000000005 0.4027777777777778 0.2171875 0.4027777777777778
0 0.2 0.3972222222222222 0.17109375000000004 0.3972222222222222 0.17109375000000004 0.45694444444444443 0.2 0.45694444444444443
0 0.23359375 0.40555555555555556 0.19453125000000004 0.40555555555555556 0.19453125000000004 0.4777777777777778 0.23359375 0.4777777777777778
0 0.16953125000000005 0.39444444444444443 0.13593750000000004 0.39444444444444443 0.13593750000000004 0.4652777777777778 0.16953125000000005 0.4652777777777778
