0 0.259375 0.20833333333333343 0.2109375 0.20833333333333343 0.2109375 0.29166666666666674 0.259375 0.29166666666666674
0 0.328125 0.19166666666666674 0.284375 0.19166666666666674 0.284375 0.2722222222222223 0.328125 0.2722222222222223
0 0.390625 0.20000000000000007 0.35703125 0.20000000000000007 0.35703125 0.2736111111111112 0.390625 0.2736111111111112
0 0.35390625 0.2972222222222223 0.3046875 0.2972222222222223 0.3046875 0.3902777777777778 0.35390625 0.3902777777777778
0 0.41875 0.2875000000000001 0.37578125 0.2875000000000001 0.37578125 0.3694444444444446 0.41875 0.3694444444444446
0 0.5125 0.38888888888888906 0.44921875 0.38888888888888906 0.44921875 0.502777777777778 0.5125 0.502777777777778
0 0.478125 0.10833333333333343 0.44609375 0.1083333333333334 0.44609375 0.17222222222222233 0.478125 0.17222222222222233
0 0.52734375 0.1250000000000001 0.50546875 0.1250000000000001 0.50546875 0.17500000000000013 0.52734375 0.17500000000000013
0 0.5265625 0.15833333333333346 0.48671875 0.15833333333333346 0.48671875 0.22638888888888897 0.5265625 0.22638888888888897
0 0.56171875 0.1500000000000001 0.5296875 0.1500000000000001 0.5296875 0.21944444444444455 0.56171875 0.2194444444444446
0 0.56328125 0.226388888888889 0.53046875 0.22638888888888897 0.53046875 0.3000000000000001 0.56328125 0.30000000000000016
0 0.584375 0.13750000000000012 0.553125 0.13750000000000012 0.553125 0.21111111111111128 0.584375 0.21111111111111128
0 0.6140625 0.17916666666666684 0.5890625 0.17916666666666684 0.5890625 0.22638888888888906 0.6140625 0.22638888888888906
0 0.6125 0.21388888888888904 0.5875 0.21388888888888904 0.5875 0.26527777777777795 0.6125 0.26527777777777795
0 0.646875 0.24166666666666684 0.621875 0.24166666666666684 0.621875 0.2944444444444446 0.646875 0.2944444444444446
0 0.68203125 0.19722222222222238 0.65625 0.19722222222222238 0.65625 0.24861111111111128 0.68203125 0.24861111111111128
0 0.7109375 0.19861111111111127 0.68984375 0.19861111111111127 0.68984375 0.23750000000000016 0.7109375 0.23750000000000016
0 0.6875 0.3027777777777779 0.65703125 0.3027777777777779 0.65703125 0.3652777777777779 0.6875 0.3652777777777779
0 0.7078125 0.2444444444444446 0.68046875 0.2444444444444446 0.68046875 0.30000000000000016 0.7078125 0.30000000000000016
0 0.7328125 0.23888888888888904 0.709375 0.23888888888888904 0.709375 0.28888888888888903 0.7328125 0.28888888888888903
0 0.77890625 0.23888888888888904 0.75078125 0.23888888888888904 0.75078125 0.2972222222222224 0.77890625 0.2972222222222224
0 0.725 0.29305555555555574 0.69296875 0.29305555555555574 0.69296875 0.3666666666666668 0.725 0.3666666666666668
0 0.79140625 0.33472222222222237 0.759375 0.33472222222222237 0.759375 0.39861111111111125 0.79140625 0.39861111111111125
0 0.82890625 0.34166666666666684 0.80546875 0.34166666666666684 0.80546875 0.38888888888888906 0.82890625 0.38888888888888906
0 0.821875 0.3708333333333335 0.79375 0.3708333333333335 0.79375 0.4333333333333335 0.821875 0.4333333333333335
0 0.79921875 0.3930555555555557 0.771875 0.3930555555555557 0.771875 0.4555555555555557 0.79921875 0.4555555555555557
0 0.86015625 0.3708333333333335 0.83046875 0.3708333333333335 0.83046875 0.4347222222222224 0.86015625 0.4347222222222224
