0 0.2265625 0.4847222222222222 0.17500000000000004 0.4847222222222222 0.17500000000000004 0.5722222222222222 0.2265625 0.5722222222222222
0 0.284375 0.5555555555555556 0.2375 0.5555555555555556 0.2375 0.6402777777777777 0.284375 0.6402777777777777
0 0.34140625 0.6055555555555555 0.30546875 0.6055555555555555 0.30546875000000007 0.6819444444444445 0.3414062500000001 0.6819444444444445
0 0.334375 0.4652777777777778 0.28203125 0.4652777777777778 0.28203125 0.5625 0.334375 0.5625
0 0.3890625 0.5361111111111112 0.34375 0.5361111111111111 0.34375 0.6222222222222223 0.3890625 0.6222222222222223
0 0.503125 0.47500000000000014 0.4359375 0.47500000000000014 0.4359375 0.5958333333333334 0.503125 0.5958333333333334
0 0.3968750000000001 0.7652777777777777 0.3625000000000001 0.7652777777777777 0.3625000000000001 0.8319444444444445 0.3968750000000001 0.8319444444444445
0 0.44375 0.8041666666666667 0.41953125 0.8041666666666667 0.41953125 0.8569444444444444 0.44375 0.8569444444444444
0 0.45390625 0.7486111111111111 0.4125 0.7486111111111111 0.4125 0.8208333333333333 0.45390625 0.8208333333333333
0 0.48359375 0.7833333333333333 0.44921875 0.7833333333333333 0.44921875 0.8555555555555555 0.48359375 0.8555555555555555
0 0.50390625 0.7125 0.46875 0.7125 0.46875 0.7888888888888889 0.50390625 0.7888888888888889
0 0.5015625 0.8083333333333333 0.4671875 0.8083333333333333 0.4671875 0.8847222222222222 0.5015625 0.8847222222222222
0 0.53515625 0.8208333333333333 0.50859375 0.8208333333333333 0.50859375 0.8708333333333333 0.53515625 0.8708333333333333
0 0.5421875 0.7847222222222222 0.515625 0.7847222222222222 0.515625 0.8375 0.5421875 0.8375
0 0.58046875 0.7833333333333333 0.553125 0.7833333333333333 0.553125 0.8375 0.58046875 0.8375
0 0.60078125 0.8513888888888889 0.57265625 0.8513888888888889 0.57265625 0.9055555555555556 0.60078125 0.9055555555555556
0 0.62578125 0.8861111111111111 0.603125 0.8861111111111111 0.603125 0.9277777777777778 0.62578125 0.9277777777777778
0 0.63359375 0.7486111111111111 0.60078125 0.7486111111111111 0.60078125 0.8138888888888889 0.63359375 0.8138888888888889
0 0.6359375 0.8236111111111111 0.60703125 0.8236111111111111 0.60703125 0.8819444444444444 0.6359375 0.8819444444444444
0 0.65703125 0.8541666666666666 0.63203125 0.8541666666666666 0.63203125 0.9069444444444444 0.65703125 0.9069444444444444
0 0.7 0.8791666666666667 0.66953125 0.8791666666666667 0.66953125 0.9388888888888889 0.7 0.9388888888888889
0 0.66640625 0.7736111111111111 0.63125 0.7736111111111111 0.63125 0.85 0.66640625 0.85
0 0.73515625 0.7958333333333335 0.70078125 0.7958333333333333 0.70078125 0.8625000000000002 0.73515625 0.8625000000000003
0 0.76796875 0.8361111111111115 0.74296875 0.8361111111111115 0.74296875 0.8847222222222225 0.76796875 0.8847222222222225
0 0.7703125 0.7875000000000003 0.73984375 0.7875000000000003 0.73984375 0.8527777777777781 0.7703125 0.8527777777777781
0 0.75546875 0.7500000000000003 0.72578125 0.7500000000000003 0.72578125 0.8152777777777781 0.75546875 0.8152777777777781
0 0.80625 0.8152777777777781 0.77421875 0.8152777777777781 0.77421875 0.8819444444444448 0.80625 0.8819444444444448
