0 0.2648437500000001 0.7375 0.2234375000000001 0.7375 0.2234375000000001 0.8111111111111111 0.2648437500000001 0.8111111111111111
0 0.3414062500000001 0.75 0.2960937500000001 0.75 0.2960937500000001 0.8333333333333334 0.3414062500000001 0.8333333333333334
0 0.3929687500000001 0.7305555555555555 0.3546875000000001 0.7305555555555555 0.3546875000000001 0.8125 0.3929687500000001 0.8125
0 0.35937500000000006 0.6388888888888888 0.30859375 0.6388888888888888 0.30859375000000006 0.7347222222222223 0.3593750000000001 0.7347222222222223
0 0.43203125 0.640277777777778 0.38671875 0.640277777777778 0.38671875000000006 0.7347222222222223 0.43203125 0.7347222222222223
0 0.484375 0.5125000000000002 0.42890625 0.5125000000000002 0.42890625 0.6333333333333335 0.484375 0.6333333333333335
0 0.48984375 0.8319444444444445 0.45625 0.8319444444444445 0.45625 0.8972222222222223 0.48984375 0.8972222222222223
0 0.534375 0.8138888888888889 0.50078125 0.8138888888888889 0.50078125 0.8875 0.534375 0.8875
0 0.5796875 0.7111111111111111 0.5453125 0.7111111111111111 0.5453125 0.7819444444444444 0.5796875 0.7819444444444444
0 0.58671875 0.8041666666666667 0.559375 0.8041666666666667 0.559375 0.8583333333333333 0.58671875 0.8583333333333333
0 0.615625 0.7597222222222222 0.5859375 0.7597222222222222 0.5859375 0.8263888888888888 0.615625 0.8263888888888888
0 0.66171875 0.6777777777777779 0.6296875 0.6777777777777779 0.6296875 0.7430555555555556 0.66171875 0.7430555555555556
0 0.6890625 0.7319444444444444 0.65859375 0.7319444444444444 0.65859375 0.7902777777777777 0.6890625 0.7902777777777777
0 0.72734375 0.7347222222222224 0.69609375 0.7347222222222223 0.69609375 0.790277777777778 0.72734375 0.7902777777777781
0 0.7 0.5986111111111113 0.66171875 0.5986111111111113 0.66171875 0.6750000000000002 0.7 0.6750000000000002
0 0.71484375 0.6819444444444446 0.68671875 0.6819444444444446 0.68671875 0.7388888888888889 0.71484375 0.7388888888888889
0 0.79765625 0.6611111111111113 0.76328125 0.6611111111111113 0.76328125 0.7305555555555558 0.79765625 0.7305555555555558
0 0.72890625 0.6180555555555557 0.6953125 0.6180555555555557 0.6953125 0.6930555555555558 0.72890625 0.6930555555555558
0 0.7703125 0.6069444444444446 0.73671875 0.6069444444444446 0.73671875 0.6722222222222224 0.7703125 0.6722222222222224
0 0.809375 0.5972222222222224 0.775 0.5972222222222224 0.775 0.6680555555555557 0.809375 0.6680555555555557
0 0.5375 0.7430555555555556 0.503125 0.7430555555555556 0.503125 0.8055555555555556 0.5375 0.8055555555555556
0 0.57421875 0.7652777777777777 0.54296875 0.7652777777777777 0.54296875 0.8305555555555556 0.57421875 0.8305555555555556
0 0.63203125 0.7013888888888891 0.5921875 0.7013888888888891 0.5921875 0.775 0.63203125 0.775
0 0.7421875 0.6805555555555557 0.7109375 0.6805555555555557 0.7109375 0.7416666666666668 0.7421875 0.741666666666667
0 0.803125 0.5166666666666668 0.76875 0.5166666666666668 0.76875 0.5944444444444446 0.803125 0.5944444444444446
0 0.86328125 0.5361111111111113 0.83203125 0.5361111111111113 0.83203125 0.6055555555555557 0.86328125 0.6055555555555557
0 0.8359375 0.5222222222222224 0.7953125 0.5222222222222224 0.7953125 0.6041666666666669 0.8359375 0.6041666666666669
