0 0.81171875 0.37500000000000017 0.7734375 0.37500000000000017 0.7734375 0.4486111111111113 0.81171875 0.4486111111111113
0 0.753125 0.3055555555555557 0.71015625 0.3055555555555557 0.71015625 0.38333333333333347 0.753125 0.38333333333333347
0 0.6828125 0.2763888888888891 0.64765625 0.2763888888888891 0.64765625 0.35416666666666685 0.6828125 0.35416666666666685
0 0.72421875 0.3805555555555557 0.6765625 0.3805555555555557 0.6765625 0.4708333333333335 0.72421875 0.4708333333333335
0 0.64375 0.3388888888888891 0.60234375 0.3388888888888891 0.60234375 0.4291666666666668 0.64375 0.4291666666666668
0 0.56953125 0.37638888888888905 0.51875 0.37638888888888905 0.51875 0.4916666666666668 0.56953125 0.4916666666666668
0 0.6125 0.14583333333333345 0.58125 0.14583333333333345 0.58125 0.20833333333333348 0.6125 0.20833333333333348
0 0.56875 0.1291666666666668 0.5375 0.1291666666666668 0.5375 0.19861111111111124 0.56875 0.19861111111111127
0 0.521875 0.1861111111111112 0.48984375 0.1861111111111112 0.48984375 0.2527777777777779 0.521875 0.2527777777777779
0 0.5109375 0.11944444444444456 0.4859375 0.11944444444444456 0.4859375 0.17083333333333345 0.5109375 0.17083333333333345
0 0.47890625 0.13194444444444453 0.4515625 0.13194444444444453 0.4515625 0.19583333333333341 0.47890625 0.19583333333333341
0 0.421875 0.18055555555555564 0.3921875 0.18055555555555564 0.3921875 0.24305555555555564 0.421875 0.24305555555555564
0 0.4046875 0.11805555555555564 0.3765625 0.11805555555555564 0.3765625 0.1736111111111112 0.4046875 0.1736111111111112
0 0.36953125 0.09444444444444453 0.340625 0.09444444444444453 0.340625 0.14583333333333343 0.36953125 0.14583333333333343
0 0.3859375 0.2208333333333334 0.35078125 0.2208333333333334 0.35078125 0.2930555555555556 0.3859375 0.2930555555555556
0 0.36875 0.15000000000000008 0.3421875 0.15000000000000008 0.3421875 0.20416666666666675 0.36875 0.20416666666666675
0 0.29375 0.10555555555555561 0.26171875 0.1055555555555556 0.26171875 0.17222222222222228 0.29375 0.1722222222222223
0 0.3546875 0.18055555555555564 0.3234375 0.18055555555555564 0.3234375 0.2527777777777779 0.3546875 0.2527777777777779
0 0.30625 0.1666666666666667 0.2671875 0.1666666666666667 0.2671875 0.23888888888888896 0.30625 0.23888888888888896
0 0.26328125 0.16250000000000003 0.23203125 0.16250000000000003 0.23203125 0.22916666666666674 0.26328125 0.22916666666666674
0 0.553125 0.2027777777777779 0.5203125 0.20277777777777786 0.5203125 0.2625000000000001 0.553125 0.2625000000000002
0 0.51796875 0.15555555555555567 0.49140625 0.15555555555555567 0.49140625 0.20138888888888898 0.51796875 0.20138888888888898
0 0.4640625 0.17361111111111122 0.43046875 0.1736111111111112 0.43046875 0.23194444444444454 0.4640625 0.23194444444444454
0 0.3453125 0.12916666666666674 0.309375 0.12916666666666674 0.309375 0.19166666666666674 0.3453125 0.19166666666666674
0 0.24140625 0.2583333333333334 0.21015625 0.2583333333333334 0.21015625 0.3333333333333334 0.24140625 0.3333333333333334
0 0.20703125 0.1805555555555556 0.178125 0.18055555555555555 0.178125 0.24722222222222226 0.20703125 0.2472222222222223
0 0.23671875 0.20277777777777786 0.19921875 0.20277777777777786 0.19921875 0.2805555555555556 0.23671875 0.2805555555555556
