0 0.79921875 0.626388888888889 0.76640625 0.626388888888889 0.76640625 0.6930555555555558 0.79921875 0.6930555555555558
0 0.7359375 0.6777777777777779 0.6984375 0.6777777777777779 0.6984375 0.7472222222222223 0.7359375 0.7472222222222226
0 0.6640625 0.688888888888889 0.634375 0.688888888888889 0.634375 0.7611111111111111 0.6640625 0.7611111111111111
0 0.71328125 0.5833333333333335 0.671875 0.5833333333333335 0.671875 0.6638888888888891 0.71328125 0.6638888888888891
0 0.63046875 0.6055555555555557 0.59453125 0.6055555555555557 0.59453125 0.6875000000000001 0.63046875 0.6875000000000001
0 0.56015625 0.5250000000000001 0.5171875 0.5250000000000001 0.5171875 0.6305555555555558 0.56015625 0.6305555555555558
0 0.584375 0.8166666666666667 0.55703125 0.8166666666666667 0.55703125 0.8722222222222222 0.584375 0.8722222222222222
0 0.5390625 0.8138888888888889 0.5125 0.8138888888888889 0.5125 0.8777777777777778 0.5390625 0.8777777777777778
0 0.49765625 0.7486111111111111 0.4703125 0.7486111111111111 0.4703125 0.8097222222222222 0.49765625 0.8097222222222222
0 0.48203125 0.8277777777777777 0.46015625 0.8277777777777777 0.46015625 0.875 0.48203125 0.875
0 0.45078125 0.7958333333333333 0.42734375 0.7958333333333333 0.42734375 0.8541666666666666 0.45078125 0.8541666666666666
0 0.3976562500000001 0.7347222222222223 0.37187500000000007 0.7347222222222223 0.37187500000000007 0.7916666666666666 0.3976562500000001 0.7916666666666666
0 0.3765625000000001 0.8 0.35234375000000007 0.8 0.35234375000000007 0.85 0.3765625000000001 0.85
0 0.3398437500000001 0.8180555555555555 0.3140625000000001 0.8180555555555555 0.3140625000000001 0.8638888888888889 0.3398437500000001 0.8638888888888889
0 0.3664062500000001 0.6763888888888889 0.3359375000000001 0.6763888888888889 0.3359375000000001 0.7416666666666667 0.3664062500000001 0.7416666666666667
0 0.3429687500000001 0.7597222222222222 0.3203125000000001 0.7597222222222222 0.3203125000000001 0.8083333333333333 0.3429687500000001 0.8083333333333333
0 0.2656250000000001 0.7722222222222223 0.23828125000000008 0.7722222222222223 0.23828125000000008 0.8319444444444445 0.2656250000000001 0.8319444444444445
0 0.3312500000000001 0.7083333333333334 0.3046875000000001 0.7083333333333334 0.3046875000000001 0.775 0.3312500000000001 0.775
0 0.2828125000000001 0.7083333333333334 0.2484375000000001 0.7083333333333334 0.2484375000000001 0.7736111111111111 0.2828125000000001 0.7736111111111111
0 0.23984375000000008 0.7083333333333334 0.21250000000000008 0.7083333333333334 0.21250000000000008 0.7694444444444445 0.23984375000000008 0.7694444444444445
0 0.5296875 0.7486111111111111 0.50078125 0.7486111111111111 0.50078125 0.8013888888888889 0.5296875 0.8013888888888889
0 0.49140625 0.8 0.4671875 0.8 0.4671875 0.8402777777777778 0.49140625 0.8402777777777778
0 0.4390625 0.7569444444444444 0.409375 0.7569444444444444 0.409375 0.8083333333333333 0.4390625 0.8083333333333333
0 0.3187500000000001 0.7666666666666667 0.2867187500000001 0.7666666666666667 0.2867187500000001 0.8222222222222222 0.3187500000000001 0.8222222222222222
0 0.22578125000000004 0.6 0.19921875000000006 0.6 0.19921875000000006 0.6694444444444444 0.2257812500000001 0.6694444444444444
0 0.18515625000000005 0.6777777777777778 0.16093750000000004 0.6777777777777778 0.16093750000000004 0.7388888888888889 0.18515625000000005 0.7388888888888889
0 0.21640625000000008 0.6513888888888889 0.18437500000000004 0.6513888888888889 0.18437500000000004 0.7222222222222222 0.21640625000000008 0.7222222222222222
