0 0.78984375 0.22222222222222238 0.74765625 0.22222222222222238 0.74765625 0.3097222222222224 0.78984375 0.3097222222222224
0 0.71953125 0.19722222222222238 0.6765625 0.19722222222222238 0.6765625 0.27500000000000013 0.71953125 0.27500000000000013
0 0.65703125 0.1958333333333335 0.6140625 0.1958333333333335 0.6140625 0.2819444444444446 0.65703125 0.2819444444444446
0 0.6984375 0.2833333333333335 0.65859375 0.2833333333333335 0.65859375 0.3694444444444446 0.6984375 0.3694444444444446
0 0.62109375 0.2819444444444446 0.5796875 0.2819444444444446 0.5796875 0.3722222222222224 0.62109375 0.3722222222222224
0 0.5765625 0.3652777777777779 0.51875 0.3652777777777779 0.51875 0.4930555555555557 0.5765625 0.4930555555555557
0 0.55859375 0.11111111111111123 0.52734375 0.11111111111111123 0.52734375 0.17361111111111122 0.55859375 0.17361111111111122
0 0.50390625 0.1277777777777779 0.47890625 0.1277777777777779 0.47890625 0.18194444444444452 0.50390625 0.18194444444444452
0 0.48125 0.21527777777777785 0.44921875 0.21527777777777785 0.44921875 0.2819444444444445 0.48125 0.2819444444444445
0 0.4546875 0.14444444444444454 0.4328125 0.14444444444444451 0.4328125 0.1847222222222223 0.4546875 0.1847222222222223
0 0.42734375 0.16111111111111118 0.4 0.16111111111111118 0.4 0.21666666666666676 0.42734375 0.21666666666666676
0 0.37890625 0.23750000000000007 0.34921875 0.23750000000000007 0.34921875 0.3000000000000001 0.37890625 0.3000000000000001
0 0.35390625 0.1847222222222223 0.32578125 0.1847222222222223 0.32578125 0.24027777777777787 0.35390625 0.24027777777777787
0 0.31640625 0.18055555555555564 0.2875 0.18055555555555564 0.2875 0.23194444444444454 0.31640625 0.23194444444444454
0 0.346875 0.29027777777777786 0.31171875 0.29027777777777786 0.31171875 0.3625 0.346875 0.3625
0 0.3375 0.21388888888888896 0.3078125 0.21388888888888896 0.3078125 0.27777777777777785 0.3375 0.27777777777777785
0 0.24375 0.23750000000000007 0.21171875 0.23750000000000007 0.21171875 0.30416666666666675 0.24375 0.30416666666666675
0 0.3171875 0.2708333333333334 0.2859375 0.2708333333333334 0.2859375 0.3430555555555556 0.3171875 0.3430555555555556
0 0.26875 0.2722222222222223 0.23125 0.2722222222222223 0.23125 0.34583333333333344 0.26875 0.34583333333333344
0 0.18984375000000003 0.3152777777777778 0.16171875 0.31527777777777777 0.16171875000000002 0.3597222222222222 0.18984375000000003 0.3597222222222222
0 0.51875 0.16805555555555568 0.4859375 0.16805555555555568 0.4859375 0.22777777777777786 0.51875 0.22777777777777786
0 0.47109375 0.16527777777777788 0.44140625 0.16527777777777786 0.44140625 0.22777777777777786 0.47109375 0.22777777777777786
0 0.42265625 0.20277777777777786 0.3890625 0.20277777777777786 0.3890625 0.2611111111111112 0.42265625 0.2611111111111112
0 0.29921875 0.22638888888888897 0.26328125 0.22638888888888897 0.26328125 0.288888888888889 0.29921875 0.288888888888889
0 0.23046875 0.3819444444444444 0.19921875000000006 0.3819444444444444 0.19921875000000006 0.45694444444444443 0.23046875 0.45694444444444443
0 0.17265625000000004 0.3527777777777778 0.14375000000000004 0.3527777777777778 0.14375000000000004 0.41944444444444445 0.17265625000000004 0.41944444444444445
0 0.19843750000000004 0.3513888888888889 0.16640625000000003 0.35138888888888886 0.16640625000000003 0.42777777777777776 0.19843750000000004 0.42777777777777776