0 0.23046875 0.30277777777777787 0.19453125 0.30277777777777787 0.19453125000000002 0.38333333333333336 0.23046875 0.38333333333333336
0 0.30546875 0.2583333333333334 0.2671875 0.2583333333333334 0.2671875 0.32777777777777783 0.30546875 0.32777777777777783
0 0.36796875 0.2361111111111112 0.33125 0.2361111111111112 0.33125 0.313888888888889 0.36796875 0.313888888888889
0 0.340625 0.3444444444444445 0.296875 0.3444444444444445 0.296875 0.43333333333333335 0.340625 0.43333333333333335
0 0.40546875 0.31250000000000006 0.36953125 0.31250000000000006 0.36953125 0.3944444444444446 0.40546875 0.3944444444444446
0 0.47578125 0.38472222222222235 0.42734375 0.38472222222222235 0.42734375 0.501388888888889 0.47578125 0.501388888888889
0 0.44296875 0.12916666666666674 0.415625 0.12916666666666674 0.415625 0.1847222222222223 0.44296875 0.1847222222222223
0 0.50390625 0.13750000000000012 0.4828125 0.13750000000000012 0.4828125 0.1861111111111112 0.50390625 0.1861111111111112
0 0.521875 0.21250000000000008 0.49453125 0.21250000000000008 0.49453125 0.2722222222222223 0.521875 0.2722222222222223
0 0.5390625 0.13611111111111124 0.51953125 0.13611111111111124 0.51953125 0.17222222222222233 0.5390625 0.17222222222222233
0 0.5734375 0.14722222222222234 0.54765625 0.14722222222222234 0.54765625 0.19444444444444461 0.5734375 0.19444444444444461
0 0.62890625 0.20833333333333348 0.60390625 0.20833333333333348 0.60390625 0.26527777777777795 0.62890625 0.26527777777777795
0 0.6484375 0.15138888888888902 0.6234375 0.15138888888888902 0.6234375 0.20138888888888903 0.6484375 0.20138888888888903
0 0.6890625 0.13750000000000015 0.66328125 0.13750000000000015 0.66328125 0.1833333333333335 0.6890625 0.1833333333333335
0 0.67109375 0.25277777777777793 0.640625 0.25277777777777793 0.640625 0.3180555555555557 0.67109375 0.3180555555555557
0 0.6765625 0.17777777777777792 0.6515625 0.17777777777777792 0.6515625 0.23611111111111127 0.6765625 0.23611111111111127
0 0.765625 0.17500000000000016 0.73828125 0.17500000000000016 0.73828125 0.2347222222222224 0.765625 0.2347222222222224
0 0.6953125 0.22500000000000014 0.66875 0.22500000000000014 0.66875 0.29166666666666685 0.6953125 0.29166666666666685
0 0.74921875 0.21527777777777793 0.71640625 0.21527777777777793 0.71640625 0.2819444444444446 0.74921875 0.2819444444444446
0 0.821875 0.23888888888888904 0.79609375 0.23888888888888904 0.79609375 0.27777777777777796 0.821875 0.27777777777777796
0 0.48984375 0.17916666666666675 0.46171875 0.17916666666666675 0.46171875 0.23194444444444454 0.48984375 0.23194444444444454
0 0.53046875 0.14722222222222234 0.50078125 0.14722222222222234 0.50078125 0.21666666666666676 0.53046875 0.21666666666666676
0 0.58671875 0.18611111111111128 0.55703125 0.18611111111111128 0.55703125 0.23750000000000016 0.58671875 0.23750000000000016
0 0.7125 0.17777777777777792 0.68046875 0.17777777777777792 0.68046875 0.2333333333333335 0.7125 0.2333333333333335
0 0.7890625 0.3069444444444446 0.76328125 0.3069444444444446 0.76328125 0.37638888888888905 0.7890625 0.37638888888888905
0 0.8421875 0.2708333333333335 0.81796875 0.2708333333333335 0.81796875 0.3319444444444446 0.8421875 0.3319444444444446
0 0.81484375 0.2763888888888891 0.78828125 0.2763888888888891 0.78828125 0.3472222222222224 0.81484375 0.3472222222222224
