0 0.79921875 0.6666666666666669 0.759375 0.6666666666666669 0.759375 0.7513888888888892 0.79921875 0.7513888888888892
0 0.7203125 0.6944444444444446 0.67890625 0.6944444444444446 0.67890625 0.7736111111111111 0.7203125 0.7736111111111111
0 0.6515625 0.7000000000000002 0.6109375 0.7000000000000002 0.6109375 0.7819444444444444 0.6515625 0.7819444444444444
0 0.69296875 0.6097222222222224 0.6453125 0.6097222222222224 0.6453125 0.7055555555555557 0.69296875 0.7055555555555557
0 0.625 0.6194444444444446 0.58515625 0.6194444444444446 0.58515625 0.7069444444444446 0.625 0.7069444444444446
0 0.57578125 0.4972222222222224 0.52109375 0.4972222222222224 0.52109375 0.6208333333333335 0.57578125 0.6208333333333335
0 0.56875 0.8208333333333333 0.5390625 0.8208333333333333 0.5390625 0.8805555555555555 0.56875 0.8805555555555555
0 0.50859375 0.8180555555555555 0.48515625 0.8180555555555555 0.48515625 0.8694444444444445 0.50859375 0.8694444444444445
0 0.4890625 0.7416666666666667 0.45859375 0.7416666666666667 0.45859375 0.8069444444444445 0.4890625 0.8069444444444445
0 0.46796875 0.8291666666666667 0.44609375 0.8291666666666667 0.44609375 0.8625 0.46796875 0.8625
0 0.43828125 0.7930555555555555 0.41015625 0.7930555555555555 0.41015625 0.8444444444444444 0.43828125 0.8444444444444444
0 0.3851562500000001 0.7138888888888889 0.3570312500000001 0.7138888888888889 0.3570312500000001 0.7736111111111111 0.3851562500000001 0.7736111111111111
0 0.3625000000000001 0.775 0.3359375000000001 0.775 0.3359375000000001 0.8291666666666667 0.3625000000000001 0.8291666666666667
0 0.3218750000000001 0.7861111111111111 0.29375000000000007 0.7861111111111111 0.29375000000000007 0.8361111111111111 0.3218750000000001 0.8361111111111111
0 0.35937500000000006 0.6444444444444445 0.32578125 0.6444444444444445 0.32578125 0.7138888888888889 0.3593750000000001 0.7138888888888889
0 0.33671875000000007 0.7361111111111112 0.3085937500000001 0.7361111111111112 0.3085937500000001 0.7972222222222223 0.33671875000000007 0.7972222222222223
0 0.2500000000000001 0.7236111111111111 0.2195312500000001 0.7236111111111111 0.2195312500000001 0.7875 0.2500000000000001 0.7875
0 0.3218750000000001 0.6763888888888889 0.2921875000000001 0.6763888888888889 0.2921875000000001 0.7472222222222222 0.3218750000000001 0.7472222222222222
0 0.2710937500000001 0.6666666666666666 0.2351562500000001 0.6666666666666666 0.2351562500000001 0.7375 0.2710937500000001 0.7375
0 0.19140625000000006 0.6652777777777777 0.16406250000000006 0.6652777777777777 0.16406250000000006 0.7069444444444445 0.19140625000000006 0.7069444444444445
0 0.53203125 0.7791666666666667 0.50078125 0.7791666666666667 0.50078125 0.8472222222222222 0.53203125 0.8472222222222222
0 0.478125 0.7888888888888889 0.45234375 0.7888888888888889 0.45234375 0.8486111111111111 0.478125 0.8486111111111111
0 0.43515625 0.7527777777777778 0.40234375 0.7527777777777778 0.40234375 0.8083333333333333 0.43515625 0.8083333333333333
0 0.3078125000000001 0.7319444444444444 0.2734375000000001 0.7319444444444444 0.2734375000000001 0.7930555555555555 0.3078125000000001 0.7930555555555555
0 0.221875 0.55 0.19218750000000004 0.55 0.19218750000000004 0.6236111111111111 0.221875 0.6236111111111111
0 0.17421875000000003 0.6152777777777778 0.14687500000000003 0.6152777777777778 0.14687500000000003 0.6805555555555556 0.17421875000000003 0.6805555555555556
0 0.20546875000000003 0.6041666666666666 0.17578125000000006 0.6041666666666666 0.17578125000000006 0.6791666666666667 0.2054687500000001 0.6791666666666667
