0 0.7921875 0.7000000000000002 0.74921875 0.7000000000000002 0.74921875 0.7888888888888892 0.7921875 0.7888888888888892
0 0.68984375 0.7166666666666667 0.65234375 0.7166666666666667 0.65234375 0.7694444444444445 0.68984375 0.7694444444444445
0 0.64296875 0.7138888888888889 0.59921875 0.7138888888888889 0.59921875 0.8 0.64296875 0.8
0 0.69609375 0.6347222222222224 0.646875 0.6347222222222224 0.646875 0.7291666666666666 0.69609375 0.7291666666666666
0 0.61953125 0.6305555555555558 0.57734375 0.6305555555555558 0.57734375 0.7222222222222222 0.61953125 0.7222222222222222
0 0.56953125 0.5180555555555557 0.5109375 0.5180555555555557 0.5109375 0.6472222222222224 0.56953125 0.6472222222222224
0 0.55234375 0.8180555555555555 0.52109375 0.8180555555555555 0.52109375 0.8805555555555555 0.55234375 0.8805555555555555
0 0.5015625 0.8291666666666667 0.4765625 0.8291666666666667 0.4765625 0.8833333333333333 0.5015625 0.8833333333333333
0 0.478125 0.7138888888888889 0.4453125 0.7138888888888889 0.4453125 0.7819444444444444 0.478125 0.7819444444444444
0 0.4546875 0.8194444444444444 0.4296875 0.8194444444444444 0.4296875 0.8583333333333333 0.4546875 0.8583333333333333
0 0.4265625 0.7805555555555556 0.3968750000000001 0.7805555555555556 0.3968750000000001 0.8347222222222223 0.4265625 0.8347222222222223
0 0.3773437500000001 0.6958333333333334 0.3468750000000001 0.6958333333333333 0.3468750000000001 0.7583333333333333 0.3773437500000001 0.7583333333333333
0 0.3515625000000001 0.7541666666666667 0.3226562500000001 0.7541666666666667 0.3226562500000001 0.8111111111111111 0.3515625000000001 0.8111111111111111
0 0.3109375000000001 0.7611111111111111 0.2812500000000001 0.7611111111111111 0.2812500000000001 0.8138888888888889 0.3109375000000001 0.8138888888888889
0 0.33906250000000004 0.6180555555555556 0.303125 0.6180555555555556 0.30312500000000003 0.6916666666666667 0.3390625000000001 0.6916666666666667
0 0.3281250000000001 0.7125 0.29765625000000007 0.7125 0.29765625000000007 0.7763888888888889 0.3281250000000001 0.7763888888888889
0 0.2453125000000001 0.6902777777777778 0.21250000000000008 0.6902777777777778 0.21250000000000008 0.7569444444444444 0.2453125000000001 0.7569444444444444
0 0.31328125000000007 0.6513888888888889 0.2835937500000001 0.6513888888888889 0.2835937500000001 0.7236111111111111 0.31328125000000007 0.7236111111111111
0 0.2671875 0.6430555555555556 0.22890625 0.6430555555555556 0.22890625000000003 0.7180555555555556 0.2671875000000001 0.7180555555555556
0 0.51953125 0.775 0.4859375 0.775 0.4859375 0.8458333333333333 0.51953125 0.8458333333333333
0 0.46640625 0.7722222222222223 0.43828125 0.7722222222222223 0.43828125 0.8333333333333334 0.46640625 0.8333333333333334
0 0.4265625 0.725 0.3804687500000001 0.725 0.3804687500000001 0.8 0.4265625 0.8
0 0.29375000000000007 0.7027777777777777 0.2578125000000001 0.7027777777777777 0.2578125000000001 0.7666666666666667 0.29375000000000007 0.7666666666666667
0 0.22109375 0.5125 0.18906250000000005 0.5125 0.18906250000000005 0.5888888888888889 0.22109375 0.5888888888888889
0 0.17421875000000003 0.5791666666666667 0.14453125000000006 0.5791666666666667 0.14453125000000006 0.6458333333333334 0.17421875000000003 0.6458333333333334
0 0.20234375 0.5638888888888889 0.16953125000000005 0.5638888888888889 0.16953125000000005 0.6416666666666667 0.20234375 0.6416666666666667
