0 0.2296875 0.2944444444444445 0.19375 0.2944444444444445 0.19375000000000003 0.375 0.2296875 0.375
0 0.32734375 0.2847222222222223 0.29296875 0.2847222222222223 0.29296875 0.3291666666666667 0.32734375 0.3291666666666667
0 0.3765625 0.24166666666666675 0.3390625 0.24166666666666675 0.3390625 0.31944444444444453 0.3765625 0.31944444444444453
0 0.3359375 0.32638888888888895 0.29375 0.32638888888888895 0.29375 0.4097222222222222 0.3359375 0.4097222222222222
0 0.40546875 0.31250000000000006 0.36953125 0.31250000000000006 0.36953125 0.3944444444444446 0.40546875 0.3944444444444446
0 0.478125 0.3708333333333335 0.42890625 0.3708333333333335 0.42890625 0.48750000000000016 0.478125 0.48750000000000016
0 0.44609375 0.13750000000000007 0.41953125 0.13750000000000007 0.41953125 0.19305555555555565 0.44609375 0.19305555555555565
0 0.48984375 0.12083333333333345 0.46953125 0.12083333333333345 0.46953125 0.16944444444444456 0.48984375 0.16944444444444456
0 0.53046875 0.21388888888888896 0.50234375 0.21388888888888896 0.50234375 0.2750000000000001 0.53046875 0.2750000000000001
0 0.5390625 0.13333333333333344 0.515625 0.13333333333333344 0.515625 0.1666666666666668 0.5390625 0.1666666666666668
0 0.5734375 0.14722222222222234 0.54765625 0.14722222222222234 0.54765625 0.19444444444444461 0.5734375 0.19444444444444461
0 0.62890625 0.20833333333333348 0.60390625 0.20833333333333348 0.60390625 0.26527777777777795 0.62890625 0.26527777777777795
0 0.6484375 0.15138888888888902 0.6234375 0.15138888888888902 0.6234375 0.20138888888888903 0.6484375 0.20138888888888903
0 0.6890625 0.13750000000000015 0.66328125 0.13750000000000015 0.66328125 0.1833333333333335 0.6890625 0.1833333333333335
0 0.67890625 0.26388888888888906 0.6484375 0.26388888888888906 0.6484375 0.3305555555555557 0.67890625 0.3305555555555557
0 0.6765625 0.17777777777777792 0.6515625 0.17777777777777792 0.6515625 0.23611111111111127 0.6765625 0.23611111111111127
0 0.76171875 0.17500000000000016 0.734375 0.17500000000000016 0.734375 0.2347222222222224 0.76171875 0.2347222222222224
0 0.6953125 0.22500000000000014 0.67109375 0.22500000000000014 0.67109375 0.29166666666666685 0.6953125 0.29166666666666685
0 0.74921875 0.21805555555555572 0.7171875 0.21805555555555572 0.7171875 0.2847222222222224 0.74921875 0.2847222222222224
0 0.484375 0.16250000000000012 0.45625 0.16250000000000012 0.45625 0.22638888888888897 0.484375 0.22638888888888897
0 0.53203125 0.16111111111111123 0.509375 0.16111111111111123 0.509375 0.21666666666666676 0.53203125 0.21666666666666676
0 0.59296875 0.1819444444444446 0.55234375 0.1819444444444446 0.55234375 0.24722222222222237 0.59296875 0.24722222222222237
0 0.7171875 0.17777777777777792 0.68515625 0.17777777777777792 0.68515625 0.2333333333333335 0.7171875 0.2333333333333335
0 0.80078125 0.3333333333333335 0.77421875 0.3333333333333335 0.77421875 0.40277777777777796 0.80078125 0.40277777777777796
0 0.8390625 0.26388888888888906 0.8140625 0.26388888888888906 0.8140625 0.3250000000000002 0.8390625 0.3250000000000002
0 0.81484375 0.2763888888888891 0.78828125 0.2763888888888891 0.78828125 0.3472222222222224 0.81484375 0.3472222222222224
