0 0.22890625 0.30416666666666675 0.1921875 0.30416666666666675 0.1921875 0.38472222222222224 0.22890625 0.38472222222222224
0 0.31953125 0.27916666666666673 0.28515625 0.27916666666666673 0.28515625 0.32500000000000007 0.31953125 0.32500000000000007
0 0.375 0.24305555555555564 0.33671875 0.24305555555555564 0.33671875 0.3208333333333334 0.375 0.3208333333333334
0 0.33359375 0.32500000000000007 0.290625 0.32500000000000007 0.290625 0.4097222222222222 0.33359375 0.4097222222222222
0 0.4046875 0.3152777777777779 0.36796875 0.3152777777777779 0.36796875 0.39861111111111125 0.4046875 0.39861111111111125
0 0.4703125 0.3805555555555557 0.4203125 0.3805555555555557 0.4203125 0.4986111111111113 0.4703125 0.4986111111111113
0 0.44375 0.14027777777777786 0.41640625 0.14027777777777786 0.41640625 0.1972222222222223 0.44375 0.1972222222222223
0 0.4828125 0.12361111111111123 0.4609375 0.12361111111111123 0.4609375 0.17361111111111122 0.4828125 0.17361111111111122
0 0.528125 0.21388888888888896 0.5 0.21388888888888896 0.5 0.27638888888888896 0.528125 0.27638888888888896
0 0.5359375 0.13194444444444456 0.5125 0.13194444444444456 0.5125 0.16527777777777788 0.5359375 0.16527777777777788
0 0.57734375 0.14861111111111122 0.55078125 0.14861111111111122 0.55078125 0.19722222222222238 0.57734375 0.19722222222222238
0 0.625 0.19722222222222238 0.5984375 0.19722222222222238 0.5984375 0.2541666666666668 0.625 0.2541666666666668
0 0.64453125 0.13472222222222235 0.61953125 0.13472222222222235 0.61953125 0.18611111111111128 0.64453125 0.18611111111111128
0 0.6859375 0.13194444444444461 0.659375 0.13194444444444461 0.659375 0.17916666666666684 0.6859375 0.17916666666666684
0 0.671875 0.2569444444444446 0.640625 0.2569444444444446 0.640625 0.3236111111111113 0.671875 0.3236111111111113
0 0.67421875 0.17361111111111127 0.6484375 0.17361111111111127 0.6484375 0.2319444444444446 0.67421875 0.2319444444444446
0 0.76875 0.1708333333333335 0.740625 0.1708333333333335 0.740625 0.2319444444444446 0.76875 0.2319444444444446
0 0.69296875 0.2194444444444446 0.66796875 0.2194444444444446 0.66796875 0.28611111111111126 0.69296875 0.28611111111111126
0 0.74765625 0.21111111111111128 0.7140625 0.21111111111111128 0.7140625 0.27916666666666684 0.74765625 0.27916666666666684
0 0.48203125 0.1625000000000001 0.453125 0.1625000000000001 0.453125 0.22777777777777786 0.48203125 0.22777777777777786
0 0.5296875 0.15972222222222235 0.50625 0.15972222222222235 0.50625 0.21666666666666676 0.5296875 0.21666666666666676
0 0.590625 0.17916666666666684 0.54921875 0.17916666666666684 0.54921875 0.2458333333333335 0.590625 0.2458333333333335
0 0.69921875 0.1708333333333335 0.67421875 0.1708333333333335 0.67421875 0.22361111111111126 0.69921875 0.22361111111111126
0 0.8 0.3250000000000002 0.7734375 0.3250000000000002 0.7734375 0.3958333333333335 0.8 0.3958333333333335
0 0.8375 0.2541666666666668 0.8125 0.2541666666666668 0.8125 0.31527777777777793 0.8375 0.31527777777777793
0 0.81328125 0.26666666666666683 0.7859375 0.26666666666666683 0.7859375 0.3388888888888891 0.81328125 0.3388888888888891
0 0.621875 0.2569444444444446 0.58359375 0.2569444444444446 0.58359375 0.3319444444444446 0.621875 0.3319444444444446