0 0.2296875 0.2944444444444445 0.19375 0.2944444444444445 0.19375000000000003 0.375 0.2296875 0.375
0 0.32109375 0.2736111111111112 0.2875 0.2736111111111112 0.2875 0.31805555555555565 0.32109375 0.31805555555555565
0 0.3765625 0.23888888888888896 0.3390625 0.23888888888888896 0.3390625 0.31666666666666676 0.3765625 0.31666666666666676
0 0.33359375 0.31944444444444453 0.2921875 0.31944444444444453 0.2921875 0.4027777777777778 0.33359375 0.4027777777777778
0 0.40546875 0.31250000000000006 0.36953125 0.31250000000000006 0.36953125 0.3944444444444446 0.40546875 0.3944444444444446
0 0.4703125 0.3791666666666668 0.421875 0.3791666666666668 0.421875 0.4958333333333335 0.4703125 0.4958333333333335
0 0.44609375 0.13750000000000007 0.41953125 0.13750000000000007 0.41953125 0.19305555555555565 0.44609375 0.19305555555555565
0 0.48515625 0.12222222222222234 0.46484375 0.12222222222222234 0.46484375 0.17083333333333345 0.48515625 0.17083333333333345
0 0.53046875 0.21388888888888896 0.50234375 0.21388888888888896 0.50234375 0.2750000000000001 0.53046875 0.2750000000000001
0 0.5390625 0.13333333333333344 0.515625 0.13333333333333344 0.515625 0.1666666666666668 0.5390625 0.1666666666666668
0 0.5796875 0.15138888888888902 0.55390625 0.15138888888888902 0.55390625 0.19861111111111127 0.5796875 0.19861111111111127
0 0.62734375 0.20000000000000015 0.6015625 0.20000000000000015 0.6015625 0.2569444444444446 0.62734375 0.2569444444444446
0 0.64765625 0.13888888888888903 0.62265625 0.138888888888889 0.62265625 0.19027777777777793 0.64765625 0.19027777777777793
0 0.6890625 0.13750000000000015 0.66328125 0.13750000000000015 0.66328125 0.1833333333333335 0.6890625 0.1833333333333335
0 0.6734375 0.2625000000000002 0.64296875 0.2625000000000002 0.64296875 0.32777777777777795 0.6734375 0.32777777777777795
0 0.6765625 0.17777777777777792 0.6515625 0.17777777777777792 0.6515625 0.23611111111111127 0.6765625 0.23611111111111127
0 0.77109375 0.17916666666666684 0.74375 0.17916666666666684 0.74375 0.23888888888888904 0.77109375 0.23888888888888904
0 0.6953125 0.22500000000000014 0.67109375 0.22500000000000014 0.67109375 0.29166666666666685 0.6953125 0.29166666666666685
0 0.74921875 0.21805555555555572 0.7171875 0.21805555555555572 0.7171875 0.2847222222222224 0.74921875 0.2847222222222224
0 0.484375 0.16250000000000012 0.45625 0.16250000000000012 0.45625 0.22638888888888897 0.484375 0.22638888888888897
0 0.53203125 0.16111111111111123 0.509375 0.16111111111111123 0.509375 0.21666666666666676 0.53203125 0.21666666666666676
0 0.59296875 0.1819444444444446 0.55234375 0.1819444444444446 0.55234375 0.24722222222222237 0.59296875 0.24722222222222237
0 0.7015625 0.17638888888888904 0.6765625 0.17638888888888904 0.6765625 0.22916666666666682 0.7015625 0.22916666666666682
0 0.80078125 0.3333333333333335 0.77421875 0.3333333333333335 0.77421875 0.40277777777777796 0.80078125 0.40277777777777796
0 0.8390625 0.26388888888888906 0.8140625 0.26388888888888906 0.8140625 0.3250000000000002 0.8390625 0.3250000000000002
0 0.81484375 0.2763888888888891 0.78828125 0.2763888888888891 0.78828125 0.3472222222222224 0.81484375 0.3472222222222224
0 0.6234375 0.25972222222222235 0.5859375 0.25972222222222235 0.5859375 0.3333333333333335 0.6234375 0.3333333333333335