0 0.221875 0.3819444444444444 0.17890625000000004 0.3819444444444444 0.17890625000000004 0.4708333333333333 0.221875 0.4708333333333333
0 0.30625 0.33194444444444454 0.26875 0.33194444444444454 0.26875 0.3861111111111111 0.30625 0.3861111111111111
0 0.3609375 0.2819444444444445 0.31640625 0.2819444444444445 0.31640625 0.36944444444444446 0.3609375 0.36944444444444446
0 0.32734375 0.3736111111111111 0.278125 0.3736111111111111 0.278125 0.46805555555555556 0.32734375 0.46805555555555556
0 0.396875 0.34583333333333344 0.35390625 0.34583333333333344 0.35390625 0.43750000000000006 0.396875 0.43750000000000017
0 0.4703125 0.39027777777777795 0.4109375 0.39027777777777795 0.4109375 0.5208333333333335 0.4703125 0.5208333333333335
0 0.4171875 0.1597222222222223 0.38515625 0.1597222222222223 0.38515625 0.22361111111111118 0.4171875 0.22361111111111118
0 0.45390625 0.13333333333333344 0.428125 0.13333333333333341 0.428125 0.18750000000000008 0.45390625 0.18750000000000008
0 0.5078125 0.2097222222222223 0.475 0.2097222222222223 0.475 0.27777777777777785 0.5078125 0.27777777777777785
0 0.50546875 0.1277777777777779 0.4796875 0.1277777777777779 0.4796875 0.1666666666666668 0.50546875 0.1666666666666668
0 0.54921875 0.13194444444444456 0.51953125 0.13194444444444456 0.51953125 0.18611111111111123 0.54921875 0.18611111111111128
0 0.6015625 0.16527777777777788 0.5703125 0.16527777777777788 0.5703125 0.22916666666666682 0.6015625 0.22916666666666682
0 0.61484375 0.10000000000000012 0.5859375 0.10000000000000012 0.5859375 0.15694444444444455 0.61484375 0.15694444444444455
0 0.65546875 0.08472222222222237 0.62578125 0.08472222222222237 0.62578125 0.13750000000000015 0.65546875 0.13750000000000015
0 0.65390625 0.21250000000000016 0.6171875 0.21250000000000016 0.6171875 0.28611111111111126 0.65390625 0.28611111111111126
0 0.6484375 0.12916666666666682 0.61796875 0.1291666666666668 0.61796875 0.19444444444444461 0.6484375 0.19444444444444461
0 0.7421875 0.10000000000000016 0.709375 0.10000000000000016 0.709375 0.1680555555555557 0.7421875 0.1680555555555557
0 0.671875 0.1708333333333335 0.64140625 0.1708333333333335 0.64140625 0.24305555555555572 0.671875 0.24305555555555572
0 0.725 0.14583333333333348 0.68671875 0.14583333333333348 0.68671875 0.2208333333333335 0.725 0.2208333333333335
0 0.45859375 0.17222222222222233 0.42421875 0.1722222222222223 0.42421875 0.24444444444444452 0.45859375 0.24444444444444452
0 0.50390625 0.15555555555555567 0.47578125 0.15555555555555567 0.47578125 0.21805555555555564 0.50390625 0.21805555555555564
0 0.5671875 0.15833333333333346 0.5203125 0.15833333333333346 0.5203125 0.23472222222222233 0.5671875 0.2347222222222224
0 0.671875 0.1194444444444446 0.64296875 0.1194444444444446 0.64296875 0.17916666666666684 0.671875 0.17916666666666684
0 0.78671875 0.2444444444444446 0.75390625 0.2444444444444446 0.75390625 0.32083333333333347 0.78671875 0.32083333333333347
0 0.81640625 0.16250000000000017 0.78671875 0.16250000000000014 0.78671875 0.2305555555555557 0.81640625 0.2305555555555557
0 0.7953125 0.1833333333333335 0.7625 0.1833333333333335 0.7625 0.2611111111111113 0.7953125 0.2611111111111113
0 0.60546875 0.22500000000000014 0.56171875 0.22500000000000014 0.56171875 0.3097222222222224 0.60546875 0.3097222222222224