0 0.221875 0.5388888888888889 0.17890625000000004 0.5388888888888889 0.17890625000000004 0.6277777777777778 0.221875 0.6277777777777778
0 0.30781250000000004 0.6208333333333333 0.2703125 0.6208333333333333 0.27031250000000007 0.6736111111111112 0.3078125000000001 0.6736111111111112
0 0.35625000000000007 0.6361111111111111 0.3125 0.6361111111111111 0.31250000000000006 0.7222222222222222 0.35625000000000007 0.7222222222222222
0 0.32578125 0.5375 0.2765625 0.5375 0.2765625 0.6319444444444444 0.32578125 0.6319444444444444
0 0.39687500000000003 0.5680555555555556 0.3546875 0.5680555555555555 0.35468750000000004 0.6597222222222223 0.3968750000000001 0.6597222222222224
0 0.4703125 0.4833333333333335 0.41171875 0.4833333333333335 0.41171875 0.6125000000000002 0.4703125 0.6125000000000002
0 0.4203125 0.7805555555555556 0.3890625000000001 0.7805555555555556 0.3890625000000001 0.8430555555555556 0.4203125 0.8430555555555556
0 0.4578125 0.8138888888888889 0.4328125 0.8138888888888889 0.4328125 0.8680555555555556 0.4578125 0.8680555555555556
0 0.5 0.7430555555555556 0.4671875 0.7430555555555556 0.4671875 0.8083333333333333 0.5 0.8083333333333333
0 0.509375 0.8347222222222223 0.484375 0.8347222222222223 0.484375 0.8736111111111111 0.509375 0.8736111111111111
0 0.5484375 0.8125 0.51875 0.8125 0.51875 0.8666666666666667 0.5484375 0.8666666666666667
0 0.6 0.7694444444444445 0.56953125 0.7694444444444445 0.56953125 0.8319444444444445 0.6 0.8319444444444445
0 0.61875 0.8305555555555556 0.58984375 0.8305555555555556 0.58984375 0.8875 0.61875 0.8875
0 0.659375 0.8583333333333333 0.6296875 0.8583333333333333 0.6296875 0.9111111111111111 0.659375 0.9111111111111111
0 0.63125 0.725 0.5953125 0.725 0.5953125 0.7986111111111112 0.63125 0.7986111111111112
0 0.6515625 0.8027777777777778 0.62109375 0.8027777777777778 0.62109375 0.8666666666666667 0.6515625 0.8666666666666667
0 0.7453125 0.8263888888888891 0.7125 0.8263888888888888 0.7125 0.8930555555555557 0.7453125 0.8930555555555558
0 0.6875 0.7472222222222222 0.6515625 0.7472222222222222 0.6515625 0.8222222222222222 0.6875 0.8222222222222222
0 0.728125 0.7722222222222224 0.68984375 0.7722222222222223 0.68984375 0.8472222222222224 0.728125 0.8472222222222225
0 0.4609375 0.7583333333333333 0.42734375 0.7583333333333333 0.42734375 0.8291666666666667 0.4609375 0.8291666666666667
0 0.50078125 0.7958333333333333 0.4734375 0.7958333333333333 0.4734375 0.8444444444444444 0.50078125 0.8444444444444444
0 0.56953125 0.7652777777777777 0.5234375 0.7652777777777777 0.5234375 0.8402777777777778 0.56953125 0.8402777777777778
0 0.675 0.8180555555555555 0.64609375 0.8180555555555555 0.64609375 0.8763888888888889 0.675 0.8763888888888889
0 0.77265625 0.6958333333333335 0.740625 0.6958333333333335 0.740625 0.7722222222222226 0.77265625 0.7722222222222226
0 0.81953125 0.7611111111111114 0.78984375 0.7611111111111114 0.78984375 0.8277777777777781 0.81953125 0.8277777777777781
0 0.79765625 0.7319444444444447 0.76484375 0.7319444444444447 0.76484375 0.8097222222222226 0.79765625 0.8097222222222226
0 0.58984375 0.688888888888889 0.54609375 0.688888888888889 0.54609375 0.7722222222222223 0.58984375 0.7722222222222223
