0 0.8015625 0.6597222222222224 0.7625 0.6597222222222224 0.7625 0.7430555555555559 0.8015625 0.7430555555555559
0 0.70546875 0.7041666666666668 0.66953125 0.7041666666666668 0.66953125 0.7527777777777778 0.70546875 0.7527777777777778
0 0.659375 0.7000000000000002 0.61875 0.7000000000000002 0.61875 0.7819444444444444 0.659375 0.7819444444444444
0 0.70625 0.6166666666666668 0.6609375 0.6166666666666668 0.6609375 0.7055555555555557 0.70625 0.7055555555555557
0 0.6265625 0.6166666666666668 0.5875 0.6166666666666668 0.5875 0.702777777777778 0.6265625 0.702777777777778
0 0.578125 0.5083333333333335 0.525 0.5083333333333335 0.525 0.6305555555555558 0.578125 0.6305555555555558
0 0.56875 0.8125 0.53984375 0.8125 0.53984375 0.8708333333333333 0.56875 0.8708333333333333
0 0.521875 0.8277777777777777 0.49921875 0.8277777777777777 0.49921875 0.8791666666666667 0.521875 0.8791666666666667
0 0.496875 0.7444444444444445 0.46640625 0.7444444444444445 0.46640625 0.8069444444444445 0.496875 0.8069444444444445
0 0.4703125 0.8277777777777777 0.44609375 0.8277777777777777 0.44609375 0.8638888888888889 0.4703125 0.8638888888888889
0 0.43828125 0.7916666666666666 0.4109375 0.7916666666666666 0.4109375 0.8416666666666667 0.43828125 0.8416666666666667
0 0.3945312500000001 0.7291666666666666 0.3664062500000001 0.7291666666666666 0.3664062500000001 0.7888888888888889 0.3945312500000001 0.7888888888888889
0 0.3664062500000001 0.7819444444444444 0.3398437500000001 0.7819444444444444 0.3398437500000001 0.8347222222222223 0.3664062500000001 0.8347222222222223
0 0.32500000000000007 0.7930555555555555 0.29765625000000007 0.7930555555555555 0.29765625000000007 0.8416666666666667 0.32500000000000007 0.8416666666666667
0 0.3726562500000001 0.675 0.3398437500000001 0.675 0.3398437500000001 0.7444444444444445 0.3726562500000001 0.7444444444444445
0 0.3390625000000001 0.7416666666666667 0.3117187500000001 0.7416666666666667 0.3117187500000001 0.8027777777777778 0.3390625000000001 0.8027777777777778
0 0.2468750000000001 0.7263888888888889 0.2171875000000001 0.7263888888888889 0.2171875000000001 0.7902777777777777 0.2468750000000001 0.7902777777777777
0 0.3156250000000001 0.6736111111111112 0.2828125000000001 0.6736111111111112 0.2828125000000001 0.7458333333333333 0.3156250000000001 0.7458333333333333
0 0.2757812500000001 0.6833333333333333 0.2406250000000001 0.6833333333333333 0.2406250000000001 0.7541666666666667 0.2757812500000001 0.7541666666666667
0 0.5328125 0.775 0.50234375 0.775 0.50234375 0.8430555555555556 0.5328125 0.8430555555555556
0 0.48515625 0.7944444444444444 0.459375 0.7944444444444444 0.459375 0.8402777777777778 0.48515625 0.8402777777777778
0 0.43828125 0.7416666666666667 0.39531250000000007 0.7416666666666667 0.39531250000000007 0.8111111111111111 0.43828125 0.8111111111111111
0 0.31328125000000007 0.7458333333333333 0.2867187500000001 0.7458333333333333 0.2867187500000001 0.8013888888888889 0.31328125000000007 0.8013888888888889
0 0.23515625000000004 0.5888888888888889 0.20625 0.5888888888888889 0.20625000000000004 0.6611111111111111 0.2351562500000001 0.6611111111111111
0 0.17968750000000006 0.6333333333333333 0.15312500000000004 0.6333333333333333 0.15312500000000004 0.6972222222222222 0.17968750000000006 0.6972222222222222
0 0.20703125000000006 0.6138888888888889 0.17734375000000005 0.6138888888888889 0.17734375000000005 0.6875 0.20703125000000008 0.6875
0 0.425 0.6583333333333334 0.3851562500000001 0.6583333333333334 0.3851562500000001 0.7375 0.425 0.7375
