0 0.22890625 0.2944444444444445 0.19296875 0.2944444444444445 0.19296875000000002 0.375 0.22890625 0.375
0 0.32109375 0.2736111111111112 0.2875 0.2736111111111112 0.2875 0.31805555555555565 0.32109375 0.31805555555555565
0 0.36328125 0.2458333333333334 0.32890625 0.2458333333333334 0.32890625 0.33194444444444454 0.36328125 0.33194444444444454
0 0.33203125 0.3208333333333334 0.28984375 0.3208333333333334 0.28984375 0.4027777777777778 0.33203125 0.4027777777777778
0 0.40546875 0.31250000000000006 0.36953125 0.31250000000000006 0.36953125 0.3944444444444446 0.40546875 0.3944444444444446
0 0.4703125 0.3791666666666668 0.421875 0.3791666666666668 0.421875 0.4958333333333335 0.4703125 0.4958333333333335
0 0.44609375 0.13750000000000007 0.41953125 0.13750000000000007 0.41953125 0.19305555555555565 0.44609375 0.19305555555555565
0 0.49140625 0.13611111111111124 0.4703125 0.13611111111111124 0.4703125 0.1847222222222223 0.49140625 0.1847222222222223
0 0.528125 0.20138888888888898 0.5 0.20138888888888898 0.5 0.2611111111111112 0.528125 0.2611111111111112
0 0.5375 0.13333333333333344 0.51484375 0.13333333333333344 0.51484375 0.1666666666666668 0.5375 0.1666666666666668
0 0.57578125 0.15138888888888902 0.55 0.15138888888888902 0.55 0.19861111111111127 0.57578125 0.19861111111111127
0 0.62265625 0.19861111111111127 0.596875 0.19861111111111127 0.596875 0.2555555555555557 0.62265625 0.2555555555555557
0 0.646875 0.15000000000000013 0.62265625 0.1500000000000001 0.62265625 0.20000000000000015 0.646875 0.20000000000000015
0 0.6890625 0.13750000000000015 0.66328125 0.13750000000000015 0.66328125 0.1833333333333335 0.6890625 0.1833333333333335
0 0.65 0.24027777777777792 0.61953125 0.24027777777777792 0.61953125 0.3055555555555557 0.65 0.3055555555555557
0 0.6765625 0.17777777777777792 0.6515625 0.17777777777777792 0.6515625 0.23611111111111127 0.6765625 0.23611111111111127
0 0.77109375 0.17916666666666684 0.74375 0.17916666666666684 0.74375 0.23888888888888904 0.77109375 0.23888888888888904
0 0.70703125 0.2319444444444446 0.6765625 0.2319444444444446 0.6765625 0.30000000000000016 0.70703125 0.30000000000000016
0 0.740625 0.2097222222222224 0.70859375 0.2097222222222224 0.70859375 0.2763888888888891 0.740625 0.2763888888888891
0 0.4828125 0.16250000000000012 0.4546875 0.16250000000000012 0.4546875 0.22638888888888897 0.4828125 0.22638888888888897
0 0.53359375 0.16111111111111123 0.5078125 0.16111111111111123 0.5078125 0.20694444444444451 0.53359375 0.20694444444444451
0 0.5890625 0.1833333333333335 0.5546875 0.1833333333333335 0.5546875 0.24027777777777792 0.5890625 0.24027777777777792
0 0.7046875 0.17638888888888904 0.6765625 0.17638888888888904 0.6765625 0.23750000000000016 0.7046875 0.23750000000000016
0 0.78671875 0.3055555555555557 0.7609375 0.3055555555555557 0.7609375 0.37500000000000017 0.78671875 0.37500000000000017
0 0.8390625 0.26388888888888906 0.8140625 0.26388888888888906 0.8140625 0.3250000000000002 0.8390625 0.3250000000000002
0 0.81484375 0.2763888888888891 0.78828125 0.2763888888888891 0.78828125 0.3472222222222224 0.81484375 0.3472222222222224
0 0.60546875 0.2541666666666668 0.56796875 0.2541666666666668 0.56796875 0.32916666666666683 0.60546875 0.32916666666666683
