0 0.22968750000000004 0.5722222222222222 0.18359375000000006 0.5722222222222222 0.18359375000000006 0.6513888888888889 0.2296875000000001 0.6513888888888889
0 0.30390625000000004 0.6277777777777778 0.2625 0.6277777777777778 0.26250000000000007 0.7041666666666667 0.3039062500000001 0.7041666666666667
0 0.3539062500000001 0.6555555555555556 0.3226562500000001 0.6555555555555556 0.3226562500000001 0.7263888888888889 0.3539062500000001 0.7263888888888889
0 0.334375 0.5236111111111111 0.28828125 0.5236111111111111 0.28828125 0.6111111111111112 0.334375 0.6111111111111112
0 0.38828125 0.5819444444444445 0.3546875 0.5819444444444445 0.35468750000000004 0.6527777777777779 0.3882812500000001 0.6527777777777779
0 0.4921875 0.4819444444444446 0.44296875 0.4819444444444446 0.44296875 0.5958333333333334 0.4921875 0.5958333333333334
0 0.42265625 0.7972222222222223 0.3921875000000001 0.7972222222222223 0.3921875000000001 0.8583333333333333 0.42265625 0.8583333333333333
0 0.471875 0.8208333333333333 0.4515625 0.8208333333333333 0.4515625 0.8694444444444445 0.471875 0.8694444444444445
0 0.5234375 0.7152777777777778 0.49296875 0.7152777777777778 0.49296875 0.7861111111111111 0.5234375 0.7861111111111111
0 0.5296875 0.8111111111111111 0.50078125 0.8111111111111111 0.50078125 0.8819444444444444 0.5296875 0.8819444444444444
0 0.56328125 0.8138888888888889 0.53984375 0.8138888888888889 0.53984375 0.8583333333333333 0.56328125 0.8583333333333333
0 0.6046875 0.7638888888888888 0.58125 0.7638888888888888 0.58125 0.8138888888888889 0.6046875 0.8138888888888889
0 0.63125 0.825 0.60703125 0.825 0.60703125 0.875 0.63125 0.875
0 0.65859375 0.8513888888888889 0.63828125 0.8513888888888889 0.63828125 0.8888888888888888 0.65859375 0.8888888888888888
0 0.65390625 0.7152777777777778 0.62578125 0.7152777777777778 0.62578125 0.775 0.65390625 0.775
0 0.6640625 0.7875 0.63828125 0.7875 0.63828125 0.8402777777777778 0.6640625 0.8402777777777778
0 0.7359375 0.815277777777778 0.7046875 0.8152777777777778 0.7046875 0.8805555555555558 0.7359375 0.8805555555555559
0 0.68984375 0.7305555555555555 0.66015625 0.7305555555555555 0.66015625 0.8013888888888889 0.68984375 0.8013888888888889
0 0.759375 0.7333333333333336 0.72890625 0.7333333333333336 0.72890625 0.7944444444444447 0.759375 0.7944444444444447
0 0.8015625 0.7527777777777781 0.77109375 0.7527777777777781 0.77109375 0.8180555555555559 0.8015625 0.8180555555555559
0 0.47890625 0.775 0.446875 0.775 0.446875 0.8333333333333334 0.47890625 0.8333333333333334
0 0.51484375 0.7847222222222222 0.48671875 0.7847222222222222 0.48671875 0.8458333333333333 0.51484375 0.8458333333333333
0 0.5671875 0.7736111111111111 0.5390625 0.7736111111111111 0.5390625 0.8333333333333334 0.5671875 0.8333333333333334
0 0.6984375 0.7916666666666666 0.6703125 0.7916666666666666 0.6703125 0.8486111111111111 0.6984375 0.8486111111111111
0 0.7859375 0.6708333333333335 0.75546875 0.6708333333333335 0.75546875 0.7444444444444448 0.7859375 0.7444444444444448
0 0.834375 0.7430555555555559 0.80546875 0.7430555555555559 0.80546875 0.8013888888888892 0.834375 0.8013888888888892
0 0.84140625 0.6777777777777779 0.80546875 0.6777777777777779 0.80546875 0.754166666666667 0.84140625 0.754166666666667