0 0.2492187500000001 0.6777777777777778 0.20312500000000008 0.6777777777777778 0.20312500000000008 0.7569444444444444 0.2492187500000001 0.7569444444444444
0 0.3281250000000001 0.7041666666666667 0.2867187500000001 0.7041666666666667 0.2867187500000001 0.7805555555555556 0.3281250000000001 0.7805555555555556
0 0.37968750000000007 0.7125 0.34843750000000007 0.7125 0.34843750000000007 0.7833333333333333 0.37968750000000007 0.7833333333333333
0 0.34609375000000003 0.5916666666666667 0.3 0.5916666666666667 0.30000000000000004 0.6791666666666667 0.3460937500000001 0.6791666666666667
0 0.4046875 0.626388888888889 0.37109375 0.626388888888889 0.37109375000000006 0.6972222222222224 0.4046875 0.6972222222222224
0 0.496875 0.4930555555555557 0.44765625 0.4930555555555557 0.44765625 0.6069444444444446 0.496875 0.6069444444444446
0 0.46328125 0.825 0.4328125 0.825 0.4328125 0.8861111111111111 0.46328125 0.8861111111111111
0 0.5125 0.8277777777777777 0.4921875 0.8277777777777777 0.4921875 0.8763888888888889 0.5125 0.8763888888888889
0 0.55234375 0.7069444444444446 0.521875 0.7069444444444446 0.521875 0.7777777777777778 0.55234375 0.7777777777777778
0 0.5703125 0.7986111111111112 0.54140625 0.7986111111111112 0.54140625 0.8694444444444445 0.5703125 0.8694444444444445
0 0.6015625 0.7875 0.578125 0.7875 0.578125 0.8319444444444445 0.6015625 0.8319444444444445
0 0.63671875 0.7236111111111111 0.61328125 0.7236111111111111 0.61328125 0.7736111111111111 0.63671875 0.7736111111111111
0 0.66953125 0.7736111111111111 0.6453125 0.7736111111111111 0.6453125 0.8236111111111111 0.66953125 0.8236111111111111
0 0.6984375 0.7875 0.678125 0.7875 0.678125 0.825 0.6984375 0.825
0 0.6796875 0.6583333333333334 0.6515625 0.6583333333333334 0.6515625 0.7180555555555556 0.6796875 0.7180555555555556
0 0.69765625 0.725 0.671875 0.725 0.671875 0.7777777777777778 0.69765625 0.7777777777777778
0 0.771875 0.7263888888888892 0.740625 0.7263888888888892 0.740625 0.791666666666667 0.771875 0.791666666666667
0 0.7171875 0.6611111111111113 0.6875 0.6611111111111113 0.6875 0.7319444444444444 0.7171875 0.7319444444444444
0 0.78515625 0.6375000000000002 0.7546875 0.6375000000000002 0.7546875 0.6986111111111113 0.78515625 0.6986111111111113
0 0.82890625 0.640277777777778 0.7984375 0.640277777777778 0.7984375 0.7055555555555557 0.82890625 0.7055555555555557
0 0.515625 0.7819444444444444 0.48359375 0.7819444444444444 0.48359375 0.8402777777777778 0.515625 0.8402777777777778
0 0.55234375 0.7777777777777778 0.52421875 0.7777777777777778 0.52421875 0.8388888888888889 0.55234375 0.8388888888888889
0 0.6015625 0.7472222222222222 0.5734375 0.7472222222222222 0.5734375 0.8069444444444445 0.6015625 0.8069444444444445
0 0.73125 0.7166666666666668 0.703125 0.7166666666666667 0.703125 0.7736111111111112 0.73125 0.7736111111111115
0 0.80390625 0.5666666666666669 0.7734375 0.5666666666666669 0.7734375 0.640277777777778 0.80390625 0.640277777777778
0 0.859375 0.6194444444444446 0.83046875 0.6194444444444446 0.83046875 0.6777777777777779 0.859375 0.6777777777777779
0 0.859375 0.5527777777777779 0.8234375 0.5527777777777779 0.8234375 0.6291666666666669 0.859375 0.6291666666666669