0 0.78515625 0.6986111111111113 0.73671875 0.6986111111111113 0.73671875 0.7819444444444448 0.78515625 0.7819444444444448
0 0.69921875 0.7208333333333333 0.65546875 0.7208333333333333 0.65546875 0.8013888888888889 0.69921875 0.8013888888888889
0 0.64453125 0.7111111111111111 0.60703125 0.7111111111111111 0.60703125 0.8 0.64453125 0.8
0 0.69765625 0.6430555555555557 0.6484375 0.6430555555555557 0.6484375 0.7361111111111112 0.69765625 0.7361111111111112
0 0.6203125 0.640277777777778 0.57734375 0.640277777777778 0.57734375 0.7222222222222222 0.6203125 0.7222222222222222
0 0.5703125 0.5041666666666669 0.5140625 0.5041666666666669 0.5140625 0.6208333333333335 0.5703125 0.6208333333333335
0 0.54765625 0.8180555555555555 0.515625 0.8180555555555555 0.515625 0.8819444444444444 0.54765625 0.8819444444444444
0 0.4953125 0.8222222222222222 0.4734375 0.8222222222222222 0.4734375 0.8722222222222222 0.4953125 0.8722222222222222
0 0.47890625 0.7180555555555556 0.44296875 0.7180555555555556 0.44296875 0.7930555555555555 0.47890625 0.7930555555555555
0 0.44921875 0.8041666666666667 0.42265625 0.8041666666666667 0.42265625 0.8513888888888889 0.44921875 0.8513888888888889
0 0.41875 0.7805555555555556 0.3937500000000001 0.7805555555555556 0.3937500000000001 0.8277777777777777 0.41875 0.8277777777777777
0 0.37968750000000007 0.6958333333333334 0.3500000000000001 0.6958333333333333 0.3500000000000001 0.7583333333333333 0.37968750000000007 0.7583333333333333
0 0.34453125000000007 0.7527777777777778 0.3187500000000001 0.7527777777777778 0.3187500000000001 0.8041666666666667 0.34453125000000007 0.8041666666666667
0 0.3070312500000001 0.7555555555555555 0.2796875000000001 0.7555555555555555 0.2796875000000001 0.8041666666666667 0.3070312500000001 0.8041666666666667
0 0.36015625000000007 0.6486111111111111 0.3296875000000001 0.6486111111111111 0.3296875000000001 0.7111111111111111 0.36015625000000007 0.7111111111111111
0 0.3218750000000001 0.7097222222222223 0.2945312500000001 0.7097222222222223 0.2945312500000001 0.7652777777777777 0.3218750000000001 0.7652777777777777
0 0.23828125000000008 0.6888888888888889 0.2093750000000001 0.6888888888888889 0.2093750000000001 0.7458333333333333 0.23828125000000008 0.7458333333333333
0 0.30937500000000007 0.6388888888888888 0.27734375 0.6388888888888888 0.27734375000000006 0.7125 0.30937500000000007 0.7125
0 0.26015625000000003 0.6361111111111111 0.228125 0.6361111111111111 0.22812500000000005 0.7 0.2601562500000001 0.7
0 0.5203125 0.7861111111111111 0.48671875 0.7861111111111111 0.48671875 0.8472222222222222 0.5203125 0.8472222222222222
0 0.46328125 0.7708333333333334 0.4359375 0.7708333333333334 0.4359375 0.8222222222222222 0.46328125 0.8222222222222222
0 0.4203125 0.7277777777777777 0.3859375000000001 0.7277777777777777 0.3859375000000001 0.7944444444444444 0.4203125 0.7944444444444444
0 0.2914062500000001 0.6930555555555555 0.2609375000000001 0.6930555555555555 0.2609375000000001 0.7527777777777778 0.2914062500000001 0.7527777777777778
0 0.2265625 0.5361111111111111 0.19375000000000003 0.5361111111111111 0.19375000000000003 0.6125 0.2265625 0.6125
0 0.17031250000000003 0.5722222222222222 0.14296875000000003 0.5722222222222222 0.14296875000000003 0.6375 0.17031250000000003 0.6375
0 0.19296875000000005 0.5291666666666667 0.16015625000000006 0.5291666666666667 0.16015625000000006 0.5958333333333333 0.19296875000000005 0.5958333333333333
0 0.4125 0.6375000000000002 0.37578125 0.6375000000000002 0.37578125000000007 0.7222222222222222 0.4125 0.7222222222222222
