0 0.8015625 0.3083333333333335 0.759375 0.3083333333333335 0.759375 0.3791666666666668 0.8015625 0.3791666666666668
0 0.71875 0.26388888888888906 0.68125 0.26388888888888906 0.68125 0.3333333333333335 0.71875 0.3333333333333335
0 0.6640625 0.24722222222222237 0.634375 0.24722222222222237 0.634375 0.32777777777777795 0.6640625 0.32777777777777795
0 0.709375 0.32638888888888906 0.66796875 0.32638888888888906 0.66796875 0.4069444444444446 0.709375 0.4069444444444446
0 0.63359375 0.3166666666666668 0.596875 0.3166666666666668 0.596875 0.38888888888888906 0.63359375 0.38888888888888906
0 0.57109375 0.40000000000000013 0.52421875 0.40000000000000013 0.52421875 0.5041666666666669 0.57109375 0.5041666666666669
0 0.57890625 0.138888888888889 0.5515625 0.138888888888889 0.5515625 0.19444444444444461 0.57890625 0.19444444444444461
0 0.52734375 0.13194444444444456 0.509375 0.13194444444444456 0.509375 0.17777777777777787 0.52734375 0.17777777777777787
0 0.5015625 0.20277777777777786 0.471875 0.20277777777777786 0.471875 0.26944444444444454 0.5015625 0.26944444444444454
0 0.48125 0.13750000000000012 0.4578125 0.13750000000000012 0.4578125 0.17777777777777787 0.48125 0.17777777777777787
0 0.44765625 0.15138888888888896 0.4265625 0.15138888888888896 0.4265625 0.19305555555555565 0.44765625 0.19305555555555565
0 0.4015625 0.20833333333333343 0.37734375 0.20833333333333343 0.37734375 0.26388888888888895 0.4015625 0.26388888888888895
0 0.371875 0.15138888888888896 0.35 0.15138888888888896 0.35 0.1972222222222223 0.371875 0.1972222222222223
0 0.33515625 0.14027777777777786 0.31171875 0.14027777777777786 0.31171875 0.1833333333333334 0.33515625 0.1833333333333334
0 0.37734375 0.2472222222222223 0.35234375 0.2472222222222223 0.35234375 0.30277777777777787 0.37734375 0.30277777777777787
0 0.34609375 0.1833333333333334 0.3234375 0.1833333333333334 0.3234375 0.23194444444444454 0.34609375 0.23194444444444454
0 0.2609375 0.17638888888888893 0.23671875 0.17638888888888893 0.23671875 0.22638888888888897 0.2609375 0.22638888888888897
0 0.32734375 0.23055555555555562 0.30078125 0.23055555555555562 0.30078125 0.2972222222222223 0.32734375 0.2972222222222223
0 0.278125 0.22777777777777786 0.25078125 0.22777777777777786 0.25078125 0.28333333333333344 0.278125 0.28333333333333344
0 0.54921875 0.163888888888889 0.5203125 0.163888888888889 0.5203125 0.21666666666666679 0.54921875 0.2166666666666668
0 0.49140625 0.17083333333333345 0.46796875 0.17083333333333345 0.46796875 0.21527777777777785 0.49140625 0.21527777777777785
0 0.44453125 0.1847222222222223 0.415625 0.1847222222222223 0.415625 0.24305555555555564 0.44453125 0.24305555555555564
0 0.3140625 0.1861111111111112 0.2890625 0.1861111111111112 0.2890625 0.23888888888888896 0.3140625 0.23888888888888896
0 0.23515625 0.30277777777777787 0.20859375 0.30277777777777787 0.20859375 0.37222222222222223 0.23515625 0.37222222222222223
0 0.1828125 0.2611111111111111 0.1609375 0.2611111111111111 0.1609375 0.32083333333333336 0.1828125 0.3208333333333334
0 0.20078125 0.3097222222222223 0.1734375 0.30972222222222223 0.17343750000000002 0.36944444444444446 0.20078125 0.36944444444444446
0 0.428125 0.2527777777777779 0.3984375 0.2527777777777779 0.3984375 0.3291666666666667 0.428125 0.3291666666666667
