0 0.24765625 0.2805555555555556 0.203125 0.2805555555555556 0.203125 0.35555555555555557 0.24765625 0.35555555555555557
0 0.3265625 0.24444444444444452 0.28671875 0.24444444444444452 0.28671875 0.31666666666666676 0.3265625 0.31666666666666676
0 0.365625 0.23888888888888896 0.325 0.23888888888888896 0.325 0.3152777777777779 0.365625 0.3152777777777779
0 0.3375 0.3069444444444445 0.29375 0.3069444444444445 0.29375 0.39166666666666666 0.3375 0.39166666666666666
0 0.409375 0.30416666666666675 0.37109375 0.30416666666666675 0.37109375 0.3791666666666668 0.409375 0.3791666666666668
0 0.47890625 0.3944444444444446 0.42890625 0.3944444444444446 0.42890625 0.502777777777778 0.47890625 0.502777777777778
0 0.459375 0.13055555555555565 0.43046875 0.13055555555555565 0.43046875 0.18888888888888897 0.459375 0.18888888888888897
0 0.50234375 0.1291666666666668 0.4828125 0.1291666666666668 0.4828125 0.176388888888889 0.50234375 0.176388888888889
0 0.54765625 0.21111111111111122 0.515625 0.2111111111111112 0.515625 0.28055555555555567 0.54765625 0.2805555555555557
0 0.553125 0.138888888888889 0.52890625 0.138888888888889 0.52890625 0.18194444444444458 0.553125 0.1819444444444446
0 0.58671875 0.15694444444444455 0.5640625 0.15694444444444455 0.5640625 0.20000000000000015 0.58671875 0.20000000000000015
0 0.62734375 0.2055555555555557 0.6015625 0.2055555555555557 0.6015625 0.26388888888888906 0.62734375 0.26388888888888906
0 0.66015625 0.16388888888888906 0.63671875 0.16388888888888906 0.63671875 0.21111111111111128 0.66015625 0.21111111111111128
0 0.6984375 0.1569444444444446 0.67421875 0.1569444444444446 0.67421875 0.20138888888888903 0.6984375 0.20138888888888903
0 0.65546875 0.24861111111111128 0.625 0.24861111111111128 0.625 0.31388888888888905 0.65546875 0.31388888888888905
0 0.68828125 0.19722222222222238 0.6640625 0.19722222222222238 0.6640625 0.24861111111111128 0.68828125 0.24861111111111128
0 0.77265625 0.20000000000000015 0.746875 0.20000000000000015 0.746875 0.25138888888888905 0.77265625 0.25138888888888905
0 0.70703125 0.24722222222222237 0.67890625 0.24722222222222237 0.67890625 0.31527777777777793 0.70703125 0.31527777777777793
0 0.76015625 0.25138888888888905 0.73125 0.25138888888888905 0.73125 0.3097222222222224 0.76015625 0.3097222222222224
0 0.48984375 0.15972222222222235 0.459375 0.15972222222222235 0.459375 0.21527777777777785 0.48984375 0.21527777777777785
0 0.5390625 0.1666666666666668 0.5125 0.1666666666666668 0.5125 0.21944444444444453 0.5390625 0.21944444444444453
0 0.59375 0.19027777777777793 0.56328125 0.19027777777777793 0.56328125 0.25138888888888905 0.59375 0.25138888888888905
0 0.7171875 0.20277777777777795 0.690625 0.20277777777777795 0.690625 0.25833333333333347 0.7171875 0.25833333333333347
0 0.796875 0.32777777777777795 0.76875 0.32777777777777795 0.76875 0.40000000000000013 0.796875 0.40000000000000013
0 0.84609375 0.29166666666666685 0.82265625 0.29166666666666685 0.82265625 0.3527777777777779 0.84609375 0.3527777777777779
0 0.8234375 0.31527777777777793 0.79609375 0.31527777777777793 0.79609375 0.3791666666666668 0.8234375 0.3791666666666668
0 0.61328125 0.2680555555555557 0.58125 0.2680555555555557 0.58125 0.3472222222222224 0.61328125 0.3472222222222224