0 0.24140625 0.3083333333333334 0.1984375 0.3083333333333334 0.19843750000000002 0.37916666666666665 0.24140625 0.37916666666666665
0 0.31875 0.26388888888888895 0.28125 0.26388888888888895 0.28125 0.3333333333333334 0.31875 0.3333333333333334
0 0.3578125 0.25555555555555565 0.31953125 0.25555555555555565 0.31953125 0.32777777777777783 0.3578125 0.32777777777777783
0 0.33203125 0.32638888888888895 0.290625 0.32638888888888895 0.290625 0.40694444444444444 0.33203125 0.40694444444444444
0 0.403125 0.31666666666666676 0.3671875 0.31666666666666676 0.3671875 0.3875000000000002 0.403125 0.3875000000000002
0 0.47578125 0.40000000000000013 0.42890625 0.40000000000000013 0.42890625 0.5041666666666669 0.47578125 0.5041666666666669
0 0.4484375 0.13750000000000007 0.42109375 0.13750000000000007 0.42109375 0.19305555555555565 0.4484375 0.19305555555555565
0 0.49140625 0.13055555555555567 0.47265625 0.13055555555555567 0.47265625 0.176388888888889 0.49140625 0.176388888888889
0 0.5390625 0.20833333333333343 0.509375 0.20833333333333343 0.509375 0.27638888888888896 0.5390625 0.27638888888888896
0 0.54296875 0.13750000000000012 0.51953125 0.13750000000000012 0.51953125 0.17777777777777787 0.54296875 0.17777777777777787
0 0.5765625 0.15138888888888902 0.5546875 0.15138888888888902 0.5546875 0.19166666666666682 0.5765625 0.19166666666666682
0 0.61875 0.1958333333333335 0.59375 0.1958333333333335 0.59375 0.25138888888888905 0.61875 0.25138888888888905
0 0.65 0.15138888888888902 0.628125 0.15138888888888902 0.628125 0.19722222222222238 0.65 0.19722222222222238
0 0.68828125 0.14027777777777795 0.66484375 0.14027777777777795 0.66484375 0.1833333333333335 0.68828125 0.1833333333333335
0 0.6484375 0.23750000000000016 0.61953125 0.23750000000000016 0.61953125 0.30000000000000016 0.6484375 0.30000000000000016
0 0.67890625 0.1833333333333335 0.65625 0.1833333333333335 0.65625 0.2319444444444446 0.67890625 0.2319444444444446
0 0.76328125 0.17638888888888904 0.7390625 0.17638888888888904 0.7390625 0.22638888888888906 0.76328125 0.22638888888888906
0 0.69921875 0.2305555555555557 0.6734375 0.2305555555555557 0.6734375 0.2972222222222224 0.69921875 0.2972222222222224
0 0.75234375 0.2305555555555557 0.725 0.2305555555555557 0.725 0.28611111111111126 0.75234375 0.28611111111111126
0 0.4796875 0.163888888888889 0.45078125 0.16388888888888897 0.45078125 0.21666666666666676 0.4796875 0.21666666666666676
0 0.52890625 0.16527777777777788 0.5046875 0.16527777777777788 0.5046875 0.21527777777777785 0.52890625 0.21527777777777785
0 0.584375 0.18472222222222237 0.55546875 0.18472222222222237 0.55546875 0.24166666666666684 0.584375 0.24166666666666684
0 0.7078125 0.18611111111111128 0.6828125 0.18611111111111128 0.6828125 0.23888888888888904 0.7078125 0.23888888888888904
0 0.79140625 0.3027777777777779 0.765625 0.3027777777777779 0.765625 0.3722222222222224 0.79140625 0.3722222222222224
0 0.8390625 0.2611111111111113 0.8171875 0.2611111111111113 0.8171875 0.32083333333333347 0.8390625 0.32083333333333347
0 0.8171875 0.28750000000000014 0.79140625 0.28750000000000014 0.79140625 0.34861111111111126 0.8171875 0.34861111111111126
0 0.60625 0.25972222222222235 0.57578125 0.25972222222222235 0.57578125 0.33611111111111125 0.60625 0.33611111111111125