0 0.24531250000000004 0.6375 0.2015625 0.6375 0.20156250000000003 0.7111111111111111 0.2453125000000001 0.7111111111111111
0 0.3242187500000001 0.6777777777777778 0.2851562500000001 0.6777777777777778 0.2851562500000001 0.75 0.3242187500000001 0.75
0 0.33984375000000006 0.6055555555555555 0.3 0.6055555555555555 0.30000000000000004 0.6805555555555556 0.3398437500000001 0.6805555555555556
0 0.3765625000000001 0.6833333333333335 0.3335937500000001 0.6833333333333333 0.3335937500000001 0.7666666666666667 0.3765625000000001 0.7666666666666667
0 0.40859375 0.6152777777777779 0.36953125 0.6152777777777779 0.36953125000000003 0.7000000000000002 0.40859375 0.7000000000000002
0 0.48359375 0.5541666666666668 0.43515625 0.5541666666666668 0.43515625 0.6708333333333335 0.48359375 0.6708333333333335
0 0.45234375 0.8152777777777778 0.42421875 0.8152777777777778 0.42421875 0.8722222222222222 0.45234375 0.8722222222222222
0 0.4984375 0.8236111111111111 0.4796875 0.8236111111111111 0.4796875 0.8708333333333333 0.4984375 0.8708333333333333
0 0.53828125 0.7319444444444444 0.50703125 0.7319444444444444 0.50703125 0.8013888888888889 0.53828125 0.8013888888888889
0 0.55 0.8194444444444444 0.52578125 0.8194444444444444 0.52578125 0.8611111111111112 0.55 0.8611111111111112
0 0.5765625 0.8041666666666667 0.5546875 0.8041666666666667 0.5546875 0.8472222222222222 0.5765625 0.8472222222222222
0 0.63203125 0.7277777777777777 0.60625 0.7277777777777777 0.60625 0.7847222222222222 0.63203125 0.7847222222222222
0 0.65546875 0.8083333333333333 0.6328125 0.8083333333333333 0.6328125 0.8555555555555555 0.65546875 0.8555555555555555
0 0.690625 0.8097222222222222 0.66640625 0.8097222222222222 0.66640625 0.8541666666666666 0.690625 0.8541666666666666
0 0.67421875 0.6750000000000002 0.64453125 0.6750000000000002 0.64453125 0.7402777777777778 0.67421875 0.7402777777777778
0 0.68515625 0.7569444444444444 0.66171875 0.7569444444444444 0.66171875 0.8069444444444445 0.68515625 0.8069444444444445
0 0.76953125 0.7569444444444448 0.74375 0.7569444444444448 0.74375 0.8083333333333337 0.76953125 0.8083333333333337
0 0.7125 0.688888888888889 0.68515625 0.688888888888889 0.68515625 0.7569444444444444 0.7125 0.7569444444444444
0 0.76953125 0.688888888888889 0.74140625 0.688888888888889 0.74140625 0.7458333333333337 0.76953125 0.7458333333333337
0 0.48671875 0.7847222222222222 0.45703125 0.7847222222222222 0.45703125 0.8388888888888889 0.48671875 0.8388888888888889
0 0.53671875 0.7986111111111112 0.5109375 0.7986111111111112 0.5109375 0.8347222222222223 0.53671875 0.8347222222222223
0 0.59453125 0.7472222222222222 0.56484375 0.7472222222222222 0.56484375 0.8069444444444445 0.59453125 0.8069444444444445
0 0.7140625 0.7486111111111111 0.6875 0.7486111111111111 0.6875 0.8027777777777778 0.7140625 0.8027777777777778
0 0.78828125 0.6194444444444446 0.7609375 0.6194444444444446 0.7609375 0.690277777777778 0.78828125 0.690277777777778
0 0.85859375 0.6430555555555557 0.8296875 0.6430555555555557 0.8296875 0.7097222222222224 0.85859375 0.7097222222222224
0 0.82421875 0.6319444444444446 0.7921875 0.6319444444444446 0.7921875 0.7013888888888891 0.82421875 0.7013888888888891
0 0.61015625 0.6583333333333334 0.57890625 0.6583333333333334 0.57890625 0.7361111111111112 0.61015625 0.7361111111111112