0 0.24140625 0.3083333333333334 0.1984375 0.3083333333333334 0.19843750000000002 0.37916666666666665 0.24140625 0.37916666666666665
0 0.31875 0.26388888888888895 0.28125 0.26388888888888895 0.28125 0.3333333333333334 0.31875 0.3333333333333334
0 0.3359375 0.33194444444444454 0.29765625 0.33194444444444454 0.29765625 0.4041666666666667 0.3359375 0.4041666666666667
0 0.37109375 0.24444444444444452 0.3296875 0.24444444444444452 0.3296875 0.32500000000000007 0.37109375 0.32500000000000007
0 0.4046875 0.3083333333333334 0.3671875 0.3083333333333334 0.3671875 0.39166666666666683 0.4046875 0.39166666666666683
0 0.48046875 0.3333333333333334 0.434375 0.3333333333333334 0.434375 0.44722222222222235 0.48046875 0.44722222222222235
0 0.4453125 0.13194444444444453 0.41796875 0.13194444444444453 0.41796875 0.18750000000000008 0.4453125 0.18750000000000008
0 0.49140625 0.13055555555555567 0.47265625 0.13055555555555567 0.47265625 0.176388888888889 0.49140625 0.176388888888889
0 0.53203125 0.19861111111111118 0.50234375 0.19861111111111118 0.50234375 0.2666666666666667 0.53203125 0.2666666666666667
0 0.54296875 0.13750000000000012 0.51953125 0.13750000000000012 0.51953125 0.17777777777777787 0.54296875 0.17777777777777787
0 0.56953125 0.1500000000000001 0.5484375 0.1500000000000001 0.5484375 0.19166666666666682 0.56953125 0.19166666666666682
0 0.6265625 0.20833333333333348 0.6015625 0.20833333333333348 0.6015625 0.26388888888888906 0.6265625 0.26388888888888906
0 0.6484375 0.13750000000000015 0.6265625 0.13750000000000012 0.6265625 0.1833333333333335 0.6484375 0.1833333333333335
0 0.68359375 0.13611111111111127 0.66015625 0.13611111111111127 0.66015625 0.17777777777777792 0.68359375 0.17777777777777792
0 0.66953125 0.25138888888888905 0.640625 0.25138888888888905 0.640625 0.31388888888888905 0.66953125 0.31388888888888905
0 0.67890625 0.1833333333333335 0.65625 0.1833333333333335 0.65625 0.2319444444444446 0.67890625 0.2319444444444446
0 0.76328125 0.17638888888888904 0.7390625 0.17638888888888904 0.7390625 0.22638888888888906 0.76328125 0.22638888888888906
0 0.70703125 0.2319444444444446 0.68046875 0.2319444444444446 0.68046875 0.29861111111111127 0.70703125 0.29861111111111127
0 0.7640625 0.23888888888888904 0.73671875 0.23888888888888904 0.73671875 0.2944444444444446 0.7640625 0.2944444444444446
0 0.4796875 0.163888888888889 0.45078125 0.16388888888888897 0.45078125 0.21666666666666676 0.4796875 0.21666666666666676
0 0.5296875 0.16527777777777788 0.5046875 0.16527777777777788 0.5046875 0.20000000000000007 0.5296875 0.20000000000000007
0 0.58828125 0.19027777777777793 0.559375 0.19027777777777793 0.559375 0.24722222222222237 0.58828125 0.24722222222222237
0 0.7078125 0.18611111111111128 0.6828125 0.18611111111111128 0.6828125 0.23888888888888904 0.7078125 0.23888888888888904
0 0.784375 0.29305555555555574 0.7578125 0.29305555555555574 0.7578125 0.36250000000000016 0.784375 0.36250000000000016
0 0.85390625 0.2708333333333335 0.8265625 0.2708333333333335 0.8265625 0.33611111111111125 0.85390625 0.33611111111111125
0 0.81953125 0.2819444444444446 0.7890625 0.2819444444444446 0.7890625 0.34861111111111126 0.81953125 0.34861111111111126
0 0.60546875 0.25972222222222235 0.57578125 0.25972222222222235 0.57578125 0.33611111111111125 0.60546875 0.33611111111111125