0 0.2453125000000001 0.6791666666666667 0.20078125000000008 0.6791666666666667 0.20078125000000008 0.7541666666666667 0.2453125000000001 0.7541666666666667
0 0.30156250000000007 0.6972222222222222 0.2617187500000001 0.6972222222222222 0.2617187500000001 0.7694444444444445 0.30156250000000007 0.7694444444444445
0 0.36171875000000003 0.5638888888888889 0.31171875 0.5638888888888889 0.31171875000000004 0.6666666666666666 0.3617187500000001 0.6666666666666666
0 0.3750000000000001 0.6833333333333335 0.3312500000000001 0.6833333333333333 0.3312500000000001 0.7680555555555556 0.3750000000000001 0.7680555555555556
0 0.40859375 0.6250000000000001 0.36875 0.6250000000000001 0.36875 0.7111111111111111 0.40859375 0.7111111111111111
0 0.50078125 0.4555555555555557 0.43203125 0.4555555555555557 0.43203125 0.5958333333333334 0.50078125 0.5958333333333334
0 0.45625 0.8166666666666667 0.42734375 0.8166666666666667 0.42734375 0.875 0.45625 0.875
0 0.50234375 0.8236111111111111 0.47890625 0.8236111111111111 0.47890625 0.8708333333333333 0.50234375 0.8708333333333333
0 0.52890625 0.7333333333333333 0.496875 0.7333333333333333 0.496875 0.8027777777777778 0.52890625 0.8027777777777778
0 0.55234375 0.8180555555555555 0.528125 0.8180555555555555 0.528125 0.8611111111111112 0.55234375 0.8611111111111112
0 0.58359375 0.8055555555555556 0.5578125 0.8055555555555556 0.5578125 0.8458333333333333 0.58359375 0.8458333333333333
0 0.65625 0.7958333333333333 0.6296875 0.7958333333333333 0.6296875 0.8597222222222223 0.65625 0.8597222222222223
0 0.6890625 0.8013888888888889 0.66484375 0.8013888888888889 0.66484375 0.8458333333333333 0.6890625 0.8458333333333333
0 0.66875 0.6833333333333335 0.63828125 0.6833333333333335 0.63828125 0.7486111111111111 0.66875 0.7486111111111111
0 0.77265625 0.7500000000000003 0.746875 0.7500000000000003 0.746875 0.8013888888888892 0.77265625 0.8013888888888892
0 0.703125 0.6847222222222223 0.6734375 0.6847222222222223 0.6734375 0.7583333333333333 0.703125 0.7583333333333333
0 0.753125 0.688888888888889 0.72421875 0.688888888888889 0.72421875 0.7472222222222223 0.753125 0.7472222222222226
0 0.503125 0.7694444444444445 0.47265625 0.7694444444444445 0.47265625 0.825 0.503125 0.825
0 0.54296875 0.7736111111111111 0.5171875 0.7736111111111111 0.5171875 0.8305555555555556 0.54296875 0.8305555555555556
0 0.5953125 0.7472222222222222 0.56484375 0.7472222222222222 0.56484375 0.8083333333333333 0.5953125 0.8083333333333333
0 0.71875 0.7388888888888889 0.6921875 0.7388888888888889 0.6921875 0.7958333333333333 0.71875 0.7958333333333333
0 0.79375 0.6097222222222224 0.765625 0.6097222222222224 0.765625 0.6819444444444446 0.79375 0.6819444444444446
0 0.79140625 0.6791666666666668 0.76171875 0.6791666666666668 0.76171875 0.7472222222222226 0.79140625 0.7472222222222226
0 0.8296875 0.6250000000000001 0.79765625 0.6250000000000001 0.79765625 0.6944444444444446 0.8296875 0.6944444444444446
0 0.6265625 0.6625000000000002 0.58046875 0.6625000000000002 0.58046875 0.7375 0.6265625 0.7375