0 0.8 0.24722222222222237 0.75546875 0.24722222222222237 0.75546875 0.32222222222222235 0.8 0.32222222222222235
0 0.7390625 0.2305555555555557 0.69921875 0.2305555555555557 0.69921875 0.3027777777777779 0.7390625 0.3027777777777779
0 0.6890625 0.33472222222222237 0.6390625 0.33472222222222237 0.6390625 0.43750000000000017 0.6890625 0.43750000000000017
0 0.67109375 0.2458333333333335 0.62734375 0.2458333333333335 0.62734375 0.3305555555555557 0.67109375 0.3305555555555557
0 0.63125 0.2902777777777779 0.59140625 0.2902777777777779 0.59140625 0.37638888888888905 0.63125 0.37638888888888905
0 0.5703125 0.41250000000000014 0.5015625 0.41250000000000014 0.5015625 0.5527777777777779 0.5703125 0.5527777777777779
0 0.57265625 0.1250000000000001 0.54375 0.1250000000000001 0.54375 0.18333333333333346 0.57265625 0.1833333333333335
0 0.5140625 0.13055555555555567 0.490625 0.13055555555555567 0.490625 0.17777777777777787 0.5140625 0.17777777777777787
0 0.503125 0.1972222222222223 0.47109375 0.1972222222222223 0.47109375 0.2666666666666667 0.503125 0.2666666666666667
0 0.47421875 0.13888888888888898 0.45 0.13888888888888898 0.45 0.18194444444444452 0.47421875 0.18194444444444452
0 0.43828125 0.1597222222222223 0.4125 0.1597222222222223 0.4125 0.20000000000000007 0.43828125 0.20000000000000007
0 0.37265625 0.14027777777777786 0.34609375 0.14027777777777786 0.34609375 0.20416666666666675 0.37265625 0.20416666666666675
0 0.3359375 0.15416666666666676 0.31171875 0.15416666666666676 0.31171875 0.19861111111111118 0.3359375 0.19861111111111118
0 0.36796875 0.25555555555555565 0.3375 0.25555555555555565 0.3375 0.3208333333333334 0.36796875 0.3208333333333334
0 0.25390625 0.20000000000000007 0.228125 0.20000000000000007 0.228125 0.251388888888889 0.25390625 0.251388888888889
0 0.33046875 0.23194444444444454 0.30078125 0.23194444444444454 0.30078125 0.30555555555555564 0.33046875 0.30555555555555564
0 0.27578125 0.25416666666666676 0.246875 0.25416666666666676 0.246875 0.31250000000000006 0.27578125 0.31250000000000006
0 0.53359375 0.163888888888889 0.503125 0.163888888888889 0.503125 0.21944444444444453 0.53359375 0.21944444444444453
0 0.4828125 0.16944444444444456 0.45703125 0.16944444444444456 0.45703125 0.22638888888888897 0.4828125 0.22638888888888897
0 0.43515625 0.19305555555555565 0.4046875 0.19305555555555565 0.4046875 0.25416666666666676 0.43515625 0.25416666666666676
0 0.30859375 0.20416666666666675 0.28203125 0.20416666666666675 0.28203125 0.2611111111111112 0.30859375 0.2611111111111112
0 0.23515625 0.31944444444444453 0.20703125 0.31944444444444453 0.20703125 0.39166666666666666 0.23515625 0.39166666666666666
0 0.2390625 0.2527777777777779 0.209375 0.2527777777777779 0.209375 0.3208333333333334 0.2390625 0.3208333333333334
0 0.19843750000000002 0.3027777777777778 0.16640625 0.30277777777777776 0.16640625000000003 0.37222222222222223 0.19843750000000004 0.37222222222222223
0 0.4296875 0.251388888888889 0.39375 0.251388888888889 0.39375 0.3236111111111112 0.4296875 0.3236111111111112
0 0.17031250000000003 0.2833333333333333 0.1390625 0.2833333333333333 0.13906250000000003 0.3541666666666667 0.17031250000000003 0.3541666666666667