0 0.82578125 0.5291666666666668 0.77578125 0.5291666666666668 0.77578125 0.6152777777777779 0.82578125 0.6152777777777779
0 0.76953125 0.5763888888888891 0.72421875 0.5763888888888891 0.72421875 0.6597222222222224 0.76953125 0.6597222222222224
0 0.7046875 0.4722222222222224 0.64609375 0.4722222222222224 0.64609375 0.5875000000000001 0.7046875 0.5875000000000001
0 0.7015625 0.5833333333333335 0.65078125 0.5833333333333335 0.65078125 0.6791666666666668 0.7015625 0.6791666666666668
0 0.65625 0.5583333333333335 0.609375 0.5583333333333335 0.609375 0.6541666666666668 0.65625 0.6541666666666668
0 0.57734375 0.4222222222222224 0.496875 0.4222222222222224 0.496875 0.5791666666666668 0.57734375 0.5791666666666668
0 0.6265625 0.7708333333333334 0.59296875 0.7708333333333334 0.59296875 0.8361111111111111 0.6265625 0.8361111111111111
0 0.56953125 0.8055555555555556 0.5421875 0.8055555555555556 0.5421875 0.8583333333333333 0.56953125 0.8583333333333333
0 0.5484375 0.725 0.5109375 0.725 0.5109375 0.8027777777777778 0.5484375 0.8027777777777778
0 0.5296875 0.8208333333333333 0.50234375 0.8208333333333333 0.50234375 0.8694444444444445 0.5296875 0.8694444444444445
0 0.49296875 0.8208333333333333 0.4640625 0.8208333333333333 0.4640625 0.8680555555555556 0.49296875 0.8680555555555556
0 0.43125 0.85 0.4 0.85 0.4 0.9194444444444444 0.43125 0.9194444444444444
0 0.3945312500000001 0.8722222222222222 0.3664062500000001 0.8722222222222222 0.3664062500000001 0.9236111111111112 0.3945312500000001 0.9236111111111112
0 0.409375 0.7402777777777778 0.3734375000000001 0.7402777777777778 0.3734375000000001 0.8138888888888889 0.409375 0.8138888888888889
0 0.3085937500000001 0.8625 0.27812500000000007 0.8625 0.27812500000000007 0.9208333333333333 0.3085937500000001 0.9208333333333333
0 0.3765625000000001 0.7736111111111111 0.34062500000000007 0.7736111111111111 0.34062500000000007 0.8541666666666666 0.3765625000000001 0.8541666666666666
0 0.32109375000000007 0.7930555555555555 0.2875000000000001 0.7930555555555555 0.2875000000000001 0.8583333333333333 0.32109375000000007 0.8583333333333333
0 0.5828125 0.7569444444444444 0.5484375 0.7569444444444444 0.5484375 0.8194444444444444 0.5828125 0.8194444444444444
0 0.5328125 0.775 0.50234375 0.775 0.50234375 0.8375 0.5328125 0.8375
0 0.48359375 0.7722222222222223 0.4484375 0.7722222222222223 0.4484375 0.8402777777777778 0.48359375 0.8402777777777778
0 0.36015625000000007 0.8263888888888888 0.32890625000000007 0.8263888888888888 0.32890625000000007 0.8902777777777777 0.36015625000000007 0.8902777777777777
0 0.2710937500000001 0.7375 0.2367187500000001 0.7375 0.2367187500000001 0.8152777777777778 0.2710937500000001 0.8152777777777778
0 0.2851562500000001 0.8027777777777778 0.2500000000000001 0.8027777777777778 0.2500000000000001 0.8777777777777778 0.2851562500000001 0.8777777777777778
0 0.2390625000000001 0.7736111111111111 0.20078125000000008 0.7736111111111111 0.20078125000000008 0.8513888888888889 0.2390625000000001 0.8513888888888889
0 0.46875 0.7069444444444446 0.42734375 0.7069444444444446 0.42734375 0.7875 0.46875 0.7875
0 0.21484375000000008 0.8041666666666667 0.17734375000000005 0.8041666666666667 0.17734375000000005 0.8819444444444444 0.21484375000000008 0.8819444444444444