0 0.23125000000000004 0.6083333333333333 0.18593750000000003 0.6083333333333333 0.18593750000000003 0.6847222222222222 0.2312500000000001 0.6847222222222222
0 0.28593750000000007 0.6458333333333334 0.2453125000000001 0.6458333333333334 0.2453125000000001 0.7194444444444444 0.28593750000000007 0.7194444444444444
0 0.35546875 0.5263888888888889 0.3046875 0.5263888888888889 0.3046875 0.6305555555555555 0.35546875 0.6305555555555555
0 0.36015625000000007 0.6361111111111111 0.315625 0.6361111111111111 0.31562500000000004 0.7222222222222222 0.36015625000000007 0.7222222222222222
0 0.39843750000000006 0.5986111111111112 0.3578125 0.5986111111111111 0.35781250000000003 0.6861111111111112 0.3984375000000001 0.6861111111111112
0 0.4921875 0.43888888888888905 0.421875 0.43888888888888905 0.421875 0.5805555555555557 0.4921875 0.5805555555555557
0 0.4328125 0.8013888888888889 0.40390625 0.8013888888888889 0.40390625 0.8597222222222223 0.4328125 0.8597222222222223
0 0.47578125 0.8208333333333333 0.45234375 0.8208333333333333 0.45234375 0.8694444444444445 0.47578125 0.8694444444444445
0 0.5109375 0.7333333333333333 0.478125 0.7333333333333333 0.478125 0.8041666666666667 0.5109375 0.8041666666666667
0 0.52578125 0.8333333333333334 0.49921875 0.8333333333333334 0.49921875 0.8819444444444444 0.52578125 0.8819444444444444
0 0.565625 0.8125 0.5390625 0.8125 0.5390625 0.8541666666666666 0.565625 0.8541666666666666
0 0.63671875 0.825 0.61015625 0.825 0.61015625 0.8888888888888888 0.63671875 0.8888888888888888
0 0.665625 0.8361111111111111 0.640625 0.8361111111111111 0.640625 0.8819444444444444 0.665625 0.8819444444444444
0 0.65390625 0.7097222222222224 0.62265625 0.7097222222222224 0.62265625 0.7763888888888889 0.65390625 0.7763888888888889
0 0.75234375 0.8027777777777781 0.72578125 0.8027777777777781 0.72578125 0.8555555555555558 0.75234375 0.8555555555555558
0 0.6828125 0.7333333333333333 0.65234375 0.7333333333333333 0.65234375 0.8069444444444445 0.6828125 0.8069444444444445
0 0.73671875 0.738888888888889 0.7078125 0.7388888888888889 0.7078125 0.7972222222222224 0.73671875 0.7972222222222225
0 0.4796875 0.7666666666666667 0.44921875 0.7666666666666667 0.44921875 0.8222222222222222 0.4796875 0.8222222222222222
0 0.52265625 0.7777777777777778 0.49609375 0.7777777777777778 0.49609375 0.8347222222222223 0.52265625 0.8347222222222223
0 0.5765625 0.7625 0.5453125 0.7625 0.5453125 0.8236111111111111 0.5765625 0.8236111111111111
0 0.69921875 0.7805555555555556 0.671875 0.7805555555555556 0.671875 0.8388888888888889 0.69921875 0.8388888888888889
0 0.78515625 0.6708333333333335 0.753125 0.6708333333333335 0.753125 0.741666666666667 0.78515625 0.741666666666667
0 0.775 0.7375000000000003 0.74453125 0.7375000000000003 0.74453125 0.8069444444444448 0.775 0.8069444444444448
0 0.8203125 0.6958333333333335 0.7875 0.6958333333333335 0.7875 0.7666666666666669 0.8203125 0.7666666666666669
0 0.58984375 0.6750000000000002 0.553125 0.6750000000000002 0.553125 0.7472222222222222 0.58984375 0.7472222222222222
0 0.86484375 0.702777777777778 0.8328125 0.702777777777778 0.8328125 0.7736111111111115 0.86484375 0.7736111111111115
0 0.615625 0.7180555555555556 0.58515625 0.7180555555555556 0.58515625 0.7861111111111111 0.615625 0.7861111111111111