0 0.81640625 0.3236111111111113 0.7703125 0.3236111111111113 0.7703125 0.4013888888888891 0.81640625 0.4013888888888891
0 0.75703125 0.28750000000000014 0.715625 0.28750000000000014 0.715625 0.36250000000000016 0.75703125 0.36250000000000016
0 0.696875 0.37500000000000017 0.6453125 0.37500000000000017 0.6453125 0.48055555555555574 0.696875 0.48055555555555574
0 0.68671875 0.2833333333333335 0.64140625 0.2833333333333335 0.64140625 0.3708333333333335 0.68671875 0.3708333333333335
0 0.64453125 0.3180555555555557 0.603125 0.3180555555555557 0.603125 0.4055555555555557 0.64453125 0.4055555555555557
0 0.5765625 0.41111111111111126 0.5046875 0.41111111111111126 0.5046875 0.5555555555555557 0.5765625 0.5555555555555557
0 0.6 0.14305555555555569 0.5703125 0.14305555555555569 0.5703125 0.20277777777777795 0.6 0.20277777777777795
0 0.55234375 0.13194444444444456 0.528125 0.13194444444444456 0.528125 0.18055555555555566 0.55234375 0.18055555555555572
0 0.52578125 0.19583333333333341 0.4921875 0.19583333333333341 0.4921875 0.26805555555555566 0.52578125 0.26805555555555566
0 0.4984375 0.1250000000000001 0.471875 0.1250000000000001 0.471875 0.17500000000000013 0.4984375 0.17500000000000013
0 0.46484375 0.14444444444444454 0.43828125 0.14444444444444451 0.43828125 0.1861111111111112 0.46484375 0.1861111111111112
0 0.3984375 0.10694444444444452 0.37109375 0.10694444444444452 0.37109375 0.1722222222222223 0.3984375 0.1722222222222223
0 0.3703125 0.11388888888888897 0.34140625 0.11388888888888897 0.34140625 0.16944444444444454 0.3703125 0.16944444444444454
0 0.38046875 0.21944444444444453 0.3484375 0.21944444444444453 0.3484375 0.2875000000000001 0.38046875 0.2875000000000001
0 0.2875 0.1319444444444445 0.2609375 0.13194444444444448 0.2609375 0.1847222222222223 0.2875 0.1847222222222223
0 0.35078125 0.18750000000000008 0.3203125 0.18750000000000008 0.3203125 0.26250000000000007 0.35078125 0.26250000000000007
0 0.2953125 0.19583333333333341 0.265625 0.19583333333333341 0.265625 0.25555555555555565 0.2953125 0.25555555555555565
0 0.559375 0.1777777777777779 0.528125 0.17777777777777787 0.528125 0.23472222222222233 0.559375 0.2347222222222224
0 0.5078125 0.163888888888889 0.48046875 0.163888888888889 0.48046875 0.2222222222222223 0.5078125 0.2222222222222223
0 0.4578125 0.17361111111111122 0.421875 0.1736111111111112 0.421875 0.2486111111111112 0.4578125 0.2486111111111112
0 0.33125 0.15555555555555564 0.30390625 0.15555555555555564 0.30390625 0.21388888888888896 0.33125 0.21388888888888896
0 0.25 0.25000000000000006 0.2171875 0.25000000000000006 0.2171875 0.3208333333333334 0.25 0.3208333333333334
0 0.259375 0.1861111111111112 0.228125 0.1861111111111112 0.228125 0.25555555555555565 0.259375 0.25555555555555565
0 0.209375 0.22083333333333338 0.17578125 0.22083333333333333 0.17578125 0.29305555555555557 0.209375 0.2930555555555556
0 0.44921875 0.24444444444444452 0.40859375 0.24444444444444452 0.40859375 0.31666666666666676 0.44921875 0.31666666666666676
0 0.1703125 0.2152777777777778 0.1375 0.2152777777777778 0.1375 0.2875 0.1703125 0.2875
0 0.41875 0.2111111111111112 0.3875 0.2111111111111112 0.3875 0.27916666666666673 0.41875 0.27916666666666673