0 0.81953125 0.5805555555555557 0.77265625 0.5805555555555557 0.77265625 0.6597222222222224 0.81953125 0.6597222222222224
0 0.7609375 0.6208333333333335 0.71875 0.6208333333333335 0.71875 0.6986111111111113 0.7609375 0.6986111111111113
0 0.69921875 0.5083333333333335 0.6453125 0.5083333333333335 0.6453125 0.6166666666666668 0.69921875 0.6166666666666668
0 0.69140625 0.6194444444444446 0.64453125 0.6194444444444446 0.64453125 0.7083333333333335 0.69140625 0.7083333333333335
0 0.64765625 0.5861111111111112 0.6046875 0.5861111111111112 0.6046875 0.676388888888889 0.64765625 0.676388888888889
0 0.578125 0.44027777777777793 0.50390625 0.44027777777777793 0.50390625 0.5875000000000001 0.578125 0.5875000000000001
0 0.60703125 0.7916666666666666 0.5765625 0.7916666666666666 0.5765625 0.8527777777777777 0.60703125 0.8527777777777777
0 0.54921875 0.8138888888888889 0.52421875 0.8138888888888889 0.52421875 0.8638888888888889 0.54921875 0.8638888888888889
0 0.53125 0.7319444444444444 0.496875 0.7319444444444444 0.496875 0.8055555555555556 0.53125 0.8055555555555556
0 0.50546875 0.8263888888888888 0.478125 0.8263888888888888 0.478125 0.8777777777777778 0.50546875 0.8777777777777778
0 0.471875 0.8166666666666667 0.44453125 0.8166666666666667 0.44453125 0.8597222222222223 0.471875 0.8597222222222223
0 0.40546875 0.8347222222222223 0.3773437500000001 0.8347222222222223 0.3773437500000001 0.9 0.40546875 0.9
0 0.3773437500000001 0.8388888888888889 0.3476562500000001 0.8388888888888889 0.3476562500000001 0.8958333333333334 0.3773437500000001 0.8958333333333334
0 0.3921875000000001 0.7263888888888889 0.3593750000000001 0.7263888888888889 0.3593750000000001 0.7958333333333333 0.3921875000000001 0.7958333333333333
0 0.2960937500000001 0.8208333333333333 0.2609375000000001 0.8208333333333333 0.2609375000000001 0.8847222222222222 0.2960937500000001 0.8847222222222222
0 0.3570312500000001 0.7472222222222222 0.32500000000000007 0.7472222222222222 0.32500000000000007 0.8236111111111111 0.3570312500000001 0.8236111111111111
0 0.30156250000000007 0.7569444444444444 0.2710937500000001 0.7569444444444444 0.2710937500000001 0.8180555555555555 0.30156250000000007 0.8180555555555555
0 0.565625 0.7625 0.53359375 0.7625 0.53359375 0.8208333333333333 0.565625 0.8208333333333333
0 0.5140625 0.7777777777777778 0.4859375 0.7777777777777778 0.4859375 0.8375 0.5140625 0.8375
0 0.46484375 0.7541666666666667 0.42734375 0.7541666666666667 0.42734375 0.8305555555555556 0.46484375 0.8305555555555556
0 0.3382812500000001 0.7972222222222223 0.3101562500000001 0.7972222222222223 0.3101562500000001 0.8569444444444444 0.3382812500000001 0.8569444444444444
0 0.2640625000000001 0.6763888888888889 0.2296875000000001 0.6763888888888889 0.2296875000000001 0.75 0.2640625000000001 0.75
0 0.2648437500000001 0.7597222222222222 0.2328125000000001 0.7597222222222222 0.2328125000000001 0.8305555555555556 0.2648437500000001 0.8305555555555556
0 0.2195312500000001 0.725 0.18437500000000004 0.725 0.18437500000000004 0.7986111111111112 0.2195312500000001 0.7986111111111112
0 0.45390625 0.6875000000000001 0.4125 0.6875000000000001 0.4125 0.7625 0.45390625 0.7625
0 0.17578125000000006 0.7291666666666666 0.14140625000000004 0.7291666666666666 0.14140625000000004 0.8027777777777778 0.17578125000000006 0.8027777777777778
0 0.42421875 0.7263888888888889 0.39140625000000007 0.7263888888888889 0.39140625000000007 0.7958333333333333 0.42421875 0.7958333333333333