0 0.2359375 0.2819444444444445 0.19375 0.2819444444444445 0.19375000000000003 0.35277777777777786 0.2359375 0.35277777777777786
0 0.2921875 0.25416666666666676 0.25390625 0.25416666666666676 0.25390625 0.3236111111111112 0.2921875 0.3236111111111112
0 0.35703125 0.351388888888889 0.309375 0.351388888888889 0.309375 0.45 0.35703125 0.45
0 0.365625 0.2611111111111112 0.32421875 0.2611111111111112 0.32421875 0.34166666666666673 0.365625 0.34166666666666673
0 0.40234375 0.301388888888889 0.365625 0.301388888888889 0.365625 0.38472222222222235 0.40234375 0.38472222222222235
0 0.49296875 0.4097222222222224 0.42734375 0.4097222222222224 0.42734375 0.5444444444444446 0.49296875 0.5444444444444446
0 0.44453125 0.13194444444444453 0.41796875 0.13194444444444453 0.41796875 0.18750000000000008 0.44453125 0.18750000000000008
0 0.49765625 0.13333333333333344 0.47578125 0.13333333333333344 0.47578125 0.17916666666666675 0.49765625 0.17916666666666675
0 0.51953125 0.1972222222222223 0.48984375 0.1972222222222223 0.48984375 0.26388888888888895 0.51953125 0.26388888888888895
0 0.54453125 0.13055555555555567 0.5203125 0.13055555555555567 0.5203125 0.176388888888889 0.54453125 0.176388888888889
0 0.57734375 0.15416666666666679 0.55234375 0.15416666666666679 0.55234375 0.1930555555555557 0.57734375 0.1930555555555557
0 0.6453125 0.12916666666666682 0.62109375 0.1291666666666668 0.62109375 0.19027777777777793 0.6453125 0.19027777777777793
0 0.675 0.13888888888888903 0.6484375 0.13888888888888903 0.6484375 0.19027777777777793 0.675 0.19027777777777793
0 0.65625 0.23611111111111127 0.62734375 0.23611111111111127 0.62734375 0.30000000000000016 0.65625 0.30000000000000016
0 0.76015625 0.1694444444444446 0.728125 0.1694444444444446 0.728125 0.22777777777777794 0.76015625 0.22777777777777794
0 0.69140625 0.21527777777777793 0.6640625 0.21527777777777793 0.6640625 0.28611111111111126 0.69140625 0.28611111111111126
0 0.7453125 0.2333333333333335 0.71875 0.2333333333333335 0.71875 0.28888888888888903 0.7453125 0.28888888888888903
0 0.48515625 0.17500000000000013 0.45703125 0.17500000000000013 0.45703125 0.22777777777777786 0.48515625 0.22777777777777786
0 0.53359375 0.16805555555555568 0.509375 0.16805555555555568 0.509375 0.2222222222222223 0.53359375 0.2222222222222223
0 0.58984375 0.18611111111111128 0.5578125 0.18611111111111128 0.5578125 0.2569444444444446 0.58984375 0.2569444444444446
0 0.709375 0.18611111111111128 0.684375 0.18611111111111128 0.684375 0.24166666666666684 0.709375 0.24166666666666684
0 0.78046875 0.3097222222222224 0.7515625 0.3097222222222224 0.7515625 0.37638888888888905 0.78046875 0.37638888888888905
0 0.78359375 0.22916666666666682 0.75546875 0.22916666666666682 0.75546875 0.2944444444444446 0.78359375 0.2944444444444446
0 0.82890625 0.2708333333333335 0.7984375 0.2708333333333335 0.7984375 0.3388888888888891 0.82890625 0.3388888888888891
0 0.60078125 0.25833333333333347 0.56328125 0.25833333333333347 0.56328125 0.3250000000000002 0.60078125 0.3250000000000002
0 0.871875 0.2763888888888891 0.8421875 0.2763888888888891 0.8421875 0.3444444444444446 0.871875 0.3444444444444446
0 0.6234375 0.22916666666666682 0.5953125 0.22916666666666682 0.5953125 0.29305555555555574 0.6234375 0.29305555555555574