0 0.225 0.38472222222222224 0.17500000000000004 0.38472222222222224 0.17500000000000004 0.46944444444444444 0.225 0.46944444444444444
0 0.2765625 0.3375000000000001 0.23125 0.3375000000000001 0.23125 0.41944444444444445 0.2765625 0.41944444444444445
0 0.35390625 0.4083333333333333 0.29609375 0.4083333333333333 0.29609375 0.5222222222222223 0.35390625 0.5222222222222223
0 0.35 0.31666666666666676 0.3 0.31666666666666676 0.3 0.4111111111111111 0.35 0.4111111111111111
0 0.39140625 0.3430555555555556 0.3453125 0.3430555555555556 0.3453125 0.43750000000000006 0.39140625 0.43750000000000017
0 0.4984375 0.4152777777777779 0.41875 0.4152777777777779 0.41875 0.5708333333333335 0.4984375 0.5708333333333335
0 0.409375 0.16111111111111118 0.3765625 0.16111111111111118 0.3765625 0.2250000000000001 0.409375 0.2250000000000001
0 0.46015625 0.14305555555555566 0.43359375 0.14305555555555563 0.43359375 0.19583333333333341 0.46015625 0.19583333333333341
0 0.4921875 0.1972222222222223 0.4546875 0.1972222222222223 0.4546875 0.2736111111111112 0.4921875 0.2736111111111112
0 0.50546875 0.12222222222222234 0.4765625 0.12222222222222234 0.4765625 0.176388888888889 0.50546875 0.176388888888889
0 0.53984375 0.13472222222222235 0.5109375 0.13472222222222235 0.5109375 0.18055555555555564 0.53984375 0.18055555555555564
0 0.60625 0.08333333333333347 0.575 0.08333333333333345 0.575 0.1527777777777779 0.60625 0.1527777777777779
0 0.63515625 0.08333333333333347 0.603125 0.08333333333333347 0.603125 0.14305555555555569 0.63515625 0.1430555555555557
0 0.62890625 0.18472222222222237 0.59375 0.18472222222222237 0.59375 0.2569444444444446 0.62890625 0.2569444444444446
0 0.72265625 0.0819444444444446 0.68515625 0.0819444444444446 0.68515625 0.15000000000000016 0.72265625 0.15000000000000016
0 0.6625 0.15138888888888902 0.62734375 0.15138888888888902 0.62734375 0.2305555555555557 0.6625 0.2305555555555557
0 0.715625 0.14861111111111128 0.6828125 0.14861111111111128 0.6828125 0.21250000000000016 0.715625 0.21250000000000016
0 0.45390625 0.18750000000000008 0.41953125 0.18750000000000008 0.41953125 0.25000000000000006 0.45390625 0.25000000000000006
0 0.50078125 0.163888888888889 0.4703125 0.163888888888889 0.4703125 0.22638888888888897 0.50078125 0.22638888888888897
0 0.56015625 0.16111111111111123 0.5203125 0.16111111111111123 0.5203125 0.24166666666666678 0.56015625 0.24166666666666684
0 0.675 0.11666666666666682 0.64453125 0.11666666666666682 0.64453125 0.17916666666666684 0.675 0.17916666666666684
0 0.76015625 0.2097222222222224 0.7234375 0.2097222222222224 0.7234375 0.28611111111111126 0.76015625 0.28611111111111126
0 0.753125 0.1305555555555557 0.71796875 0.1305555555555557 0.71796875 0.2055555555555557 0.753125 0.2055555555555557
0 0.803125 0.15555555555555572 0.765625 0.15555555555555572 0.765625 0.2319444444444446 0.803125 0.2319444444444446
0 0.578125 0.226388888888889 0.53359375 0.22638888888888897 0.53359375 0.3055555555555557 0.578125 0.3055555555555557
0 0.8453125 0.14305555555555574 0.80859375 0.1430555555555557 0.80859375 0.2208333333333335 0.8453125 0.2208333333333335
0 0.596875 0.18888888888888905 0.56171875 0.18888888888888905 0.56171875 0.2625000000000002 0.596875 0.2625000000000002