0 0.2546875 0.22638888888888897 0.20703125 0.22638888888888897 0.20703125 0.3069444444444445 0.2546875 0.3069444444444445
0 0.321875 0.19583333333333341 0.27890625 0.19583333333333341 0.27890625 0.2736111111111112 0.321875 0.2736111111111112
0 0.384375 0.20833333333333343 0.35234375 0.20833333333333343 0.35234375 0.2805555555555556 0.384375 0.2805555555555556
0 0.35 0.3097222222222223 0.30234375 0.3097222222222223 0.30234375 0.4 0.35 0.4
0 0.41171875 0.288888888888889 0.3703125 0.288888888888889 0.3703125 0.3694444444444446 0.41171875 0.3694444444444446
0 0.490625 0.3861111111111113 0.4359375 0.3861111111111113 0.4359375 0.5000000000000001 0.490625 0.5000000000000001
0 0.45859375 0.11527777777777788 0.42734375 0.11527777777777785 0.42734375 0.17777777777777787 0.45859375 0.17777777777777787
0 0.5203125 0.1277777777777779 0.49921875 0.1277777777777779 0.49921875 0.17777777777777787 0.5203125 0.17777777777777787
0 0.55078125 0.1902777777777779 0.51953125 0.19027777777777785 0.51953125 0.2625000000000001 0.55078125 0.2625000000000002
0 0.57734375 0.13472222222222235 0.546875 0.13472222222222235 0.546875 0.2069444444444446 0.57734375 0.2069444444444446
0 0.6078125 0.17361111111111122 0.58359375 0.17361111111111122 0.58359375 0.2194444444444446 0.6078125 0.2194444444444446
0 0.6453125 0.2347222222222224 0.61640625 0.2347222222222224 0.61640625 0.2958333333333335 0.6453125 0.2958333333333335
0 0.67578125 0.18611111111111128 0.65078125 0.18611111111111128 0.65078125 0.23750000000000016 0.67578125 0.23750000000000016
0 0.7046875 0.18611111111111128 0.684375 0.18611111111111128 0.684375 0.22500000000000014 0.7046875 0.22500000000000014
0 0.684375 0.29305555555555574 0.6546875 0.29305555555555574 0.6546875 0.35416666666666685 0.684375 0.35416666666666685
0 0.70234375 0.2333333333333335 0.67578125 0.2333333333333335 0.67578125 0.28750000000000014 0.70234375 0.28750000000000014
0 0.7765625 0.2347222222222224 0.7484375 0.2347222222222224 0.7484375 0.2902777777777779 0.7765625 0.2902777777777779
0 0.72109375 0.2805555555555557 0.68984375 0.2805555555555557 0.68984375 0.3527777777777779 0.72109375 0.3527777777777779
0 0.775 0.2958333333333335 0.74375 0.2958333333333335 0.74375 0.3583333333333335 0.775 0.3583333333333335
0 0.8328125 0.31388888888888905 0.8015625 0.31388888888888905 0.8015625 0.3805555555555557 0.8328125 0.3805555555555557
0 0.521875 0.15972222222222235 0.4890625 0.15972222222222235 0.4890625 0.21944444444444453 0.521875 0.21944444444444453
0 0.5546875 0.1527777777777779 0.52578125 0.1527777777777779 0.52578125 0.2152777777777779 0.5546875 0.21527777777777793
0 0.61015625 0.20833333333333348 0.57734375 0.20833333333333348 0.57734375 0.27222222222222237 0.61015625 0.27222222222222237
0 0.73671875 0.24027777777777792 0.7078125 0.24027777777777792 0.7078125 0.29861111111111127 0.73671875 0.29861111111111127
0 0.8 0.3708333333333335 0.76875 0.3708333333333335 0.76875 0.44583333333333347 0.8 0.44583333333333347
0 0.86328125 0.3444444444444446 0.8328125 0.3444444444444446 0.8328125 0.40416666666666684 0.86328125 0.40416666666666684
0 0.83671875 0.3597222222222224 0.80546875 0.3597222222222224 0.80546875 0.42500000000000016 0.83671875 0.42500000000000016
