0 0.2570312500000001 0.7013888888888888 0.20859375000000008 0.7013888888888888 0.20859375000000008 0.7833333333333333 0.2570312500000001 0.7833333333333333
0 0.32500000000000007 0.7333333333333333 0.2812500000000001 0.7333333333333333 0.2812500000000001 0.8125 0.32500000000000007 0.8125
0 0.38750000000000007 0.7236111111111111 0.3546875000000001 0.7236111111111111 0.3546875000000001 0.7958333333333333 0.38750000000000007 0.7958333333333333
0 0.35156250000000006 0.6055555555555555 0.303125 0.6055555555555555 0.30312500000000003 0.6972222222222222 0.3515625000000001 0.6972222222222222
0 0.4140625 0.6347222222222224 0.371875 0.6347222222222224 0.37187500000000007 0.7152777777777778 0.4140625 0.7152777777777778
0 0.4921875 0.501388888888889 0.43671875 0.501388888888889 0.43671875 0.6166666666666668 0.4921875 0.6166666666666668
0 0.4625 0.825 0.43125 0.825 0.43125 0.8875 0.4625 0.8875
0 0.52421875 0.8222222222222222 0.50234375 0.8222222222222222 0.50234375 0.8722222222222222 0.52421875 0.8722222222222222
0 0.55390625 0.7361111111111112 0.521875 0.7361111111111112 0.521875 0.8097222222222222 0.55390625 0.8097222222222222
0 0.58125 0.7916666666666666 0.55 0.7916666666666666 0.55 0.8652777777777778 0.58125 0.8652777777777778
0 0.6109375 0.7763888888888889 0.5859375 0.7763888888888889 0.5859375 0.8236111111111111 0.6109375 0.8236111111111111
0 0.64765625 0.7000000000000002 0.61875 0.7000000000000002 0.61875 0.7625 0.64765625 0.7625
0 0.67890625 0.7569444444444444 0.653125 0.7569444444444444 0.653125 0.8083333333333333 0.67890625 0.8083333333333333
0 0.7078125 0.7694444444444445 0.68671875 0.7694444444444445 0.68671875 0.8083333333333333 0.7078125 0.8083333333333333
0 0.6859375 0.6416666666666668 0.65625 0.6416666666666668 0.65625 0.702777777777778 0.6859375 0.702777777777778
0 0.7046875 0.7069444444444446 0.678125 0.7069444444444446 0.678125 0.7611111111111111 0.7046875 0.7611111111111111
0 0.77890625 0.7013888888888891 0.75 0.7013888888888891 0.75 0.7569444444444448 0.77890625 0.7569444444444448
0 0.7234375 0.640277777777778 0.69140625 0.640277777777778 0.69140625 0.7125 0.7234375 0.7125
0 0.7765625 0.6347222222222224 0.7453125 0.6347222222222224 0.7453125 0.6972222222222224 0.7765625 0.6972222222222224
0 0.834375 0.6097222222222224 0.80234375 0.6097222222222224 0.80234375 0.6777777777777779 0.834375 0.6777777777777779
0 0.525 0.7805555555555556 0.4921875 0.7805555555555556 0.4921875 0.8402777777777778 0.525 0.8402777777777778
0 0.5578125 0.7833333333333333 0.528125 0.7833333333333333 0.528125 0.8472222222222222 0.5578125 0.8472222222222222
0 0.61328125 0.725 0.5796875 0.725 0.5796875 0.7902777777777777 0.61328125 0.7902777777777777
0 0.7390625 0.6944444444444446 0.709375 0.6944444444444446 0.709375 0.7541666666666669 0.7390625 0.754166666666667
0 0.8015625 0.5444444444444446 0.76953125 0.5444444444444446 0.76953125 0.6208333333333335 0.8015625 0.6208333333333335
0 0.8640625 0.5861111111111112 0.83359375 0.5861111111111112 0.83359375 0.6472222222222224 0.8640625 0.6472222222222224
0 0.8375 0.565277777777778 0.80546875 0.565277777777778 0.80546875 0.6319444444444446 0.8375 0.6319444444444446
