0 0.25390625 0.2347222222222223 0.2078125 0.2347222222222223 0.2078125 0.313888888888889 0.25390625 0.313888888888889
0 0.315625 0.20833333333333343 0.27421875 0.20833333333333343 0.27421875 0.2847222222222223 0.315625 0.2847222222222223
0 0.37890625 0.21388888888888896 0.34140625 0.21388888888888896 0.34140625 0.3097222222222223 0.37890625 0.3097222222222223
0 0.3453125 0.2958333333333334 0.29921875 0.2958333333333334 0.29921875 0.38333333333333336 0.3453125 0.38333333333333336
0 0.4125 0.2750000000000001 0.36953125 0.2750000000000001 0.36953125 0.36388888888888904 0.4125 0.36388888888888904
0 0.49921875 0.4013888888888891 0.4328125 0.4013888888888891 0.4328125 0.5333333333333334 0.49921875 0.5333333333333334
0 0.45234375 0.11944444444444452 0.41796875 0.11944444444444452 0.41796875 0.1833333333333334 0.45234375 0.1833333333333334
0 0.52265625 0.13333333333333344 0.49453125 0.13333333333333344 0.49453125 0.1847222222222223 0.52265625 0.1847222222222223
0 0.53671875 0.19444444444444453 0.50625 0.19444444444444453 0.50625 0.26527777777777783 0.53671875 0.26527777777777783
0 0.56640625 0.13055555555555567 0.53984375 0.13055555555555567 0.53984375 0.1902777777777779 0.56640625 0.19027777777777793
0 0.60234375 0.16527777777777788 0.5734375 0.16527777777777788 0.5734375 0.21805555555555572 0.60234375 0.21805555555555572
0 0.63359375 0.24861111111111128 0.60625 0.24861111111111128 0.60625 0.3083333333333335 0.63359375 0.3083333333333335
0 0.665625 0.15972222222222238 0.6359375 0.15972222222222238 0.6359375 0.21805555555555572 0.665625 0.21805555555555572
0 0.69609375 0.1694444444444446 0.66875 0.1694444444444446 0.66875 0.22638888888888906 0.69609375 0.22638888888888906
0 0.6734375 0.27361111111111125 0.640625 0.27361111111111125 0.640625 0.3388888888888891 0.6734375 0.3388888888888891
0 0.70546875 0.22222222222222238 0.6796875 0.22222222222222238 0.6796875 0.27500000000000013 0.70546875 0.27500000000000013
0 0.778125 0.21250000000000016 0.746875 0.21250000000000016 0.746875 0.27777777777777796 0.778125 0.27777777777777796
0 0.70234375 0.25833333333333347 0.67265625 0.25833333333333347 0.67265625 0.32916666666666683 0.70234375 0.32916666666666683
0 0.7609375 0.27361111111111125 0.72578125 0.27361111111111125 0.72578125 0.3458333333333335 0.7609375 0.3458333333333335
0 0.8671875 0.3694444444444446 0.84140625 0.3694444444444446 0.84140625 0.4291666666666668 0.8671875 0.4291666666666668
0 0.50078125 0.15416666666666679 0.471875 0.15416666666666679 0.471875 0.21944444444444453 0.50078125 0.21944444444444453
0 0.55546875 0.1777777777777779 0.52734375 0.17777777777777787 0.52734375 0.23194444444444456 0.55546875 0.2319444444444446
0 0.6046875 0.21527777777777793 0.57265625 0.21527777777777793 0.57265625 0.27777777777777796 0.6046875 0.27777777777777796
0 0.72578125 0.22500000000000014 0.69765625 0.22500000000000014 0.69765625 0.2819444444444446 0.72578125 0.2819444444444446
0 0.62421875 0.3027777777777779 0.58828125 0.3027777777777779 0.58828125 0.37777777777777793 0.62421875 0.37777777777777793
0 0.87734375 0.3388888888888891 0.8515625 0.3388888888888891 0.8515625 0.3958333333333335 0.87734375 0.3958333333333335
0 0.7953125 0.27777777777777796 0.76484375 0.27777777777777796 0.76484375 0.34166666666666684 0.7953125 0.34166666666666684
0 0.803125 0.3472222222222224 0.7640625 0.3472222222222224 0.7640625 0.4208333333333335 0.803125 0.4208333333333335
