0 0.23984375 0.29027777777777786 0.19765625 0.29027777777777786 0.19765625000000003 0.3611111111111111 0.23984375 0.3611111111111111
0 0.3703125 0.25694444444444453 0.33203125 0.25694444444444453 0.33203125 0.32638888888888895 0.3703125 0.32638888888888895
0 0.290625 0.2458333333333334 0.2578125 0.2458333333333334 0.2578125 0.3375000000000001 0.290625 0.3375000000000001
0 0.33515625 0.3208333333333334 0.29296875 0.3208333333333334 0.29296875 0.41944444444444445 0.33515625 0.41944444444444445
0 0.40390625 0.30277777777777787 0.365625 0.30277777777777787 0.365625 0.3861111111111113 0.40390625 0.3861111111111113
0 0.49375 0.41250000000000014 0.43515625 0.41250000000000014 0.43515625 0.5347222222222224 0.49375 0.5347222222222224
0 0.459375 0.1402777777777779 0.42890625 0.14027777777777786 0.42890625 0.22361111111111118 0.459375 0.22361111111111118
0 0.50703125 0.13611111111111124 0.48125 0.13611111111111124 0.48125 0.1833333333333334 0.50703125 0.1833333333333334
0 0.5453125 0.20833333333333345 0.51328125 0.20833333333333343 0.51328125 0.2777777777777779 0.5453125 0.27777777777777796
0 0.5828125 0.15138888888888902 0.55625 0.15138888888888902 0.55625 0.20000000000000015 0.5828125 0.20000000000000015
0 0.61796875 0.2319444444444446 0.59375 0.2319444444444446 0.59375 0.28750000000000014 0.61796875 0.28750000000000014
0 0.64453125 0.13472222222222235 0.61796875 0.13472222222222235 0.61796875 0.18888888888888905 0.64453125 0.18888888888888905
0 0.67578125 0.13888888888888903 0.6515625 0.13888888888888903 0.6515625 0.19166666666666682 0.67578125 0.19166666666666682
0 0.65 0.25277777777777793 0.61875 0.25277777777777793 0.61875 0.3180555555555557 0.65 0.3180555555555557
0 0.67890625 0.18472222222222237 0.65625 0.18472222222222237 0.65625 0.2333333333333335 0.67890625 0.2333333333333335
0 0.7640625 0.1722222222222224 0.73671875 0.1722222222222224 0.73671875 0.2333333333333335 0.7640625 0.2333333333333335
0 0.69296875 0.22638888888888906 0.6609375 0.22638888888888906 0.6609375 0.2958333333333335 0.69296875 0.2958333333333335
0 0.74609375 0.2319444444444446 0.71484375 0.2319444444444446 0.71484375 0.29861111111111127 0.74609375 0.29861111111111127
0 0.825 0.2819444444444446 0.80234375 0.2819444444444446 0.80234375 0.33750000000000013 0.825 0.33750000000000013
0 0.4859375 0.16111111111111123 0.46015625 0.16111111111111123 0.46015625 0.2222222222222223 0.4859375 0.2222222222222223
0 0.540625 0.15138888888888902 0.5140625 0.15138888888888902 0.5140625 0.21388888888888896 0.540625 0.21388888888888896
0 0.5875 0.20277777777777795 0.55859375 0.20277777777777795 0.55859375 0.2611111111111113 0.5875 0.2611111111111113
0 0.71015625 0.18611111111111128 0.684375 0.18611111111111128 0.684375 0.23888888888888904 0.71015625 0.23888888888888904
0 0.6046875 0.2694444444444446 0.571875 0.2694444444444446 0.571875 0.3388888888888891 0.6046875 0.3388888888888891
0 0.85625 0.30000000000000016 0.8328125 0.30000000000000016 0.8328125 0.3527777777777779 0.85625 0.3527777777777779
0 0.78046875 0.22916666666666682 0.75390625 0.22916666666666682 0.75390625 0.28750000000000014 0.78046875 0.28750000000000014
0 0.80546875 0.3097222222222224 0.7703125 0.3097222222222224 0.7703125 0.37777777777777793 0.80546875 0.37777777777777793
