0 0.2296875 0.3902777777777778 0.17968750000000006 0.3902777777777778 0.17968750000000006 0.475 0.2296875 0.475
0 0.353125 0.31111111111111117 0.3078125 0.31111111111111117 0.3078125 0.39305555555555555 0.353125 0.39305555555555555
0 0.27578125 0.3291666666666667 0.23359375 0.3291666666666667 0.23359375 0.4305555555555556 0.27578125 0.4305555555555556
0 0.3296875 0.3861111111111111 0.2765625 0.3861111111111111 0.2765625 0.4986111111111111 0.3296875 0.4986111111111111
0 0.39296875 0.3444444444444445 0.3453125 0.3444444444444445 0.3453125 0.438888888888889 0.39296875 0.43888888888888905
0 0.4984375 0.41666666666666685 0.4265625 0.41666666666666685 0.4265625 0.5583333333333335 0.4984375 0.5583333333333335
0 0.42890625 0.16388888888888897 0.3890625 0.16388888888888897 0.3890625 0.25694444444444453 0.42890625 0.25694444444444453
0 0.4703125 0.14166666666666677 0.43984375 0.14166666666666675 0.43984375 0.1972222222222223 0.4703125 0.1972222222222223
0 0.51875 0.19861111111111118 0.47890625 0.19861111111111118 0.47890625 0.27777777777777785 0.51875 0.27777777777777785
0 0.54609375 0.1291666666666668 0.51484375 0.1291666666666668 0.51484375 0.18611111111111123 0.54609375 0.18611111111111128
0 0.590625 0.19444444444444461 0.56015625 0.19444444444444461 0.56015625 0.25833333333333347 0.590625 0.25833333333333347
0 0.60546875 0.0902777777777779 0.5734375 0.0902777777777779 0.5734375 0.1527777777777779 0.60546875 0.1527777777777779
0 0.63671875 0.08194444444444458 0.60625 0.08194444444444458 0.60625 0.14305555555555569 0.63671875 0.1430555555555557
0 0.62578125 0.20277777777777795 0.5875 0.20277777777777795 0.5875 0.27916666666666684 0.62578125 0.27916666666666684
0 0.64375 0.12638888888888902 0.615625 0.126388888888889 0.615625 0.1819444444444446 0.64375 0.1819444444444446
0 0.72734375 0.0819444444444446 0.69375 0.0819444444444446 0.69375 0.15138888888888904 0.72734375 0.15138888888888904
0 0.66484375 0.16111111111111126 0.62578125 0.16111111111111123 0.62578125 0.24027777777777792 0.66484375 0.24027777777777792
0 0.7171875 0.1472222222222224 0.67890625 0.1472222222222224 0.67890625 0.22500000000000014 0.7171875 0.22500000000000014
0 0.79921875 0.16666666666666682 0.7703125 0.16666666666666682 0.7703125 0.2305555555555557 0.79921875 0.2305555555555557
0 0.45390625 0.17361111111111122 0.421875 0.1736111111111112 0.421875 0.24305555555555564 0.45390625 0.24305555555555564
0 0.50625 0.14444444444444457 0.47265625 0.14444444444444457 0.47265625 0.21527777777777785 0.50625 0.21527777777777785
0 0.5578125 0.1777777777777779 0.52265625 0.17777777777777787 0.52265625 0.24444444444444458 0.5578125 0.2444444444444446
0 0.675 0.11527777777777794 0.64375 0.11527777777777794 0.64375 0.17638888888888904 0.675 0.17638888888888904
0 0.58359375 0.23750000000000013 0.54375 0.23750000000000007 0.54375 0.31666666666666676 0.58359375 0.3166666666666668
0 0.83125 0.1736111111111113 0.80234375 0.17361111111111127 0.80234375 0.2333333333333335 0.83125 0.2333333333333335
0 0.75 0.1305555555555557 0.71640625 0.1305555555555557 0.71640625 0.19861111111111127 0.75 0.19861111111111127
0 0.784375 0.20138888888888903 0.7421875 0.20138888888888903 0.7421875 0.2805555555555557 0.784375 0.2805555555555557
