0 0.81015625 0.38472222222222235 0.7671875 0.38472222222222235 0.7671875 0.4708333333333335 0.81015625 0.4708333333333335
0 0.68984375 0.31527777777777793 0.64609375 0.31527777777777793 0.64609375 0.4069444444444446 0.68984375 0.4069444444444446
0 0.76484375 0.32222222222222235 0.7234375 0.32222222222222235 0.7234375 0.4222222222222224 0.76484375 0.4222222222222224
0 0.7265625 0.3736111111111113 0.67890625 0.3736111111111113 0.67890625 0.47500000000000014 0.7265625 0.47500000000000014
0 0.65390625 0.34027777777777796 0.60703125 0.34027777777777796 0.60703125 0.4347222222222224 0.65390625 0.4347222222222224
0 0.5734375 0.41666666666666685 0.50234375 0.41666666666666685 0.50234375 0.5569444444444446 0.5734375 0.5569444444444446
0 0.60859375 0.16111111111111123 0.56953125 0.16111111111111123 0.56953125 0.2541666666666668 0.60859375 0.2541666666666668
0 0.57578125 0.13194444444444456 0.5453125 0.13194444444444456 0.5453125 0.18750000000000017 0.57578125 0.18750000000000017
0 0.50625 0.20277777777777786 0.4671875 0.20277777777777786 0.4671875 0.2819444444444445 0.50625 0.2819444444444445
0 0.4828125 0.13055555555555565 0.4515625 0.13055555555555565 0.4515625 0.18750000000000008 0.4828125 0.18750000000000008
0 0.43671875 0.1972222222222223 0.40703125 0.1972222222222223 0.40703125 0.2597222222222223 0.43671875 0.2597222222222223
0 0.4234375 0.09305555555555564 0.39140625 0.09305555555555564 0.39140625 0.15555555555555564 0.4234375 0.15555555555555564
0 0.38984375 0.0861111111111112 0.36015625 0.0861111111111112 0.36015625 0.14583333333333343 0.38984375 0.14583333333333343
0 0.41328125 0.21527777777777785 0.37578125 0.21527777777777785 0.37578125 0.29027777777777786 0.41328125 0.29027777777777786
0 0.38359375 0.13194444444444453 0.35625 0.13194444444444453 0.35625 0.18750000000000008 0.38359375 0.18750000000000008
0 0.30234375 0.0944444444444445 0.26875 0.09444444444444448 0.26875 0.16250000000000006 0.30234375 0.1625000000000001
0 0.37109375 0.16666666666666674 0.3328125 0.16666666666666674 0.3328125 0.2458333333333334 0.37109375 0.2458333333333334
0 0.31875 0.15416666666666676 0.28046875 0.15416666666666676 0.28046875 0.23055555555555562 0.31875 0.23055555555555562
0 0.2265625 0.17638888888888893 0.1984375 0.17638888888888893 0.1984375 0.23888888888888896 0.2265625 0.23888888888888896
0 0.57578125 0.17222222222222233 0.54375 0.17222222222222233 0.54375 0.2402777777777779 0.57578125 0.24027777777777792
0 0.5203125 0.138888888888889 0.4875 0.138888888888889 0.4875 0.2097222222222223 0.5203125 0.2097222222222223
0 0.47421875 0.17916666666666675 0.43984375 0.17916666666666675 0.43984375 0.2458333333333334 0.47421875 0.2458333333333334
0 0.3578125 0.12361111111111119 0.32734375 0.12361111111111119 0.32734375 0.1833333333333334 0.3578125 0.1833333333333334
0 0.45390625 0.23888888888888896 0.41484375 0.23888888888888896 0.41484375 0.31805555555555565 0.45390625 0.31805555555555565
0 0.19453125 0.15138888888888893 0.16171875 0.15138888888888893 0.16171875 0.22361111111111115 0.19453125 0.22361111111111118
0 0.28046875 0.13888888888888895 0.24765625 0.13888888888888892 0.24765625 0.20694444444444451 0.28046875 0.20694444444444451
0 0.2640625 0.20416666666666675 0.22265625 0.20416666666666675 0.22265625 0.2819444444444445 0.2640625 0.2819444444444445
