0 0.81328125 0.4097222222222224 0.76875 0.4097222222222224 0.76875 0.4986111111111113 0.81328125 0.4986111111111113
0 0.696875 0.3194444444444446 0.6515625 0.3194444444444446 0.6515625 0.41388888888888903 0.696875 0.41388888888888903
0 0.74375 0.35000000000000014 0.70546875 0.35000000000000014 0.70546875 0.4333333333333335 0.74375 0.4333333333333335
0 0.728125 0.40277777777777796 0.68828125 0.40277777777777796 0.68828125 0.4958333333333335 0.728125 0.4958333333333335
0 0.6578125 0.35000000000000014 0.609375 0.35000000000000014 0.609375 0.44722222222222235 0.6578125 0.44722222222222235
0 0.57265625 0.42361111111111127 0.4984375 0.42361111111111127 0.4984375 0.5680555555555558 0.57265625 0.5680555555555558
0 0.62109375 0.17361111111111122 0.584375 0.17361111111111122 0.584375 0.2569444444444446 0.62109375 0.2569444444444446
0 0.5859375 0.13750000000000012 0.5546875 0.13750000000000012 0.5546875 0.19444444444444461 0.5859375 0.19444444444444461
0 0.52265625 0.19583333333333341 0.48203125 0.19583333333333341 0.48203125 0.27638888888888896 0.52265625 0.27638888888888896
0 0.49296875 0.1277777777777779 0.4609375 0.1277777777777779 0.4609375 0.1861111111111112 0.49296875 0.1861111111111112
0 0.44609375 0.18888888888888897 0.41484375 0.18888888888888897 0.41484375 0.2527777777777779 0.44609375 0.2527777777777779
0 0.43515625 0.08333333333333343 0.40234375 0.08333333333333341 0.40234375 0.1472222222222223 0.43515625 0.1472222222222223
0 0.40234375 0.0736111111111112 0.37109375 0.0736111111111112 0.37109375 0.1347222222222223 0.40234375 0.1347222222222223
0 0.41953125 0.21666666666666676 0.38046875 0.21666666666666676 0.38046875 0.2944444444444445 0.41953125 0.2944444444444445
0 0.39453125 0.11944444444444452 0.365625 0.11944444444444452 0.365625 0.17638888888888896 0.39453125 0.17638888888888896
0 0.31484375 0.07361111111111117 0.2796875 0.07361111111111117 0.2796875 0.14444444444444451 0.31484375 0.14444444444444451
0 0.38125 0.15277777777777785 0.340625 0.15277777777777785 0.340625 0.23333333333333342 0.38125 0.23333333333333342
0 0.32890625 0.13333333333333341 0.2890625 0.13333333333333341 0.2890625 0.21250000000000008 0.32890625 0.21250000000000008
0 0.25078125 0.14722222222222225 0.22109375 0.14722222222222225 0.22109375 0.2111111111111112 0.25078125 0.2111111111111112
0 0.5859375 0.17777777777777792 0.54921875 0.17777777777777792 0.54921875 0.2555555555555557 0.5859375 0.2555555555555557
0 0.53671875 0.14166666666666677 0.50234375 0.14166666666666677 0.50234375 0.21388888888888896 0.53671875 0.21388888888888896
0 0.48359375 0.1750000000000001 0.44765625 0.17500000000000007 0.44765625 0.24305555555555564 0.48359375 0.24305555555555564
0 0.36953125 0.10694444444444452 0.3375 0.10694444444444452 0.3375 0.16944444444444454 0.36953125 0.16944444444444454
0 0.45078125 0.24027777777777787 0.41015625 0.24027777777777787 0.41015625 0.3208333333333334 0.45078125 0.3208333333333334
0 0.20625 0.11666666666666671 0.171875 0.11666666666666671 0.171875 0.19027777777777782 0.20625 0.19027777777777785
0 0.2890625 0.11666666666666672 0.2546875 0.11666666666666671 0.2546875 0.1861111111111112 0.2890625 0.1861111111111112
0 0.27734375 0.18194444444444452 0.234375 0.18194444444444452 0.234375 0.26250000000000007 0.27734375 0.26250000000000007
