0 0.2351562500000001 0.6555555555555556 0.19765625000000003 0.6555555555555556 0.19765625000000003 0.7347222222222223 0.2351562500000001 0.7347222222222223
0 0.3703125000000001 0.6763888888888889 0.3320312500000001 0.6763888888888889 0.3320312500000001 0.7611111111111111 0.3703125000000001 0.7611111111111111
0 0.3109375000000001 0.6888888888888889 0.2796875000000001 0.6888888888888889 0.2796875000000001 0.7638888888888888 0.3109375000000001 0.7638888888888888
0 0.33125000000000004 0.6111111111111112 0.29375 0.6111111111111112 0.29375000000000007 0.6986111111111111 0.3312500000000001 0.6986111111111111
0 0.41015625 0.6236111111111112 0.36953125 0.6236111111111112 0.36953125000000003 0.7097222222222224 0.41015625 0.7097222222222224
0 0.4875 0.44722222222222235 0.425 0.44722222222222235 0.425 0.5750000000000002 0.4875 0.5750000000000002
0 0.46328125 0.8138888888888889 0.434375 0.8138888888888889 0.434375 0.8694444444444445 0.46328125 0.8694444444444445
0 0.5078125 0.8208333333333333 0.48046875 0.8208333333333333 0.48046875 0.8708333333333333 0.5078125 0.8708333333333333
0 0.5421875 0.7319444444444444 0.5078125 0.7319444444444444 0.5078125 0.8041666666666667 0.5421875 0.8041666666666667
0 0.5921875 0.7916666666666666 0.56484375 0.7916666666666666 0.56484375 0.8430555555555556 0.5921875 0.8430555555555556
0 0.62578125 0.7013888888888891 0.6 0.7013888888888891 0.6 0.7597222222222222 0.62578125 0.7597222222222222
0 0.65546875 0.7972222222222223 0.62734375 0.7972222222222223 0.62734375 0.8541666666666666 0.65546875 0.8541666666666666
0 0.68671875 0.7930555555555555 0.6609375 0.7930555555555555 0.6609375 0.8472222222222222 0.68671875 0.8472222222222222
0 0.66640625 0.6611111111111113 0.6328125 0.6611111111111113 0.6328125 0.7291666666666666 0.66640625 0.7291666666666666
0 0.68671875 0.7416666666666667 0.6609375 0.7416666666666667 0.6609375 0.8 0.68671875 0.8
0 0.7734375 0.7375000000000003 0.74453125 0.7375000000000003 0.74453125 0.8000000000000003 0.7734375 0.8000000000000003
0 0.709375 0.6736111111111113 0.67578125 0.6736111111111113 0.67578125 0.7458333333333333 0.709375 0.7458333333333333
0 0.75625 0.6777777777777779 0.72265625 0.6777777777777779 0.72265625 0.7472222222222223 0.75625 0.7472222222222226
0 0.82578125 0.6375000000000002 0.796875 0.6375000000000002 0.796875 0.7000000000000002 0.82578125 0.7000000000000002
0 0.49765625 0.7722222222222223 0.4671875 0.7722222222222223 0.4671875 0.8430555555555556 0.49765625 0.8430555555555556
0 0.5484375 0.7861111111111111 0.5203125 0.7861111111111111 0.5203125 0.8513888888888889 0.5484375 0.8513888888888889
0 0.596875 0.7305555555555555 0.56640625 0.7305555555555555 0.56640625 0.7916666666666666 0.596875 0.7916666666666666
0 0.7140625 0.7541666666666667 0.68515625 0.7541666666666667 0.68515625 0.8097222222222222 0.7140625 0.8097222222222222
0 0.6203125 0.6388888888888891 0.5859375 0.6388888888888891 0.5859375 0.7111111111111111 0.6203125 0.7111111111111111
0 0.86953125 0.6319444444444446 0.84140625 0.6319444444444446 0.84140625 0.6986111111111113 0.86953125 0.6986111111111113
0 0.790625 0.6847222222222223 0.76171875 0.6847222222222223 0.76171875 0.7472222222222226 0.790625 0.7472222222222226
0 0.796875 0.6083333333333335 0.759375 0.6083333333333335 0.759375 0.6791666666666668 0.796875 0.6791666666666668