0 0.80625 0.2847222222222224 0.76953125 0.2847222222222224 0.76953125 0.36111111111111127 0.80625 0.36111111111111127
0 0.671875 0.25000000000000017 0.63515625 0.25000000000000017 0.63515625 0.3319444444444446 0.671875 0.3319444444444446
0 0.72421875 0.25138888888888905 0.69453125 0.25138888888888905 0.69453125 0.3250000000000002 0.72421875 0.3250000000000002
0 0.709375 0.31388888888888905 0.6734375 0.31388888888888905 0.6734375 0.40000000000000013 0.709375 0.40000000000000013
0 0.63359375 0.30000000000000016 0.59453125 0.30000000000000016 0.59453125 0.38333333333333347 0.63359375 0.38333333333333347
0 0.57421875 0.4305555555555557 0.5140625 0.4305555555555557 0.5140625 0.5541666666666668 0.57421875 0.5541666666666668
0 0.571875 0.13472222222222235 0.54453125 0.13472222222222235 0.54453125 0.18888888888888905 0.571875 0.18888888888888905
0 0.5265625 0.13055555555555567 0.5 0.13055555555555567 0.5 0.17916666666666675 0.5265625 0.17916666666666675
0 0.496875 0.19583333333333341 0.4640625 0.19583333333333341 0.4640625 0.2666666666666667 0.496875 0.2666666666666667
0 0.44140625 0.15416666666666676 0.41484375 0.15416666666666676 0.41484375 0.20416666666666675 0.44140625 0.20416666666666675
0 0.4046875 0.2347222222222223 0.3796875 0.2347222222222223 0.3796875 0.29166666666666674 0.4046875 0.29166666666666674
0 0.37890625 0.13888888888888898 0.3515625 0.13888888888888898 0.3515625 0.19444444444444453 0.37890625 0.19444444444444453
0 0.3453125 0.14444444444444451 0.3203125 0.14444444444444451 0.3203125 0.1972222222222223 0.3453125 0.1972222222222223
0 0.37109375 0.26250000000000007 0.3390625 0.26250000000000007 0.3390625 0.3291666666666667 0.37109375 0.3291666666666667
0 0.34453125 0.19166666666666674 0.3203125 0.19166666666666674 0.3203125 0.2486111111111112 0.34453125 0.2486111111111112
0 0.2609375 0.1847222222222223 0.2328125 0.1847222222222223 0.2328125 0.2458333333333334 0.2609375 0.2458333333333334
0 0.328125 0.24444444444444452 0.2953125 0.24444444444444452 0.2953125 0.3152777777777779 0.328125 0.3152777777777779
0 0.28125 0.23888888888888896 0.24921875 0.23888888888888896 0.24921875 0.3069444444444445 0.28125 0.3069444444444445
0 0.20625 0.2819444444444445 0.17890625 0.28194444444444444 0.17890625000000002 0.3430555555555556 0.20625 0.3430555555555556
0 0.53828125 0.15972222222222235 0.509375 0.15972222222222235 0.509375 0.22916666666666674 0.53828125 0.22916666666666674
0 0.4859375 0.14861111111111122 0.45859375 0.14861111111111122 0.45859375 0.21250000000000008 0.4859375 0.21250000000000008
0 0.4390625 0.20555555555555563 0.409375 0.20555555555555563 0.409375 0.26388888888888895 0.4390625 0.26388888888888895
0 0.3203125 0.17916666666666675 0.29296875 0.17916666666666675 0.29296875 0.23333333333333342 0.3203125 0.23333333333333342
0 0.4171875 0.28333333333333344 0.384375 0.28333333333333344 0.384375 0.35416666666666674 0.4171875 0.35416666666666674
0 0.16171875000000002 0.28055555555555556 0.13515625 0.28055555555555556 0.13515625000000003 0.3458333333333333 0.16171875000000005 0.3458333333333333
0 0.2421875 0.23750000000000007 0.21484375 0.23750000000000007 0.21484375 0.2972222222222223 0.2421875 0.2972222222222223
0 0.24375 0.30555555555555564 0.2078125 0.30555555555555564 0.2078125 0.3736111111111111 0.24375 0.3736111111111111