0 0.23125 0.2847222222222223 0.19453125 0.2847222222222223 0.19453125000000002 0.3611111111111111 0.23125 0.3611111111111111
0 0.36484375 0.25000000000000006 0.328125 0.25000000000000006 0.328125 0.33194444444444454 0.36484375 0.33194444444444454
0 0.30625 0.251388888888889 0.2765625 0.251388888888889 0.2765625 0.32500000000000007 0.30625 0.32500000000000007
0 0.32734375 0.313888888888889 0.29140625 0.313888888888889 0.29140625 0.4 0.32734375 0.4
0 0.40625 0.3000000000000001 0.3671875 0.3000000000000001 0.3671875 0.38333333333333347 0.40625 0.38333333333333347
0 0.4859375 0.4305555555555557 0.42578125 0.4305555555555557 0.42578125 0.5541666666666668 0.4859375 0.5541666666666668
0 0.45625 0.13472222222222233 0.42890625 0.1347222222222223 0.42890625 0.18888888888888897 0.45625 0.18888888888888897
0 0.50078125 0.13055555555555567 0.47421875 0.13055555555555567 0.47421875 0.17916666666666675 0.50078125 0.17916666666666675
0 0.5359375 0.19583333333333341 0.503125 0.19583333333333341 0.503125 0.2666666666666667 0.5359375 0.2666666666666667
0 0.5859375 0.15416666666666679 0.559375 0.15416666666666679 0.559375 0.20416666666666683 0.5859375 0.20416666666666683
0 0.62109375 0.2347222222222224 0.59609375 0.2347222222222224 0.59609375 0.29166666666666685 0.62109375 0.29166666666666685
0 0.6484375 0.13888888888888903 0.62109375 0.138888888888889 0.62109375 0.19444444444444461 0.6484375 0.19444444444444461
0 0.6796875 0.1444444444444446 0.6546875 0.1444444444444446 0.6546875 0.19722222222222238 0.6796875 0.19722222222222238
0 0.66171875 0.2625000000000002 0.6296875 0.2625000000000002 0.6296875 0.32916666666666683 0.66171875 0.32916666666666683
0 0.68046875 0.19166666666666682 0.65625 0.19166666666666682 0.65625 0.24861111111111128 0.68046875 0.24861111111111128
0 0.7671875 0.18472222222222237 0.7390625 0.18472222222222237 0.7390625 0.2458333333333335 0.7671875 0.2458333333333335
0 0.7046875 0.2444444444444446 0.671875 0.2444444444444446 0.671875 0.31527777777777793 0.7046875 0.31527777777777793
0 0.7515625 0.23888888888888904 0.71953125 0.23888888888888904 0.71953125 0.3069444444444446 0.7515625 0.3069444444444446
0 0.821875 0.2819444444444446 0.79453125 0.2819444444444446 0.79453125 0.3430555555555557 0.821875 0.3430555555555557
0 0.49140625 0.15972222222222235 0.4625 0.15972222222222235 0.4625 0.22916666666666674 0.49140625 0.22916666666666674
0 0.5421875 0.14861111111111122 0.51484375 0.14861111111111122 0.51484375 0.21250000000000008 0.5421875 0.21250000000000008
0 0.590625 0.2055555555555557 0.5609375 0.2055555555555557 0.5609375 0.26388888888888906 0.590625 0.26388888888888906
0 0.7078125 0.17916666666666684 0.68046875 0.17916666666666684 0.68046875 0.2333333333333335 0.7078125 0.2333333333333335
0 0.615625 0.2833333333333335 0.5828125 0.2833333333333335 0.5828125 0.35416666666666685 0.615625 0.35416666666666685
0 0.865625 0.2805555555555557 0.8390625 0.2805555555555557 0.8390625 0.3458333333333335 0.865625 0.3458333333333335
0 0.7859375 0.23750000000000016 0.75859375 0.23750000000000016 0.75859375 0.2972222222222224 0.7859375 0.2972222222222224
0 0.79296875 0.3055555555555557 0.75703125 0.3055555555555557 0.75703125 0.3736111111111113 0.79296875 0.3736111111111113