0 0.79375 0.6972222222222224 0.75234375 0.6972222222222224 0.75234375 0.7805555555555559 0.79375 0.7805555555555559
0 0.65859375 0.6972222222222224 0.6171875 0.6972222222222224 0.6171875 0.7861111111111111 0.65859375 0.7861111111111111
0 0.71015625 0.7166666666666667 0.67578125 0.7166666666666667 0.67578125 0.7958333333333333 0.71015625 0.7958333333333333
0 0.70078125 0.6375000000000002 0.659375 0.6375000000000002 0.659375 0.7305555555555555 0.70078125 0.7305555555555555
0 0.62421875 0.6375000000000002 0.5796875 0.6375000000000002 0.5796875 0.7291666666666666 0.62421875 0.7291666666666666
0 0.57734375 0.4500000000000002 0.509375 0.4500000000000002 0.509375 0.5861111111111112 0.57734375 0.5861111111111112
0 0.55 0.8194444444444444 0.51875 0.8194444444444444 0.51875 0.8777777777777778 0.55 0.8777777777777778
0 0.50390625 0.8194444444444444 0.475 0.8194444444444444 0.475 0.8722222222222222 0.50390625 0.8722222222222222
0 0.48125 0.725 0.44375 0.725 0.44375 0.8013888888888889 0.48125 0.8013888888888889
0 0.42109375 0.7763888888888889 0.39140625000000007 0.7763888888888889 0.39140625000000007 0.8305555555555556 0.42109375 0.8305555555555556
0 0.3906250000000001 0.6819444444444446 0.3617187500000001 0.6819444444444445 0.3617187500000001 0.7430555555555556 0.3906250000000001 0.7430555555555556
0 0.3585937500000001 0.7722222222222223 0.3281250000000001 0.7722222222222223 0.3281250000000001 0.8319444444444445 0.3585937500000001 0.8319444444444445
0 0.3257812500000001 0.7625 0.29765625000000007 0.7625 0.29765625000000007 0.8208333333333333 0.3257812500000001 0.8208333333333333
0 0.36015625000000007 0.6361111111111111 0.32421875 0.6361111111111111 0.32421875000000006 0.7083333333333334 0.36015625000000007 0.7083333333333334
0 0.3281250000000001 0.7111111111111111 0.3000000000000001 0.7111111111111111 0.3000000000000001 0.7736111111111111 0.3281250000000001 0.7736111111111111
0 0.2453125000000001 0.6944444444444444 0.2132812500000001 0.6944444444444444 0.2132812500000001 0.7611111111111111 0.2453125000000001 0.7611111111111111
0 0.31640625000000006 0.6402777777777777 0.2796875 0.6402777777777777 0.27968750000000003 0.7166666666666667 0.3164062500000001 0.7166666666666667
0 0.26875000000000004 0.6388888888888888 0.2328125 0.6388888888888888 0.23281250000000003 0.7125 0.2687500000000001 0.7125
0 0.19765625000000003 0.5861111111111111 0.16640625000000003 0.5861111111111111 0.16640625000000003 0.6527777777777778 0.19765625000000003 0.6527777777777778
0 0.51953125 0.7722222222222223 0.4859375 0.7722222222222223 0.4859375 0.8458333333333333 0.51953125 0.8458333333333333
0 0.465625 0.7777777777777778 0.434375 0.7777777777777778 0.434375 0.8458333333333333 0.465625 0.8458333333333333
0 0.42265625 0.7166666666666667 0.3898437500000001 0.7166666666666667 0.3898437500000001 0.7805555555555556 0.42265625 0.7805555555555556
0 0.3031250000000001 0.7208333333333333 0.2718750000000001 0.7208333333333333 0.2718750000000001 0.7805555555555556 0.3031250000000001 0.7805555555555556
0 0.4078125 0.6208333333333335 0.3703125 0.6208333333333335 0.37031250000000004 0.6972222222222224 0.4078125 0.6972222222222224
0 0.15390625000000005 0.5736111111111111 0.12265625000000005 0.5736111111111111 0.12265625000000005 0.6444444444444445 0.15390625000000005 0.6444444444444445
0 0.23046875000000006 0.6388888888888888 0.19921875000000006 0.6388888888888888 0.19921875000000006 0.7041666666666667 0.23046875000000008 0.7041666666666667
0 0.23671875 0.5625 0.19687500000000005 0.5625 0.19687500000000005 0.6375 0.23671875 0.6375