0 0.82578125 0.5055555555555558 0.78125 0.5055555555555558 0.78125 0.5930555555555557 0.82578125 0.5930555555555557
0 0.7 0.5902777777777779 0.6546875 0.5902777777777779 0.6546875 0.6833333333333335 0.7 0.6833333333333335
0 0.75546875 0.5708333333333335 0.71796875 0.5708333333333335 0.71796875 0.6527777777777779 0.75546875 0.6527777777777779
0 0.72734375 0.5097222222222224 0.67421875 0.5097222222222224 0.67421875 0.6083333333333335 0.72734375 0.6083333333333335
0 0.659375 0.5611111111111112 0.6109375 0.5611111111111112 0.6109375 0.6569444444444446 0.659375 0.6569444444444446
0 0.58046875 0.41805555555555574 0.50703125 0.41805555555555574 0.50703125 0.5611111111111112 0.58046875 0.5611111111111112
0 0.61875 0.7722222222222223 0.5859375 0.7722222222222223 0.5859375 0.8347222222222223 0.61875 0.8347222222222223
0 0.575 0.8013888888888889 0.54375 0.8013888888888889 0.54375 0.8583333333333333 0.575 0.8583333333333333
0 0.53125 0.7305555555555555 0.49140625 0.7305555555555555 0.49140625 0.8111111111111111 0.53125 0.8111111111111111
0 0.48984375 0.8138888888888889 0.4578125 0.8138888888888889 0.4578125 0.8722222222222222 0.48984375 0.8722222222222222
0 0.44296875 0.7444444444444445 0.41171875 0.7444444444444445 0.41171875 0.8083333333333333 0.44296875 0.8083333333333333
0 0.43125 0.85 0.3984375000000001 0.85 0.3984375000000001 0.9138888888888889 0.43125 0.9138888888888889
0 0.3984375000000001 0.8625 0.36796875000000007 0.8625 0.36796875000000007 0.9236111111111112 0.3984375000000001 0.9236111111111112
0 0.3937500000000001 0.7305555555555555 0.3546875000000001 0.7305555555555555 0.3546875000000001 0.8069444444444445 0.3937500000000001 0.8069444444444445
0 0.3968750000000001 0.8097222222222222 0.3664062500000001 0.8097222222222222 0.3664062500000001 0.875 0.3968750000000001 0.875
0 0.3101562500000001 0.85 0.2757812500000001 0.85 0.2757812500000001 0.9194444444444444 0.3101562500000001 0.9194444444444444
0 0.36796875000000007 0.7555555555555555 0.3281250000000001 0.7555555555555555 0.3281250000000001 0.8361111111111111 0.36796875000000007 0.8361111111111111
0 0.3226562500000001 0.7833333333333333 0.2835937500000001 0.7833333333333333 0.2835937500000001 0.8611111111111112 0.3226562500000001 0.8611111111111112
0 0.24375000000000008 0.7805555555555556 0.2101562500000001 0.7805555555555556 0.2101562500000001 0.85 0.24375000000000008 0.85
0 0.5796875 0.7486111111111111 0.546875 0.7486111111111111 0.546875 0.8111111111111111 0.5796875 0.8111111111111111
0 0.5359375 0.7819444444444444 0.50234375 0.7819444444444444 0.50234375 0.8541666666666666 0.5359375 0.8541666666666666
0 0.48046875 0.7569444444444444 0.4453125 0.7569444444444444 0.4453125 0.825 0.48046875 0.825
0 0.3687500000000001 0.8375 0.3359375000000001 0.8375 0.3359375000000001 0.9 0.3687500000000001 0.9
0 0.44375 0.6680555555555557 0.40390625 0.6680555555555557 0.40390625 0.7486111111111111 0.44375 0.7486111111111111
0 0.2156250000000001 0.8138888888888889 0.18203125000000003 0.8138888888888889 0.18203125000000003 0.8875 0.2156250000000001 0.8875
0 0.2851562500000001 0.8083333333333333 0.2515625000000001 0.8083333333333333 0.2515625000000001 0.8777777777777778 0.2851562500000001 0.8777777777777778
0 0.2773437500000001 0.7347222222222223 0.23437500000000008 0.7347222222222223 0.23437500000000008 0.8138888888888889 0.2773437500000001 0.8138888888888889