0 0.26484375 0.1680555555555556 0.2203125 0.1680555555555556 0.2203125 0.25694444444444453 0.26484375 0.25694444444444453
0 0.39609375 0.18888888888888897 0.35234375 0.18888888888888897 0.35234375 0.29166666666666674 0.39609375 0.29166666666666674
0 0.33125 0.17083333333333342 0.29296875 0.17083333333333342 0.29296875 0.25416666666666676 0.33125 0.25416666666666676
0 0.36484375 0.25416666666666676 0.31171875 0.25416666666666676 0.31171875 0.35416666666666674 0.36484375 0.35416666666666674
0 0.4296875 0.2472222222222223 0.38515625 0.2472222222222223 0.38515625 0.33194444444444454 0.4296875 0.33194444444444454
0 0.4953125 0.40277777777777796 0.42109375 0.40277777777777796 0.42109375 0.5472222222222224 0.4953125 0.5472222222222224
0 0.50234375 0.12083333333333345 0.46875 0.12083333333333345 0.46875 0.1833333333333334 0.50234375 0.1833333333333334
0 0.54453125 0.12361111111111123 0.51328125 0.12361111111111123 0.51328125 0.18055555555555566 0.54453125 0.18055555555555572
0 0.56875 0.20000000000000012 0.528125 0.20000000000000007 0.528125 0.28055555555555567 0.56875 0.2805555555555557
0 0.62265625 0.18750000000000017 0.590625 0.18750000000000017 0.590625 0.2458333333333335 0.62265625 0.2458333333333335
0 0.6515625 0.2805555555555557 0.6203125 0.2805555555555557 0.6203125 0.3444444444444446 0.6515625 0.3444444444444446
0 0.68984375 0.19722222222222238 0.65703125 0.19722222222222238 0.65703125 0.2611111111111113 0.68984375 0.2611111111111113
0 0.7203125 0.21527777777777793 0.6890625 0.21527777777777793 0.6890625 0.2763888888888891 0.7203125 0.2763888888888891
0 0.69921875 0.32638888888888906 0.66015625 0.32638888888888906 0.66015625 0.40416666666666684 0.69921875 0.40416666666666684
0 0.70546875 0.2569444444444446 0.67421875 0.2569444444444446 0.67421875 0.32222222222222235 0.70546875 0.32222222222222235
0 0.80078125 0.28888888888888903 0.765625 0.28888888888888903 0.765625 0.3597222222222224 0.80078125 0.3597222222222224
0 0.73203125 0.3166666666666668 0.69140625 0.3166666666666668 0.69140625 0.39722222222222237 0.73203125 0.39722222222222237
0 0.77578125 0.32916666666666683 0.7359375 0.32916666666666683 0.7359375 0.4083333333333335 0.77578125 0.4083333333333335
0 0.846875 0.4069444444444446 0.8125 0.4069444444444446 0.8125 0.47638888888888903 0.846875 0.47638888888888903
0 0.5421875 0.17222222222222233 0.50859375 0.17222222222222233 0.50859375 0.2361111111111112 0.5421875 0.2361111111111112
0 0.5875 0.17361111111111122 0.55625 0.17361111111111122 0.55625 0.2305555555555557 0.5875 0.2305555555555557
0 0.62578125 0.23750000000000016 0.58984375 0.23750000000000016 0.58984375 0.3055555555555557 0.62578125 0.3055555555555557
0 0.74453125 0.2680555555555557 0.7109375 0.2680555555555557 0.7109375 0.3319444444444446 0.74453125 0.3319444444444446
0 0.65390625 0.31388888888888905 0.60703125 0.31388888888888905 0.60703125 0.39722222222222237 0.65390625 0.39722222222222237
0 0.88359375 0.41250000000000014 0.84921875 0.41250000000000014 0.84921875 0.48611111111111127 0.88359375 0.48611111111111127
0 0.81171875 0.3472222222222224 0.77734375 0.3472222222222224 0.77734375 0.41666666666666685 0.81171875 0.41666666666666685
0 0.809375 0.41388888888888903 0.76640625 0.41388888888888903 0.76640625 0.4944444444444446 0.809375 0.4944444444444446