0 0.79765625 0.23750000000000016 0.7578125 0.23750000000000016 0.7578125 0.3194444444444446 0.79765625 0.3194444444444446
0 0.66328125 0.22500000000000014 0.6265625 0.22500000000000014 0.6265625 0.32222222222222235 0.66328125 0.32222222222222235
0 0.72578125 0.22361111111111126 0.6921875 0.22361111111111126 0.6921875 0.30138888888888904 0.72578125 0.30138888888888904
0 0.7 0.30000000000000016 0.6515625 0.30000000000000016 0.6515625 0.39166666666666683 0.7 0.39166666666666683
0 0.62890625 0.27500000000000013 0.5890625 0.27500000000000013 0.5890625 0.3527777777777779 0.62890625 0.3527777777777779
0 0.5765625 0.4194444444444446 0.51015625 0.4194444444444446 0.51015625 0.551388888888889 0.5765625 0.551388888888889
0 0.55703125 0.13055555555555567 0.52734375 0.13055555555555567 0.52734375 0.1875000000000001 0.55703125 0.18750000000000017
0 0.5125 0.12361111111111123 0.484375 0.12361111111111123 0.484375 0.17500000000000013 0.5125 0.17500000000000013
0 0.490625 0.19305555555555565 0.4546875 0.19305555555555565 0.4546875 0.26805555555555566 0.490625 0.26805555555555566
0 0.43125 0.16666666666666674 0.40234375 0.16666666666666674 0.40234375 0.21944444444444453 0.43125 0.21944444444444453
0 0.39453125 0.251388888888889 0.3671875 0.251388888888889 0.3671875 0.31111111111111117 0.39453125 0.31111111111111117
0 0.3640625 0.1597222222222223 0.334375 0.1597222222222223 0.334375 0.21805555555555564 0.3640625 0.21805555555555564
0 0.33125 0.16944444444444454 0.30390625 0.16944444444444454 0.30390625 0.22638888888888897 0.33125 0.22638888888888897
0 0.35078125 0.2875000000000001 0.315625 0.2875000000000001 0.315625 0.35833333333333334 0.35078125 0.35833333333333334
0 0.34296875 0.21388888888888896 0.315625 0.21388888888888896 0.315625 0.2750000000000001 0.34296875 0.2750000000000001
0 0.25 0.22361111111111118 0.21875 0.22361111111111118 0.21875 0.288888888888889 0.25 0.288888888888889
0 0.31953125 0.26805555555555566 0.28359375 0.26805555555555566 0.28359375 0.3430555555555556 0.31953125 0.3430555555555556
0 0.275 0.2708333333333334 0.23984375 0.2708333333333334 0.23984375 0.3430555555555556 0.275 0.3430555555555556
0 0.19375000000000003 0.32777777777777783 0.16328125000000004 0.3277777777777778 0.16328125000000004 0.39305555555555555 0.19375000000000003 0.39305555555555555
0 0.51328125 0.17222222222222233 0.48359375 0.17222222222222233 0.48359375 0.23055555555555562 0.51328125 0.23055555555555562
0 0.46640625 0.1611111111111112 0.43828125 0.16111111111111118 0.43828125 0.21388888888888896 0.46640625 0.21388888888888896
0 0.42734375 0.21527777777777785 0.3953125 0.21527777777777785 0.3953125 0.27777777777777785 0.42734375 0.27777777777777785
0 0.3046875 0.21666666666666676 0.275 0.21666666666666676 0.275 0.2750000000000001 0.3046875 0.2750000000000001
0 0.403125 0.2875000000000001 0.3609375 0.2875000000000001 0.3609375 0.3625000000000001 0.403125 0.36250000000000016
0 0.15625000000000006 0.325 0.12656250000000005 0.325 0.12656250000000005 0.39444444444444443 0.15625000000000006 0.39444444444444443
0 0.23359375 0.27916666666666673 0.203125 0.27916666666666673 0.203125 0.3430555555555556 0.23359375 0.3430555555555556
0 0.23828125 0.34583333333333344 0.19921875000000006 0.34583333333333344 0.19921875000000006 0.41944444444444445 0.23828125 0.41944444444444445