0 0.7796875 0.1680555555555557 0.73515625 0.1680555555555557 0.73515625 0.2569444444444446 0.7796875 0.2569444444444446
0 0.64765625 0.18888888888888905 0.60390625 0.18888888888888905 0.60390625 0.29166666666666685 0.64765625 0.29166666666666685
0 0.7078125 0.1708333333333335 0.66953125 0.1708333333333335 0.66953125 0.2541666666666668 0.7078125 0.2541666666666668
0 0.6890625 0.2541666666666668 0.6359375 0.2541666666666668 0.6359375 0.35416666666666685 0.6890625 0.35416666666666685
0 0.615625 0.24722222222222237 0.57109375 0.24722222222222237 0.57109375 0.3319444444444446 0.615625 0.3319444444444446
0 0.57890625 0.40277777777777796 0.5046875 0.40277777777777796 0.5046875 0.5472222222222224 0.57890625 0.5472222222222224
0 0.53125 0.12083333333333345 0.49765625 0.12083333333333345 0.49765625 0.1833333333333334 0.53125 0.1833333333333334
0 0.48671875 0.12361111111111123 0.45546875 0.12361111111111123 0.45546875 0.18055555555555564 0.48671875 0.18055555555555564
0 0.471875 0.20000000000000007 0.43125 0.20000000000000007 0.43125 0.2805555555555556 0.471875 0.2805555555555556
0 0.409375 0.18750000000000008 0.37734375 0.18750000000000008 0.37734375 0.2458333333333334 0.409375 0.2458333333333334
0 0.38046875 0.2805555555555556 0.34921875 0.2805555555555556 0.34921875 0.3444444444444445 0.38046875 0.3444444444444445
0 0.34296875 0.1972222222222223 0.31015625 0.1972222222222223 0.31015625 0.2611111111111112 0.34296875 0.2611111111111112
0 0.3109375 0.21527777777777785 0.2796875 0.21527777777777785 0.2796875 0.27638888888888896 0.3109375 0.27638888888888896
0 0.340625 0.32638888888888895 0.3015625 0.32638888888888895 0.3015625 0.4041666666666667 0.340625 0.4041666666666667
0 0.3265625 0.25694444444444453 0.2953125 0.25694444444444453 0.2953125 0.3222222222222223 0.3265625 0.3222222222222223
0 0.23515625 0.288888888888889 0.2 0.288888888888889 0.2 0.3597222222222222 0.23515625 0.3597222222222222
0 0.30859375 0.31666666666666676 0.26796875 0.31666666666666676 0.26796875 0.3972222222222222 0.30859375 0.3972222222222222
0 0.26484375 0.3291666666666667 0.225 0.3291666666666667 0.225 0.4083333333333333 0.26484375 0.4083333333333333
0 0.18750000000000006 0.40694444444444444 0.15312500000000004 0.40694444444444444 0.15312500000000004 0.47638888888888886 0.18750000000000006 0.47638888888888886
0 0.49140625 0.17222222222222233 0.4578125 0.17222222222222233 0.4578125 0.2361111111111112 0.49140625 0.2361111111111112
0 0.44375 0.1736111111111112 0.4125 0.1736111111111112 0.4125 0.23055555555555562 0.44375 0.23055555555555562
0 0.4109375 0.23750000000000007 0.375 0.23750000000000007 0.375 0.30555555555555564 0.4109375 0.30555555555555564
0 0.2890625 0.26805555555555566 0.25546875 0.26805555555555566 0.25546875 0.33194444444444454 0.2890625 0.33194444444444454
0 0.39296875 0.313888888888889 0.34609375 0.313888888888889 0.34609375 0.3972222222222223 0.39296875 0.39722222222222237
0 0.15078125000000003 0.4125 0.11640625000000004 0.4125 0.11640625000000004 0.4861111111111111 0.15078125000000003 0.4861111111111111
0 0.2234375 0.3472222222222223 0.18906250000000005 0.3472222222222223 0.18906250000000005 0.4166666666666667 0.2234375 0.4166666666666667
0 0.23359375 0.41388888888888886 0.19062500000000004 0.41388888888888886 0.19062500000000004 0.49444444444444446 0.23359375 0.49444444444444446