0 0.23671875 0.3000000000000001 0.19453125 0.3000000000000001 0.19453125000000002 0.37083333333333335 0.23671875 0.37083333333333335
0 0.3 0.251388888888889 0.2625 0.251388888888889 0.2625 0.3208333333333334 0.3 0.3208333333333334
0 0.36328125 0.2472222222222223 0.3359375 0.2472222222222223 0.3359375 0.31250000000000006 0.36328125 0.31250000000000006
0 0.33125 0.3333333333333334 0.2890625 0.3333333333333334 0.2890625 0.41388888888888886 0.33125 0.41388888888888886
0 0.396875 0.3208333333333334 0.3609375 0.3208333333333334 0.3609375 0.39305555555555566 0.396875 0.3930555555555557
0 0.484375 0.4152777777777779 0.4390625 0.4152777777777779 0.4390625 0.5222222222222224 0.484375 0.5222222222222224
0 0.446875 0.12916666666666674 0.41953125 0.12916666666666674 0.41953125 0.1847222222222223 0.446875 0.1847222222222223
0 0.48828125 0.13055555555555567 0.4703125 0.13055555555555567 0.4703125 0.176388888888889 0.48828125 0.176388888888889
0 0.5265625 0.18750000000000008 0.5 0.18750000000000008 0.5 0.25416666666666676 0.5265625 0.25416666666666676
0 0.5484375 0.1250000000000001 0.52265625 0.1250000000000001 0.52265625 0.1916666666666668 0.5484375 0.19166666666666682
0 0.58671875 0.15555555555555567 0.565625 0.15555555555555567 0.565625 0.19722222222222238 0.58671875 0.19722222222222238
0 0.6234375 0.2069444444444446 0.5984375 0.2069444444444446 0.5984375 0.2625000000000002 0.6234375 0.2625000000000002
0 0.64765625 0.15138888888888902 0.62578125 0.15138888888888902 0.62578125 0.19722222222222238 0.64765625 0.19722222222222238
0 0.678125 0.1430555555555557 0.66015625 0.1430555555555557 0.66015625 0.17777777777777792 0.678125 0.17777777777777792
0 0.66640625 0.2555555555555557 0.640625 0.2555555555555557 0.640625 0.3097222222222224 0.66640625 0.3097222222222224
0 0.6796875 0.19166666666666682 0.65703125 0.19166666666666682 0.65703125 0.24027777777777792 0.6796875 0.24027777777777792
0 0.759375 0.1680555555555557 0.73203125 0.1680555555555557 0.73203125 0.22777777777777794 0.759375 0.22777777777777794
0 0.70234375 0.23611111111111127 0.6765625 0.23611111111111127 0.6765625 0.30138888888888904 0.70234375 0.30138888888888904
0 0.76875 0.24861111111111128 0.74140625 0.24861111111111128 0.74140625 0.3055555555555557 0.76875 0.3055555555555557
0 0.8171875 0.24305555555555572 0.7953125 0.24305555555555572 0.7953125 0.30138888888888904 0.8171875 0.30138888888888904
0 0.4796875 0.15833333333333346 0.45703125 0.15833333333333346 0.45703125 0.21250000000000008 0.4796875 0.21250000000000008
0 0.53515625 0.14861111111111122 0.509375 0.14861111111111122 0.509375 0.20000000000000007 0.53515625 0.20000000000000007
0 0.5859375 0.18888888888888905 0.55703125 0.18888888888888905 0.55703125 0.24722222222222237 0.5859375 0.24722222222222237
0 0.7140625 0.19027777777777793 0.6890625 0.19027777777777793 0.6890625 0.24305555555555572 0.7140625 0.24305555555555572
0 0.7796875 0.3027777777777779 0.7546875 0.3027777777777779 0.7546875 0.36388888888888904 0.7796875 0.36388888888888904
0 0.84375 0.26666666666666683 0.8171875 0.26666666666666683 0.8171875 0.32083333333333347 0.84375 0.32083333333333347
0 0.80234375 0.2625000000000002 0.775 0.2625000000000002 0.775 0.32222222222222235 0.80234375 0.32222222222222235
