0 0.8109375 0.6000000000000002 0.76640625 0.6000000000000002 0.76640625 0.6750000000000002 0.8109375 0.6750000000000002
0 0.7453125 0.6569444444444446 0.70546875 0.6569444444444446 0.70546875 0.7291666666666669 0.7453125 0.729166666666667
0 0.67109375 0.6722222222222224 0.64140625 0.6722222222222224 0.64140625 0.7402777777777778 0.67109375 0.7402777777777778
0 0.715625 0.5666666666666669 0.671875 0.5666666666666669 0.671875 0.651388888888889 0.715625 0.651388888888889
0 0.64453125 0.5944444444444446 0.60625 0.5944444444444446 0.60625 0.6694444444444446 0.64453125 0.6694444444444446
0 0.5640625 0.4722222222222224 0.51484375 0.4722222222222224 0.51484375 0.5833333333333335 0.5640625 0.5833333333333335
0 0.59140625 0.8083333333333333 0.5625 0.8083333333333333 0.5625 0.8666666666666667 0.59140625 0.8666666666666667
0 0.540625 0.8208333333333333 0.52109375 0.8208333333333333 0.52109375 0.8680555555555556 0.540625 0.8680555555555556
0 0.509375 0.7458333333333333 0.48046875 0.7458333333333333 0.48046875 0.8152777777777778 0.509375 0.8152777777777778
0 0.48828125 0.8097222222222222 0.4609375 0.8097222222222222 0.4609375 0.8791666666666667 0.48828125 0.8791666666666667
0 0.4453125 0.8083333333333333 0.42265625 0.8083333333333333 0.42265625 0.8513888888888889 0.4453125 0.8513888888888889
0 0.41015625 0.7458333333333333 0.3843750000000001 0.7458333333333333 0.3843750000000001 0.8041666666666667 0.41015625 0.8041666666666667
0 0.3851562500000001 0.8138888888888889 0.3617187500000001 0.8138888888888889 0.3617187500000001 0.8611111111111112 0.3851562500000001 0.8611111111111112
0 0.3507812500000001 0.8375 0.3320312500000001 0.8375 0.3320312500000001 0.8736111111111111 0.3507812500000001 0.8736111111111111
0 0.3664062500000001 0.7027777777777778 0.3398437500000001 0.7027777777777777 0.3398437500000001 0.7597222222222222 0.3664062500000001 0.7597222222222222
0 0.35234375000000007 0.7736111111111111 0.3281250000000001 0.7736111111111111 0.3281250000000001 0.825 0.35234375000000007 0.825
0 0.27812500000000007 0.7944444444444444 0.2492187500000001 0.7944444444444444 0.2492187500000001 0.8569444444444444 0.27812500000000007 0.8569444444444444
0 0.3320312500000001 0.7152777777777778 0.3039062500000001 0.7152777777777778 0.3039062500000001 0.7833333333333333 0.3320312500000001 0.7833333333333333
0 0.26640625000000007 0.7180555555555556 0.2375000000000001 0.7180555555555556 0.2375000000000001 0.7763888888888889 0.26640625000000007 0.7763888888888889
0 0.2132812500000001 0.725 0.18984375000000003 0.725 0.18984375000000003 0.7861111111111111 0.2132812500000001 0.7861111111111111
0 0.553125 0.7833333333333333 0.52890625 0.7833333333333333 0.52890625 0.8402777777777778 0.553125 0.8402777777777778
0 0.50078125 0.8013888888888889 0.47421875 0.8013888888888889 0.47421875 0.8541666666666666 0.50078125 0.8541666666666666
0 0.45234375 0.7583333333333333 0.421875 0.7583333333333333 0.421875 0.8194444444444444 0.45234375 0.8194444444444444
0 0.3203125000000001 0.7736111111111111 0.29375000000000007 0.7736111111111111 0.29375000000000007 0.8291666666666667 0.3203125000000001 0.8291666666666667
0 0.2515625000000001 0.6597222222222222 0.2250000000000001 0.6597222222222222 0.2250000000000001 0.7236111111111111 0.2515625000000001 0.7236111111111111
0 0.19062500000000004 0.7097222222222223 0.16250000000000003 0.7097222222222223 0.16250000000000003 0.7666666666666667 0.19062500000000004 0.7666666666666667
0 0.23203125000000008 0.7027777777777777 0.20312500000000008 0.7027777777777777 0.20312500000000008 0.7652777777777777 0.23203125000000008 0.7652777777777777
