0 0.2671875 0.20277777777777786 0.21796875 0.20277777777777786 0.21796875 0.2875000000000001 0.2671875 0.2875000000000001
0 0.33046875 0.17638888888888896 0.2859375 0.17638888888888896 0.2859375 0.25694444444444453 0.33046875 0.25694444444444453
0 0.39375 0.19583333333333341 0.359375 0.19583333333333341 0.359375 0.26944444444444454 0.39375 0.26944444444444454
0 0.35546875 0.27916666666666673 0.30625 0.27916666666666673 0.30625 0.37222222222222223 0.35546875 0.37222222222222223
0 0.41875 0.27638888888888896 0.375 0.27638888888888896 0.375 0.3597222222222224 0.41875 0.3597222222222224
0 0.49453125 0.38333333333333347 0.43203125 0.38333333333333347 0.43203125 0.5236111111111112 0.49453125 0.5236111111111112
0 0.48828125 0.10833333333333345 0.45546875 0.10833333333333345 0.45546875 0.17222222222222233 0.48828125 0.17222222222222233
0 0.52890625 0.126388888888889 0.50078125 0.126388888888889 0.50078125 0.17916666666666675 0.52890625 0.17916666666666675
0 0.56015625 0.19444444444444456 0.5265625 0.19444444444444453 0.5265625 0.26805555555555566 0.56015625 0.2680555555555557
0 0.57890625 0.14861111111111122 0.55546875 0.14861111111111122 0.55546875 0.1930555555555557 0.57890625 0.1930555555555557
0 0.62265625 0.18472222222222237 0.596875 0.18472222222222237 0.596875 0.2319444444444446 0.62265625 0.2319444444444446
0 0.65234375 0.24722222222222237 0.62265625 0.24722222222222237 0.62265625 0.3097222222222224 0.65234375 0.3097222222222224
0 0.6828125 0.20138888888888903 0.65625 0.20138888888888903 0.65625 0.2541666666666668 0.6828125 0.2541666666666668
0 0.715625 0.19027777777777793 0.69140625 0.19027777777777793 0.69140625 0.2458333333333335 0.715625 0.2458333333333335
0 0.6703125 0.3055555555555557 0.6296875 0.3055555555555557 0.6296875 0.38333333333333347 0.6703125 0.38333333333333347
0 0.71015625 0.25000000000000017 0.6828125 0.25000000000000017 0.6828125 0.3055555555555557 0.71015625 0.3055555555555557
0 0.790625 0.25277777777777793 0.75703125 0.25277777777777793 0.75703125 0.32083333333333347 0.790625 0.32083333333333347
0 0.72734375 0.30138888888888904 0.69453125 0.30138888888888904 0.69453125 0.37500000000000017 0.72734375 0.37500000000000017
0 0.7796875 0.32222222222222235 0.746875 0.32222222222222235 0.746875 0.3861111111111113 0.7796875 0.3861111111111113
0 0.83828125 0.3527777777777779 0.81328125 0.3527777777777779 0.81328125 0.4013888888888891 0.83828125 0.4013888888888891
0 0.5328125 0.18055555555555564 0.5046875 0.18055555555555564 0.5046875 0.24166666666666675 0.5328125 0.24166666666666675
0 0.56875 0.16805555555555568 0.54140625 0.16805555555555568 0.54140625 0.21944444444444455 0.56875 0.2194444444444446
0 0.61640625 0.2097222222222224 0.58203125 0.2097222222222224 0.58203125 0.2763888888888891 0.61640625 0.2763888888888891
0 0.740625 0.2444444444444446 0.71015625 0.2444444444444446 0.71015625 0.3041666666666668 0.740625 0.3041666666666668
0 0.8 0.3930555555555557 0.76484375 0.3930555555555557 0.76484375 0.4638888888888891 0.8 0.4638888888888891
0 0.8625 0.37777777777777793 0.83125 0.37777777777777793 0.83125 0.44027777777777793 0.8625 0.44027777777777793
0 0.83515625 0.3861111111111113 0.80234375 0.3861111111111113 0.80234375 0.45416666666666683 0.83515625 0.45416666666666683
