0 0.8203125 0.4847222222222224 0.76875 0.4847222222222224 0.76875 0.5722222222222224 0.8203125 0.5722222222222224
0 0.76640625 0.563888888888889 0.71953125 0.563888888888889 0.71953125 0.6486111111111112 0.76640625 0.6486111111111112
0 0.6953125 0.6055555555555557 0.659375 0.6055555555555557 0.659375 0.6819444444444446 0.6953125 0.6819444444444446
0 0.721875 0.47638888888888903 0.66953125 0.47638888888888903 0.66953125 0.5736111111111113 0.721875 0.5736111111111113
0 0.6609375 0.540277777777778 0.615625 0.540277777777778 0.615625 0.626388888888889 0.6609375 0.626388888888889
0 0.578125 0.4416666666666668 0.51171875 0.4416666666666668 0.51171875 0.5861111111111112 0.578125 0.5861111111111112
0 0.63203125 0.7680555555555556 0.59765625 0.7680555555555556 0.59765625 0.8347222222222223 0.63203125 0.8347222222222223
0 0.58828125 0.7958333333333333 0.55859375 0.7958333333333333 0.55859375 0.8513888888888889 0.58828125 0.8513888888888889
0 0.5453125 0.7375 0.51015625 0.7375 0.51015625 0.8138888888888889 0.5453125 0.8138888888888889
0 0.5328125 0.8263888888888888 0.50859375 0.8263888888888888 0.50859375 0.8722222222222222 0.5328125 0.8722222222222222
0 0.48671875 0.8222222222222222 0.46015625 0.8222222222222222 0.46015625 0.8722222222222222 0.48671875 0.8722222222222222
0 0.44765625 0.775 0.415625 0.775 0.415625 0.8402777777777778 0.44765625 0.8402777777777778
0 0.4296875 0.85 0.4015625 0.85 0.4015625 0.9041666666666667 0.4296875 0.9041666666666667
0 0.4 0.8847222222222222 0.3742187500000001 0.8847222222222222 0.3742187500000001 0.9416666666666667 0.4 0.9416666666666667
0 0.425 0.7166666666666667 0.3820312500000001 0.7166666666666667 0.3820312500000001 0.7986111111111112 0.425 0.7986111111111112
0 0.3929687500000001 0.8236111111111111 0.36406250000000007 0.8236111111111111 0.36406250000000007 0.8819444444444444 0.3929687500000001 0.8819444444444444
0 0.3242187500000001 0.8694444444444445 0.2890625000000001 0.8694444444444445 0.2890625000000001 0.9402777777777778 0.3242187500000001 0.9402777777777778
0 0.36796875000000007 0.7722222222222223 0.33281250000000007 0.7722222222222223 0.33281250000000007 0.8486111111111111 0.36796875000000007 0.8486111111111111
0 0.3164062500000001 0.8041666666666667 0.28203125000000007 0.8041666666666667 0.28203125000000007 0.8708333333333333 0.3164062500000001 0.8708333333333333
0 0.25078125000000007 0.8388888888888889 0.2250000000000001 0.8388888888888889 0.2250000000000001 0.8902777777777777 0.25078125000000007 0.8902777777777777
0 0.56953125 0.7430555555555556 0.53984375 0.7430555555555556 0.53984375 0.8069444444444445 0.56953125 0.8069444444444445
0 0.540625 0.7916666666666666 0.51171875 0.7916666666666666 0.51171875 0.8458333333333333 0.540625 0.8458333333333333
0 0.4921875 0.775 0.45625 0.775 0.45625 0.8444444444444444 0.4921875 0.8444444444444444
0 0.3695312500000001 0.8472222222222222 0.3375000000000001 0.8472222222222222 0.3375000000000001 0.9097222222222222 0.3695312500000001 0.9097222222222222
0 0.2828125000000001 0.7486111111111111 0.24609375000000008 0.7486111111111111 0.24609375000000008 0.8222222222222222 0.2828125000000001 0.8222222222222222
0 0.2273437500000001 0.8208333333333333 0.19453125000000004 0.8208333333333333 0.19453125000000004 0.8847222222222222 0.2273437500000001 0.8847222222222222
0 0.2515625000000001 0.7861111111111111 0.21640625000000008 0.7861111111111111 0.21640625000000008 0.8555555555555555 0.2515625000000001 0.8555555555555555
