0 0.24140625 0.301388888888889 0.1984375 0.301388888888889 0.19843750000000002 0.37222222222222223 0.24140625 0.37222222222222223
0 0.3 0.251388888888889 0.2625 0.251388888888889 0.2625 0.3208333333333334 0.3 0.3208333333333334
0 0.36328125 0.2472222222222223 0.3359375 0.2472222222222223 0.3359375 0.31250000000000006 0.36328125 0.31250000000000006
0 0.3359375 0.34583333333333344 0.29375 0.34583333333333344 0.29375 0.4263888888888889 0.3359375 0.4263888888888889
0 0.396875 0.3208333333333334 0.3609375 0.3208333333333334 0.3609375 0.39305555555555566 0.396875 0.3930555555555557
0 0.48359375 0.40416666666666684 0.43359375 0.40416666666666684 0.43359375 0.5291666666666668 0.48359375 0.5291666666666668
0 0.446875 0.12916666666666674 0.41953125 0.12916666666666674 0.41953125 0.1847222222222223 0.446875 0.1847222222222223
0 0.48828125 0.13055555555555567 0.46484375 0.13055555555555567 0.46484375 0.176388888888889 0.48828125 0.176388888888889
0 0.5265625 0.18750000000000008 0.5 0.18750000000000008 0.5 0.25416666666666676 0.5265625 0.25416666666666676
0 0.540625 0.13472222222222235 0.52109375 0.13472222222222235 0.52109375 0.17222222222222233 0.540625 0.17222222222222233
0 0.58671875 0.15555555555555567 0.565625 0.15555555555555567 0.565625 0.19722222222222238 0.58671875 0.19722222222222238
0 0.6234375 0.2069444444444446 0.5984375 0.2069444444444446 0.5984375 0.2625000000000002 0.6234375 0.2625000000000002
0 0.64765625 0.15138888888888902 0.62578125 0.15138888888888902 0.62578125 0.19722222222222238 0.64765625 0.19722222222222238
0 0.67890625 0.12916666666666682 0.659375 0.12916666666666682 0.659375 0.17777777777777792 0.67890625 0.17777777777777792
0 0.64765625 0.2625000000000002 0.61328125 0.2625000000000002 0.61328125 0.3305555555555557 0.64765625 0.3305555555555557
0 0.6796875 0.19166666666666682 0.65703125 0.19166666666666682 0.65703125 0.24027777777777792 0.6796875 0.24027777777777792
0 0.759375 0.1680555555555557 0.73203125 0.1680555555555557 0.73203125 0.22777777777777794 0.759375 0.22777777777777794
0 0.70234375 0.23611111111111127 0.6765625 0.23611111111111127 0.6765625 0.30138888888888904 0.70234375 0.30138888888888904
0 0.75625 0.23888888888888904 0.7296875 0.23888888888888904 0.7296875 0.2944444444444446 0.75625 0.2944444444444446
0 0.8171875 0.24722222222222237 0.79609375 0.24722222222222237 0.79609375 0.2902777777777779 0.8171875 0.2902777777777779
0 0.4984375 0.18194444444444452 0.47578125 0.18194444444444452 0.47578125 0.23750000000000007 0.4984375 0.23750000000000007
0 0.5328125 0.15833333333333346 0.509375 0.15833333333333346 0.509375 0.20277777777777786 0.5328125 0.20277777777777786
0 0.584375 0.18472222222222237 0.55546875 0.18472222222222237 0.55546875 0.24166666666666684 0.584375 0.24166666666666684
0 0.709375 0.17638888888888904 0.684375 0.17638888888888904 0.684375 0.22916666666666682 0.709375 0.22916666666666682
0 0.78359375 0.3027777777777779 0.7546875 0.3027777777777779 0.7546875 0.3652777777777779 0.78359375 0.3652777777777779
0 0.84375 0.26666666666666683 0.8171875 0.26666666666666683 0.8171875 0.32083333333333347 0.84375 0.32083333333333347
0 0.81796875 0.2833333333333335 0.790625 0.2833333333333335 0.790625 0.34166666666666684 0.81796875 0.34166666666666684
