0 0.8140625 0.5972222222222224 0.76875 0.5972222222222224 0.76875 0.6736111111111113 0.8140625 0.6736111111111113
0 0.75078125 0.6305555555555558 0.71015625 0.6305555555555558 0.71015625 0.7041666666666668 0.75078125 0.7041666666666668
0 0.678125 0.6208333333333335 0.6421875 0.6208333333333335 0.6421875 0.7208333333333333 0.678125 0.7208333333333333
0 0.7125 0.5569444444444446 0.66796875 0.5569444444444446 0.66796875 0.6430555555555557 0.7125 0.6430555555555557
0 0.6453125 0.6041666666666669 0.60625 0.6041666666666669 0.60625 0.6805555555555557 0.6453125 0.6805555555555557
0 0.58125 0.42361111111111127 0.5171875 0.42361111111111127 0.5171875 0.5666666666666669 0.58125 0.5666666666666669
0 0.59453125 0.7805555555555556 0.56328125 0.7805555555555556 0.56328125 0.8513888888888889 0.59453125 0.8513888888888889
0 0.54921875 0.8180555555555555 0.52421875 0.8180555555555555 0.52421875 0.8666666666666667 0.54921875 0.8666666666666667
0 0.5109375 0.7430555555555556 0.48203125 0.7430555555555556 0.48203125 0.8125 0.5109375 0.8125
0 0.45390625 0.8083333333333333 0.43125 0.8083333333333333 0.43125 0.8527777777777777 0.45390625 0.8527777777777777
0 0.41640625 0.7416666666666667 0.3898437500000001 0.7416666666666667 0.3898437500000001 0.8 0.41640625 0.8
0 0.3929687500000001 0.825 0.3695312500000001 0.825 0.3695312500000001 0.8736111111111111 0.3929687500000001 0.8736111111111111
0 0.36015625000000007 0.8263888888888888 0.3390625000000001 0.8263888888888888 0.3390625000000001 0.8777777777777778 0.36015625000000007 0.8777777777777778
0 0.4125 0.6708333333333335 0.37578125000000007 0.6708333333333335 0.37578125000000007 0.7430555555555556 0.4125 0.7430555555555556
0 0.3664062500000001 0.7819444444444444 0.3414062500000001 0.7819444444444444 0.3414062500000001 0.8333333333333334 0.3664062500000001 0.8333333333333334
0 0.2804687500000001 0.7944444444444444 0.25078125000000007 0.7944444444444444 0.25078125000000007 0.8583333333333333 0.2804687500000001 0.8583333333333333
0 0.3343750000000001 0.7194444444444444 0.30546875000000007 0.7194444444444444 0.30546875000000007 0.7888888888888889 0.3343750000000001 0.7888888888888889
0 0.28984375000000007 0.7388888888888889 0.2609375000000001 0.7388888888888889 0.2609375000000001 0.7972222222222223 0.28984375000000007 0.7972222222222223
0 0.36796875000000007 0.6930555555555556 0.3351562500000001 0.6930555555555555 0.3351562500000001 0.7666666666666667 0.36796875000000007 0.7666666666666667
0 0.53671875 0.7597222222222222 0.51171875 0.7597222222222222 0.51171875 0.8166666666666667 0.53671875 0.8166666666666667
0 0.50234375 0.7986111111111112 0.47734375 0.7986111111111112 0.47734375 0.8458333333333333 0.50234375 0.8458333333333333
0 0.4546875 0.7527777777777778 0.4234375 0.7527777777777778 0.4234375 0.8138888888888889 0.4546875 0.8138888888888889
0 0.3320312500000001 0.7930555555555555 0.3046875000000001 0.7930555555555555 0.3046875000000001 0.8486111111111111 0.3320312500000001 0.8486111111111111
0 0.23828125000000008 0.6458333333333334 0.20703125000000008 0.6458333333333334 0.20703125000000008 0.7125 0.23828125000000008 0.7125
0 0.17656250000000004 0.7208333333333333 0.14843750000000006 0.7208333333333333 0.14843750000000006 0.7777777777777778 0.17656250000000004 0.7777777777777778
0 0.20703125000000008 0.7027777777777777 0.17734375000000005 0.7027777777777777 0.17734375000000005 0.7652777777777777 0.20703125000000008 0.7652777777777777
0 0.2539062500000001 0.7388888888888889 0.2250000000000001 0.7388888888888889 0.2250000000000001 0.8027777777777778 0.2539062500000001 0.8027777777777778