0 0.23359375 0.2958333333333334 0.19140625 0.2958333333333334 0.19140625000000003 0.36666666666666664 0.23359375 0.36666666666666664
0 0.29609375 0.26944444444444454 0.2578125 0.26944444444444454 0.2578125 0.33888888888888896 0.29609375 0.33888888888888896
0 0.346875 0.25000000000000006 0.3078125 0.25000000000000006 0.3078125 0.3375000000000001 0.346875 0.3375000000000001
0 0.35 0.3638888888888889 0.30859375 0.3638888888888889 0.30859375 0.44583333333333336 0.35 0.44583333333333336
0 0.396875 0.3000000000000001 0.36015625 0.3000000000000001 0.36015625 0.3708333333333334 0.396875 0.3708333333333335
0 0.5046875 0.40000000000000013 0.4453125 0.40000000000000013 0.4453125 0.5347222222222224 0.5046875 0.5347222222222224
0 0.4484375 0.14166666666666675 0.41953125 0.14166666666666675 0.41953125 0.20833333333333343 0.4484375 0.20833333333333343
0 0.534375 0.19027777777777785 0.5078125 0.19027777777777785 0.5078125 0.25555555555555565 0.534375 0.25555555555555565
0 0.58046875 0.15694444444444455 0.559375 0.15694444444444455 0.559375 0.19861111111111127 0.58046875 0.19861111111111127
0 0.62421875 0.22500000000000014 0.5921875 0.22500000000000014 0.5921875 0.28611111111111126 0.62421875 0.28611111111111126
0 0.64375 0.14444444444444457 0.621875 0.14444444444444457 0.621875 0.19027777777777793 0.64375 0.19027777777777793
0 0.67421875 0.1430555555555557 0.6546875 0.1430555555555557 0.6546875 0.1930555555555557 0.67421875 0.1930555555555557
0 0.62578125 0.3111111111111113 0.59140625 0.3111111111111113 0.59140625 0.3791666666666668 0.62578125 0.3791666666666668
0 0.6671875 0.18750000000000017 0.64453125 0.18750000000000017 0.64453125 0.23611111111111127 0.6671875 0.23611111111111127
0 0.76328125 0.18055555555555572 0.7359375 0.18055555555555572 0.7359375 0.24027777777777792 0.76328125 0.24027777777777792
0 0.6953125 0.23611111111111127 0.66953125 0.23611111111111127 0.66953125 0.30138888888888904 0.6953125 0.30138888888888904
0 0.73671875 0.22638888888888906 0.709375 0.22638888888888906 0.709375 0.2819444444444446 0.73671875 0.2819444444444446
0 0.6671875 0.24722222222222237 0.63671875 0.24722222222222237 0.63671875 0.3166666666666668 0.6671875 0.3166666666666668
0 0.490625 0.15972222222222235 0.46640625 0.15972222222222235 0.46640625 0.20833333333333343 0.490625 0.20833333333333343
0 0.54296875 0.15833333333333346 0.51953125 0.15833333333333346 0.51953125 0.20277777777777786 0.54296875 0.20277777777777786
0 0.58671875 0.19722222222222238 0.5578125 0.19722222222222238 0.5578125 0.2541666666666668 0.58671875 0.2541666666666668
0 0.70078125 0.17638888888888904 0.675 0.17638888888888904 0.675 0.22916666666666682 0.70078125 0.22916666666666682
0 0.78828125 0.30138888888888904 0.759375 0.30138888888888904 0.759375 0.36388888888888904 0.78828125 0.36388888888888904
0 0.859375 0.26666666666666683 0.8328125 0.26666666666666683 0.8328125 0.32083333333333347 0.859375 0.32083333333333347
0 0.83046875 0.27500000000000013 0.803125 0.27500000000000013 0.803125 0.33472222222222237 0.83046875 0.33472222222222237
0 0.7796875 0.2319444444444446 0.753125 0.2319444444444446 0.753125 0.29305555555555574 0.7796875 0.29305555555555574