0 0.79140625 0.20416666666666683 0.74296875 0.20416666666666683 0.74296875 0.28750000000000014 0.79140625 0.28750000000000014
0 0.72265625 0.19861111111111127 0.67890625 0.19861111111111127 0.67890625 0.27916666666666684 0.72265625 0.27916666666666684
0 0.6734375 0.19444444444444461 0.6265625 0.19444444444444461 0.6265625 0.29166666666666685 0.6734375 0.29166666666666685
0 0.68359375 0.3069444444444446 0.634375 0.3069444444444446 0.634375 0.40000000000000013 0.68359375 0.40000000000000013
0 0.625 0.25972222222222235 0.58203125 0.25972222222222235 0.58203125 0.34166666666666684 0.625 0.34166666666666684
0 0.55703125 0.38472222222222235 0.48515625 0.38472222222222235 0.48515625 0.5361111111111113 0.55703125 0.5361111111111113
0 0.55078125 0.12222222222222234 0.51640625 0.12222222222222234 0.51640625 0.19722222222222235 0.55078125 0.19722222222222238
0 0.46875 0.1972222222222223 0.4359375 0.1972222222222223 0.4359375 0.2708333333333334 0.46875 0.2708333333333334
0 0.4125 0.18055555555555564 0.3875 0.18055555555555564 0.3875 0.22777777777777786 0.4125 0.22777777777777786
0 0.38828125 0.2583333333333334 0.35078125 0.2583333333333334 0.35078125 0.32777777777777783 0.38828125 0.32777777777777783
0 0.35 0.18750000000000008 0.32421875 0.18750000000000008 0.32421875 0.23888888888888896 0.35 0.23888888888888896
0 0.31796875 0.1972222222222223 0.29375 0.1972222222222223 0.29375 0.251388888888889 0.31796875 0.251388888888889
0 0.3984375 0.34166666666666673 0.3578125 0.34166666666666673 0.3578125 0.4194444444444445 0.3984375 0.4194444444444446
0 0.33203125 0.23750000000000007 0.3046875 0.23750000000000007 0.3046875 0.2930555555555556 0.33203125 0.2930555555555556
0 0.2421875 0.2583333333333334 0.209375 0.2583333333333334 0.209375 0.32638888888888895 0.2421875 0.32638888888888895
0 0.3140625 0.29166666666666674 0.28203125 0.29166666666666674 0.28203125 0.36527777777777776 0.3140625 0.36527777777777776
0 0.27265625 0.2958333333333334 0.240625 0.2958333333333334 0.240625 0.3597222222222222 0.27265625 0.3597222222222222
0 0.34765625 0.2944444444444445 0.3109375 0.2944444444444445 0.3109375 0.37222222222222223 0.34765625 0.37222222222222223
0 0.5046875 0.15416666666666679 0.47578125 0.15416666666666679 0.47578125 0.2097222222222223 0.5046875 0.2097222222222223
0 0.45234375 0.16944444444444454 0.425 0.16944444444444454 0.425 0.2208333333333334 0.45234375 0.2208333333333334
0 0.41953125 0.21944444444444453 0.38515625 0.21944444444444453 0.38515625 0.2861111111111112 0.41953125 0.2861111111111112
0 0.3015625 0.2347222222222223 0.27109375 0.2347222222222223 0.27109375 0.2944444444444445 0.3015625 0.2944444444444445
0 0.23125 0.38472222222222224 0.19687500000000005 0.38472222222222224 0.19687500000000005 0.45555555555555555 0.23125 0.45555555555555555
0 0.15468750000000003 0.3736111111111111 0.12343750000000005 0.3736111111111111 0.12343750000000005 0.43472222222222223 0.15468750000000003 0.43472222222222223
0 0.18593750000000003 0.37222222222222223 0.15312500000000004 0.37222222222222223 0.15312500000000004 0.4388888888888889 0.18593750000000003 0.4388888888888889
0 0.23046875 0.313888888888889 0.1984375 0.313888888888889 0.19843750000000002 0.3819444444444444 0.23046875 0.3819444444444444