0 0.23125000000000004 0.6138888888888889 0.18750000000000006 0.6138888888888889 0.18750000000000006 0.6875 0.2312500000000001 0.6875
0 0.2921875000000001 0.6527777777777778 0.2531250000000001 0.6527777777777778 0.2531250000000001 0.725 0.2921875000000001 0.725
0 0.34453125000000007 0.6333333333333333 0.30390625 0.6333333333333333 0.30390625000000004 0.7222222222222222 0.34453125000000007 0.7222222222222222
0 0.35234375 0.5430555555555555 0.309375 0.5430555555555555 0.309375 0.6263888888888889 0.35234375 0.6263888888888889
0 0.39453125000000006 0.6208333333333335 0.35703125 0.6208333333333333 0.35703125 0.6944444444444445 0.3945312500000001 0.6944444444444446
0 0.5015625 0.45416666666666683 0.43984375 0.45416666666666683 0.43984375 0.5930555555555557 0.5015625 0.5930555555555557
0 0.44296875 0.7861111111111111 0.41328125 0.7861111111111111 0.41328125 0.8555555555555555 0.44296875 0.8555555555555555
0 0.5296875 0.7444444444444445 0.5015625 0.7444444444444445 0.5015625 0.8125 0.5296875 0.8125
0 0.575 0.8055555555555556 0.553125 0.8055555555555556 0.553125 0.8486111111111111 0.575 0.8486111111111111
0 0.6203125 0.7194444444444444 0.5875 0.7194444444444444 0.5875 0.7819444444444444 0.6203125 0.7819444444444444
0 0.6375 0.8180555555555555 0.61484375 0.8180555555555555 0.61484375 0.8652777777777778 0.6375 0.8652777777777778
0 0.66796875 0.8166666666666667 0.64765625 0.8166666666666667 0.64765625 0.8680555555555556 0.66796875 0.8680555555555556
0 0.6234375 0.627777777777778 0.5875 0.627777777777778 0.5875 0.6972222222222224 0.6234375 0.6972222222222224
0 0.6625 0.7736111111111111 0.6390625 0.7736111111111111 0.6390625 0.8236111111111111 0.6625 0.8236111111111111
0 0.75859375 0.7736111111111115 0.7296875 0.7736111111111115 0.7296875 0.8361111111111115 0.75859375 0.8361111111111115
0 0.69140625 0.7083333333333335 0.6640625 0.7083333333333335 0.6640625 0.7763888888888889 0.69140625 0.7763888888888889
0 0.74453125 0.7236111111111113 0.71640625 0.7236111111111111 0.71640625 0.7805555555555557 0.74453125 0.7805555555555559
0 0.6640625 0.6916666666666669 0.63203125 0.6916666666666669 0.63203125 0.7625 0.6640625 0.7625
0 0.48203125 0.7916666666666666 0.45625 0.7916666666666666 0.45625 0.8416666666666667 0.48203125 0.8416666666666667
0 0.53125 0.8 0.50703125 0.8 0.50703125 0.8458333333333333 0.53125 0.8458333333333333
0 0.58125 0.7486111111111111 0.5515625 0.7486111111111111 0.5515625 0.8083333333333333 0.58125 0.8083333333333333
0 0.69765625 0.7819444444444444 0.67109375 0.7819444444444444 0.67109375 0.8361111111111111 0.69765625 0.8361111111111111
0 0.78515625 0.6527777777777779 0.75546875 0.6527777777777779 0.75546875 0.716666666666667 0.78515625 0.716666666666667
0 0.853125 0.7208333333333337 0.82578125 0.7208333333333337 0.82578125 0.7763888888888892 0.853125 0.7763888888888892
0 0.8265625 0.6847222222222223 0.7984375 0.6847222222222223 0.7984375 0.7458333333333337 0.8265625 0.7458333333333337
0 0.77578125 0.7236111111111114 0.7484375 0.7236111111111114 0.7484375 0.7861111111111114 0.77578125 0.7861111111111114