0 0.81640625 0.32916666666666683 0.77109375 0.32916666666666683 0.77109375 0.4055555555555557 0.81640625 0.4055555555555557
0 0.759375 0.29305555555555574 0.71875 0.29305555555555574 0.71875 0.3666666666666668 0.759375 0.3666666666666668
0 0.70078125 0.28750000000000014 0.65859375 0.28750000000000014 0.65859375 0.3791666666666668 0.70078125 0.3791666666666668
0 0.69296875 0.38333333333333347 0.6484375 0.38333333333333347 0.6484375 0.4819444444444446 0.69296875 0.4819444444444446
0 0.64765625 0.31250000000000017 0.60859375 0.31250000000000017 0.60859375 0.38888888888888906 0.64765625 0.38888888888888906
0 0.57109375 0.4194444444444446 0.50703125 0.4194444444444446 0.50703125 0.5625000000000001 0.57109375 0.5625000000000001
0 0.59453125 0.14861111111111122 0.56328125 0.14861111111111122 0.56328125 0.2194444444444446 0.59453125 0.2194444444444446
0 0.51015625 0.18750000000000008 0.48125 0.18750000000000008 0.48125 0.25694444444444453 0.51015625 0.25694444444444453
0 0.45390625 0.1472222222222223 0.43125 0.1472222222222223 0.43125 0.19166666666666674 0.45390625 0.19166666666666674
0 0.41875 0.2111111111111112 0.384375 0.2111111111111112 0.384375 0.27638888888888896 0.41875 0.27638888888888896
0 0.39296875 0.12777777777777785 0.36953125 0.12777777777777785 0.36953125 0.17638888888888896 0.39296875 0.17638888888888896
0 0.36015625 0.12361111111111119 0.3390625 0.12361111111111119 0.3390625 0.17500000000000007 0.36015625 0.17500000000000007
0 0.41640625 0.2958333333333334 0.3796875 0.2958333333333334 0.3796875 0.3680555555555557 0.41640625 0.3680555555555557
0 0.36796875 0.16805555555555562 0.34296875 0.16805555555555562 0.34296875 0.21944444444444453 0.36796875 0.21944444444444453
0 0.27734375 0.14861111111111117 0.24765625 0.14861111111111114 0.24765625 0.21250000000000008 0.27734375 0.21250000000000008
0 0.3421875 0.21250000000000008 0.31328125 0.21250000000000008 0.31328125 0.2819444444444445 0.3421875 0.2819444444444445
0 0.2890625 0.20555555555555563 0.26015625 0.20555555555555563 0.26015625 0.26388888888888895 0.2890625 0.26388888888888895
0 0.3765625 0.22777777777777786 0.34375 0.22777777777777786 0.34375 0.301388888888889 0.3765625 0.301388888888889
0 0.55078125 0.16111111111111123 0.52421875 0.16111111111111123 0.52421875 0.2125000000000001 0.55078125 0.21250000000000016
0 0.5 0.15416666666666679 0.475 0.15416666666666679 0.475 0.20138888888888898 0.5 0.20138888888888898
0 0.4546875 0.18750000000000008 0.4234375 0.18750000000000008 0.4234375 0.2486111111111112 0.4546875 0.2486111111111112
0 0.33046875 0.15000000000000008 0.303125 0.15000000000000008 0.303125 0.20555555555555563 0.33046875 0.20555555555555563
0 0.24921875 0.26527777777777783 0.21796875 0.26527777777777783 0.21796875 0.33194444444444454 0.24921875 0.33194444444444454
0 0.18125 0.20277777777777778 0.153125 0.20277777777777778 0.153125 0.25972222222222224 0.18125 0.25972222222222224
0 0.21171875 0.2361111111111112 0.18203125 0.2361111111111112 0.18203125 0.2986111111111112 0.21171875 0.2986111111111112
0 0.2578125 0.19861111111111118 0.22890625 0.19861111111111118 0.22890625 0.26250000000000007 0.2578125 0.26250000000000007