0 0.23125 0.31250000000000006 0.1875 0.31250000000000006 0.18750000000000003 0.3861111111111111 0.23125 0.3861111111111111
0 0.284375 0.27916666666666673 0.2453125 0.27916666666666673 0.2453125 0.351388888888889 0.284375 0.351388888888889
0 0.34453125 0.27916666666666673 0.30390625 0.27916666666666673 0.30390625 0.3680555555555556 0.34453125 0.3680555555555556
0 0.35234375 0.3736111111111111 0.309375 0.3736111111111111 0.309375 0.46944444444444444 0.35234375 0.46944444444444444
0 0.39453125 0.3069444444444445 0.35703125 0.3069444444444445 0.35703125 0.38055555555555565 0.39453125 0.3805555555555557
0 0.49296875 0.4194444444444446 0.43125 0.4194444444444446 0.43125 0.5583333333333335 0.49296875 0.5583333333333335
0 0.44296875 0.14444444444444451 0.41328125 0.14444444444444451 0.41328125 0.21388888888888896 0.44296875 0.21388888888888896
0 0.52421875 0.18888888888888897 0.49609375 0.18888888888888897 0.49609375 0.25694444444444453 0.52421875 0.25694444444444453
0 0.575 0.1527777777777779 0.553125 0.1527777777777779 0.553125 0.1958333333333335 0.575 0.1958333333333335
0 0.6203125 0.21805555555555572 0.5875 0.21805555555555572 0.5875 0.2805555555555557 0.6203125 0.2805555555555557
0 0.6375 0.13611111111111124 0.61484375 0.13611111111111124 0.61484375 0.1833333333333335 0.6375 0.1833333333333335
0 0.66796875 0.13194444444444461 0.64765625 0.13194444444444461 0.64765625 0.1833333333333335 0.66796875 0.1833333333333335
0 0.6234375 0.3041666666666668 0.5875 0.3041666666666668 0.5875 0.3736111111111113 0.6234375 0.3736111111111113
0 0.6625 0.17777777777777792 0.6390625 0.17777777777777792 0.6390625 0.22777777777777794 0.6625 0.22777777777777794
0 0.75859375 0.16388888888888906 0.7296875 0.16388888888888906 0.7296875 0.22638888888888906 0.75859375 0.22638888888888906
0 0.69140625 0.22361111111111126 0.6640625 0.22361111111111126 0.6640625 0.29166666666666685 0.69140625 0.29166666666666685
0 0.74453125 0.2194444444444446 0.71640625 0.2194444444444446 0.71640625 0.2763888888888891 0.74453125 0.2763888888888891
0 0.6609375 0.23750000000000016 0.62890625 0.23750000000000016 0.62890625 0.3083333333333335 0.6609375 0.3083333333333335
0 0.48203125 0.15972222222222235 0.45625 0.15972222222222235 0.45625 0.2097222222222223 0.48203125 0.2097222222222223
0 0.53125 0.15555555555555567 0.50703125 0.15555555555555567 0.50703125 0.20138888888888898 0.53125 0.20138888888888898
0 0.58125 0.19166666666666682 0.5515625 0.19166666666666682 0.5515625 0.25138888888888905 0.58125 0.25138888888888905
0 0.703125 0.16250000000000014 0.6765625 0.16250000000000014 0.6765625 0.2166666666666668 0.703125 0.2166666666666668
0 0.78515625 0.2833333333333335 0.75546875 0.2833333333333335 0.75546875 0.3472222222222224 0.78515625 0.3472222222222224
0 0.8515625 0.22361111111111126 0.82421875 0.22361111111111126 0.82421875 0.27916666666666684 0.8515625 0.27916666666666684
0 0.821875 0.2555555555555557 0.79375 0.2555555555555557 0.79375 0.3166666666666668 0.821875 0.3166666666666668
0 0.77578125 0.21527777777777793 0.7484375 0.21527777777777793 0.7484375 0.27777777777777796 0.77578125 0.27777777777777796