0 0.809375 0.2958333333333335 0.7671875 0.2958333333333335 0.7671875 0.3666666666666668 0.809375 0.3666666666666668
0 0.75 0.26666666666666683 0.7125 0.26666666666666683 0.7125 0.33611111111111125 0.75 0.33611111111111125
0 0.6921875 0.2680555555555557 0.653125 0.2680555555555557 0.653125 0.35555555555555574 0.6921875 0.35555555555555574
0 0.68828125 0.3652777777777779 0.646875 0.3652777777777779 0.646875 0.4583333333333335 0.68828125 0.4583333333333335
0 0.63984375 0.30000000000000016 0.603125 0.30000000000000016 0.603125 0.3722222222222224 0.63984375 0.3722222222222224
0 0.56796875 0.41805555555555574 0.50859375 0.41805555555555574 0.50859375 0.5541666666666668 0.56796875 0.5541666666666668
0 0.58046875 0.14166666666666677 0.55234375 0.14166666666666677 0.55234375 0.20833333333333348 0.58046875 0.20833333333333348
0 0.49765625 0.19027777777777785 0.47109375 0.19027777777777785 0.47109375 0.25694444444444453 0.49765625 0.25694444444444453
0 0.440625 0.15694444444444453 0.41953125 0.15694444444444453 0.41953125 0.19861111111111118 0.440625 0.19861111111111118
0 0.4078125 0.22638888888888897 0.37578125 0.22638888888888897 0.37578125 0.2875000000000001 0.4078125 0.2875000000000001
0 0.37890625 0.14444444444444451 0.35703125 0.14444444444444451 0.35703125 0.19027777777777785 0.37890625 0.19027777777777785
0 0.3453125 0.14305555555555563 0.32578125 0.14305555555555563 0.32578125 0.19305555555555565 0.3453125 0.19305555555555565
0 0.409375 0.31111111111111117 0.375 0.31111111111111117 0.375 0.3791666666666668 0.409375 0.3791666666666668
0 0.35546875 0.18750000000000008 0.3328125 0.18750000000000008 0.3328125 0.2361111111111112 0.35546875 0.2361111111111112
0 0.2640625 0.18055555555555564 0.23671875 0.18055555555555564 0.23671875 0.24027777777777787 0.2640625 0.24027777777777787
0 0.33125 0.2361111111111112 0.3046875 0.2361111111111112 0.3046875 0.30277777777777787 0.33125 0.30277777777777787
0 0.27890625 0.2347222222222223 0.2515625 0.2347222222222223 0.2515625 0.29027777777777786 0.27890625 0.29027777777777786
0 0.36640625 0.2472222222222223 0.3359375 0.2472222222222223 0.3359375 0.31666666666666676 0.36640625 0.31666666666666676
0 0.53671875 0.15833333333333346 0.5125 0.15833333333333346 0.5125 0.20694444444444451 0.53671875 0.20694444444444451
0 0.48671875 0.15694444444444455 0.46328125 0.15694444444444455 0.46328125 0.20138888888888898 0.48671875 0.20138888888888898
0 0.44296875 0.1972222222222223 0.4140625 0.1972222222222223 0.4140625 0.25555555555555565 0.44296875 0.25555555555555565
0 0.3171875 0.17500000000000007 0.2921875 0.17500000000000007 0.2921875 0.22777777777777786 0.3171875 0.22777777777777786
0 0.240625 0.301388888888889 0.21171875 0.301388888888889 0.21171875 0.3638888888888889 0.240625 0.3638888888888889
0 0.17109375 0.24583333333333332 0.14453125 0.24583333333333332 0.14453125 0.3 0.17109375 0.3
0 0.20234375 0.275 0.175 0.275 0.17500000000000002 0.33472222222222225 0.20234375 0.3347222222222223
0 0.246875 0.23194444444444454 0.2203125 0.23194444444444454 0.2203125 0.2930555555555556 0.246875 0.2930555555555556