0 0.2406250000000001 0.6680555555555555 0.19453125000000004 0.6680555555555555 0.19453125000000004 0.7458333333333333 0.2406250000000001 0.7458333333333333
0 0.3046875000000001 0.7055555555555556 0.2632812500000001 0.7055555555555556 0.2632812500000001 0.7819444444444444 0.3046875000000001 0.7819444444444444
0 0.3843750000000001 0.6916666666666668 0.3453125000000001 0.6916666666666667 0.3453125000000001 0.775 0.3843750000000001 0.775
0 0.33359375 0.6125 0.28828125 0.6125 0.28828125000000004 0.7111111111111111 0.3335937500000001 0.7111111111111111
0 0.40703125 0.6444444444444446 0.3671875 0.6444444444444446 0.36718750000000006 0.7222222222222222 0.40703125 0.7222222222222222
0 0.49375 0.44583333333333347 0.428125 0.44583333333333347 0.428125 0.5902777777777779 0.49375 0.5902777777777779
0 0.465625 0.7986111111111112 0.434375 0.7986111111111112 0.434375 0.8694444444444445 0.465625 0.8694444444444445
0 0.5375 0.7402777777777778 0.5078125 0.7402777777777778 0.5078125 0.8111111111111111 0.5375 0.8111111111111111
0 0.59765625 0.7888888888888889 0.57421875 0.7888888888888889 0.57421875 0.8333333333333334 0.59765625 0.8333333333333334
0 0.6375 0.6944444444444446 0.603125 0.6944444444444446 0.603125 0.7597222222222222 0.6375 0.7597222222222222
0 0.6609375 0.7875 0.63671875 0.7875 0.63671875 0.8361111111111111 0.6609375 0.8361111111111111
0 0.69140625 0.7791666666666667 0.66953125 0.7791666666666667 0.66953125 0.8319444444444445 0.69140625 0.8319444444444445
0 0.634375 0.6013888888888891 0.596875 0.6013888888888891 0.596875 0.6750000000000002 0.634375 0.6750000000000002
0 0.68203125 0.7375 0.65703125 0.7375 0.65703125 0.7902777777777777 0.68203125 0.7902777777777777
0 0.77890625 0.7180555555555559 0.7484375 0.7180555555555559 0.7484375 0.7819444444444448 0.77890625 0.7819444444444448
0 0.7078125 0.6666666666666669 0.678125 0.6666666666666669 0.678125 0.7375 0.7078125 0.7375
0 0.7609375 0.6708333333333335 0.73125 0.6708333333333335 0.73125 0.7305555555555558 0.7609375 0.7305555555555558
0 0.6765625 0.6583333333333334 0.64296875 0.6583333333333334 0.64296875 0.7319444444444444 0.6765625 0.7319444444444444
0 0.5046875 0.7819444444444444 0.47421875 0.7819444444444444 0.47421875 0.8472222222222222 0.5046875 0.8472222222222222
0 0.55390625 0.7916666666666666 0.52421875 0.7916666666666666 0.52421875 0.8458333333333333 0.55390625 0.8458333333333333
0 0.60078125 0.7319444444444444 0.56953125 0.7319444444444444 0.56953125 0.7944444444444444 0.60078125 0.7944444444444444
0 0.7234375 0.7402777777777778 0.6953125 0.7402777777777778 0.6953125 0.7972222222222223 0.7234375 0.7972222222222223
0 0.81171875 0.5569444444444446 0.7796875 0.5569444444444446 0.7796875 0.6236111111111112 0.81171875 0.6236111111111112
0 0.88125 0.6125000000000002 0.846875 0.6125000000000002 0.846875 0.6861111111111112 0.88125 0.6861111111111112
0 0.8375 0.6000000000000002 0.8078125 0.6000000000000002 0.8078125 0.6638888888888891 0.8375 0.6638888888888891
0 0.79140625 0.6638888888888891 0.7625 0.6638888888888891 0.7625 0.729166666666667 0.79140625 0.729166666666667