0 0.8296875 0.4069444444444446 0.7796875 0.4069444444444446 0.7796875 0.4916666666666668 0.8296875 0.4916666666666668
0 0.7703125 0.3388888888888891 0.725 0.3388888888888891 0.725 0.4222222222222224 0.7703125 0.4222222222222224
0 0.68984375 0.3041666666666668 0.64609375 0.3041666666666668 0.64609375 0.3930555555555557 0.68984375 0.3930555555555557
0 0.73359375 0.39027777777777795 0.68203125 0.39027777777777795 0.68203125 0.4972222222222224 0.73359375 0.4972222222222224
0 0.66015625 0.3430555555555557 0.61640625 0.3430555555555557 0.61640625 0.42638888888888904 0.66015625 0.42638888888888904
0 0.57734375 0.42638888888888904 0.503125 0.42638888888888904 0.503125 0.5805555555555557 0.57734375 0.5805555555555557
0 0.62109375 0.16944444444444456 0.58515625 0.16944444444444456 0.58515625 0.2458333333333335 0.62109375 0.2458333333333335
0 0.540625 0.18888888888888897 0.50703125 0.18888888888888897 0.50703125 0.26388888888888895 0.540625 0.26388888888888895
0 0.48203125 0.13472222222222235 0.45625 0.13472222222222235 0.45625 0.1833333333333334 0.48203125 0.1833333333333334
0 0.4421875 0.1861111111111112 0.40390625 0.1861111111111112 0.40390625 0.25694444444444453 0.4421875 0.25694444444444453
0 0.42265625 0.09861111111111119 0.39609375 0.09861111111111119 0.39609375 0.15138888888888896 0.42265625 0.15138888888888896
0 0.390625 0.08750000000000008 0.365625 0.08750000000000008 0.365625 0.14305555555555563 0.390625 0.14305555555555563
0 0.4328125 0.26944444444444454 0.39140625 0.26944444444444454 0.39140625 0.3486111111111112 0.4328125 0.3486111111111112
0 0.3953125 0.13333333333333341 0.3671875 0.13333333333333341 0.3671875 0.18888888888888897 0.3953125 0.18888888888888897
0 0.30625 0.09027777777777786 0.27265625 0.09027777777777786 0.27265625 0.1597222222222223 0.30625 0.1597222222222223
0 0.365625 0.16944444444444454 0.33203125 0.16944444444444454 0.33203125 0.24444444444444452 0.365625 0.24444444444444452
0 0.3140625 0.1486111111111112 0.28125 0.1486111111111112 0.28125 0.21250000000000008 0.3140625 0.21250000000000008
0 0.39921875 0.19166666666666674 0.3609375 0.19166666666666674 0.3609375 0.2708333333333334 0.39921875 0.2708333333333334
0 0.57890625 0.17083333333333345 0.54453125 0.17083333333333345 0.54453125 0.24166666666666684 0.57890625 0.24166666666666684
0 0.53125 0.14722222222222234 0.4984375 0.14722222222222234 0.4984375 0.20555555555555563 0.53125 0.20555555555555563
0 0.4796875 0.17222222222222233 0.44453125 0.1722222222222223 0.44453125 0.23888888888888896 0.4796875 0.23888888888888896
0 0.359375 0.10416666666666674 0.328125 0.10416666666666674 0.328125 0.16527777777777786 0.359375 0.16527777777777786
0 0.25 0.2250000000000001 0.21484375 0.2250000000000001 0.21484375 0.2972222222222223 0.25 0.2972222222222223
0 0.19609375 0.1291666666666667 0.15703125 0.1291666666666667 0.15703125 0.20833333333333337 0.19609375 0.20833333333333343
0 0.23046875 0.17222222222222225 0.196875 0.17222222222222225 0.196875 0.24027777777777787 0.23046875 0.24027777777777787
0 0.28359375 0.13472222222222227 0.25078125 0.13472222222222227 0.25078125 0.20416666666666675 0.28359375 0.20416666666666675