0 0.80390625 0.2458333333333335 0.7578125 0.2458333333333335 0.7578125 0.3250000000000002 0.80390625 0.3250000000000002
0 0.73515625 0.21111111111111128 0.69296875 0.21111111111111128 0.69296875 0.28888888888888903 0.73515625 0.28888888888888903
0 0.653125 0.22222222222222238 0.61328125 0.22222222222222238 0.61328125 0.3055555555555557 0.653125 0.3055555555555557
0 0.7109375 0.2833333333333335 0.66484375 0.2833333333333335 0.66484375 0.38333333333333347 0.7109375 0.38333333333333347
0 0.63203125 0.27500000000000013 0.59140625 0.27500000000000013 0.59140625 0.3527777777777779 0.63203125 0.3527777777777779
0 0.57265625 0.4083333333333335 0.50546875 0.4083333333333335 0.50546875 0.5541666666666668 0.57265625 0.5541666666666668
0 0.5625 0.1291666666666668 0.53046875 0.1291666666666668 0.53046875 0.201388888888889 0.5625 0.20138888888888903
0 0.490625 0.19027777777777785 0.46015625 0.19027777777777785 0.46015625 0.2611111111111112 0.490625 0.2611111111111112
0 0.4234375 0.17083333333333342 0.4 0.17083333333333342 0.4 0.21527777777777785 0.4234375 0.21527777777777785
0 0.39609375 0.24444444444444452 0.3609375 0.24444444444444452 0.3609375 0.31111111111111117 0.39609375 0.31111111111111117
0 0.3609375 0.16805555555555562 0.33671875 0.16805555555555562 0.33671875 0.21805555555555564 0.3609375 0.21805555555555564
0 0.328125 0.1736111111111112 0.30625 0.1736111111111112 0.30625 0.22638888888888897 0.328125 0.22638888888888897
0 0.40234375 0.3291666666666667 0.3640625 0.3291666666666667 0.3640625 0.40277777777777796 0.40234375 0.40277777777777796
0 0.340625 0.21666666666666676 0.31484375 0.21666666666666676 0.31484375 0.26944444444444454 0.340625 0.26944444444444454
0 0.25 0.22638888888888897 0.21875 0.22638888888888897 0.21875 0.29166666666666674 0.25 0.29166666666666674
0 0.3203125 0.26944444444444454 0.290625 0.26944444444444454 0.290625 0.34027777777777785 0.3203125 0.34027777777777785
0 0.26796875 0.27777777777777785 0.2375 0.27777777777777785 0.2375 0.33888888888888896 0.26796875 0.33888888888888896
0 0.35625 0.2736111111111112 0.321875 0.2736111111111112 0.321875 0.3486111111111112 0.35625 0.3486111111111112
0 0.5234375 0.1527777777777779 0.4921875 0.1527777777777779 0.4921875 0.21944444444444453 0.5234375 0.21944444444444453
0 0.4734375 0.15694444444444455 0.44296875 0.15694444444444453 0.44296875 0.2111111111111112 0.4734375 0.2111111111111112
0 0.428125 0.2097222222222223 0.39609375 0.2097222222222223 0.39609375 0.2722222222222223 0.428125 0.2722222222222223
0 0.30234375 0.2111111111111112 0.27421875 0.2111111111111112 0.27421875 0.26805555555555566 0.30234375 0.26805555555555566
0 0.2203125 0.38472222222222224 0.18828125000000004 0.38472222222222224 0.18828125000000004 0.4527777777777778 0.2203125 0.4527777777777778
0 0.15234375000000006 0.325 0.11718750000000004 0.325 0.11718750000000004 0.4 0.15234375000000006 0.4
0 0.19140625000000006 0.34722222222222227 0.16093750000000004 0.3472222222222222 0.16093750000000004 0.4111111111111111 0.19140625000000006 0.4111111111111111
0 0.2359375 0.2805555555555556 0.20625 0.2805555555555556 0.20625 0.34583333333333344 0.2359375 0.34583333333333344