0 0.8171875 0.6069444444444446 0.7734375 0.6069444444444446 0.7734375 0.6805555555555557 0.8171875 0.6805555555555557
0 0.74609375 0.6194444444444446 0.70625 0.6194444444444446 0.70625 0.6930555555555558 0.74609375 0.6930555555555558
0 0.67265625 0.6750000000000002 0.6359375 0.6750000000000002 0.6359375 0.7555555555555555 0.67265625 0.7555555555555555
0 0.7140625 0.5625000000000001 0.67734375 0.5625000000000001 0.67734375 0.6458333333333335 0.7140625 0.6458333333333335
0 0.6453125 0.6194444444444446 0.60625 0.6194444444444446 0.60625 0.6875000000000001 0.6453125 0.6875000000000001
0 0.57109375 0.43888888888888905 0.509375 0.43888888888888905 0.509375 0.577777777777778 0.57109375 0.577777777777778
0 0.5875 0.7861111111111111 0.5578125 0.7861111111111111 0.5578125 0.8555555555555555 0.5875 0.8555555555555555
0 0.50390625 0.7402777777777778 0.47578125 0.7402777777777778 0.47578125 0.8083333333333333 0.50390625 0.8083333333333333
0 0.44765625 0.8055555555555556 0.42578125 0.8055555555555556 0.42578125 0.8486111111111111 0.44765625 0.8486111111111111
0 0.41328125 0.7194444444444444 0.3804687500000001 0.7194444444444444 0.3804687500000001 0.7819444444444444 0.41328125 0.7819444444444444
0 0.3859375000000001 0.8180555555555555 0.3632812500000001 0.8180555555555555 0.3632812500000001 0.8652777777777778 0.3859375000000001 0.8652777777777778
0 0.35234375000000007 0.8166666666666667 0.3320312500000001 0.8166666666666667 0.3320312500000001 0.8680555555555556 0.35234375000000007 0.8680555555555556
0 0.415625 0.6375000000000002 0.3796875 0.6375000000000002 0.37968750000000007 0.7069444444444446 0.415625 0.7069444444444446
0 0.3617187500000001 0.7736111111111111 0.3382812500000001 0.7736111111111111 0.3382812500000001 0.8236111111111111 0.3617187500000001 0.8236111111111111
0 0.27031250000000007 0.7736111111111111 0.2414062500000001 0.7736111111111111 0.2414062500000001 0.8361111111111111 0.27031250000000007 0.8361111111111111
0 0.3359375000000001 0.7083333333333334 0.3085937500000001 0.7083333333333334 0.3085937500000001 0.7763888888888889 0.3359375000000001 0.7763888888888889
0 0.2835937500000001 0.7236111111111111 0.2554687500000001 0.7236111111111111 0.2554687500000001 0.7805555555555556 0.2835937500000001 0.7805555555555556
0 0.3710937500000001 0.6930555555555556 0.3390625000000001 0.6930555555555555 0.3390625000000001 0.7638888888888888 0.3710937500000001 0.7638888888888888
0 0.546875 0.7875 0.51796875 0.7875 0.51796875 0.8513888888888889 0.546875 0.8513888888888889
0 0.49765625 0.7986111111111112 0.46953125 0.7986111111111112 0.46953125 0.85 0.49765625 0.85
0 0.4484375 0.7486111111111111 0.41875 0.7486111111111111 0.41875 0.8083333333333333 0.4484375 0.8083333333333333
0 0.3242187500000001 0.7847222222222222 0.29765625000000007 0.7847222222222222 0.29765625000000007 0.8388888888888889 0.3242187500000001 0.8388888888888889
0 0.2453125000000001 0.6527777777777778 0.2156250000000001 0.6527777777777778 0.2156250000000001 0.7166666666666667 0.2453125000000001 0.7166666666666667
0 0.16953125000000005 0.6916666666666667 0.13671875000000006 0.6916666666666667 0.13671875000000006 0.7625 0.16953125000000005 0.7625
0 0.20312500000000008 0.6708333333333333 0.17500000000000004 0.6708333333333333 0.17500000000000004 0.7319444444444444 0.20312500000000008 0.7319444444444444
0 0.2523437500000001 0.7236111111111111 0.2250000000000001 0.7236111111111111 0.2250000000000001 0.7861111111111111 0.2523437500000001 0.7861111111111111