0 0.2359375 0.2736111111111112 0.19140625 0.2736111111111112 0.19140625000000003 0.3486111111111112 0.2359375 0.3486111111111112
0 0.303125 0.2722222222222223 0.2625 0.2722222222222223 0.2625 0.3472222222222223 0.303125 0.3472222222222223
0 0.37578125 0.2222222222222223 0.33828125 0.2222222222222223 0.33828125 0.30277777777777787 0.37578125 0.30277777777777787
0 0.32890625 0.3236111111111112 0.29140625 0.3236111111111112 0.29140625 0.4083333333333333 0.32890625 0.4083333333333333
0 0.403125 0.2930555555555556 0.36328125 0.2930555555555556 0.36328125 0.36250000000000016 0.403125 0.36250000000000016
0 0.4921875 0.4152777777777779 0.42890625 0.4152777777777779 0.42890625 0.5569444444444446 0.4921875 0.5569444444444446
0 0.459375 0.13472222222222233 0.42890625 0.1347222222222223 0.42890625 0.20416666666666675 0.459375 0.20416666666666675
0 0.53828125 0.19444444444444453 0.509375 0.19444444444444453 0.509375 0.26388888888888895 0.53828125 0.26388888888888895
0 0.590625 0.163888888888889 0.56796875 0.163888888888889 0.56796875 0.2069444444444446 0.590625 0.2069444444444446
0 0.63203125 0.2347222222222224 0.5984375 0.2347222222222224 0.5984375 0.29861111111111127 0.63203125 0.29861111111111127
0 0.65390625 0.15694444444444458 0.63046875 0.15694444444444455 0.63046875 0.20416666666666683 0.65390625 0.20416666666666683
0 0.684375 0.1583333333333335 0.66328125 0.1583333333333335 0.66328125 0.2097222222222224 0.684375 0.2097222222222224
0 0.62890625 0.3097222222222224 0.59296875 0.3097222222222224 0.59296875 0.3805555555555557 0.62890625 0.3805555555555557
0 0.6765625 0.20138888888888903 0.65234375 0.20138888888888903 0.65234375 0.25277777777777793 0.6765625 0.25277777777777793
0 0.77265625 0.20277777777777795 0.74375 0.20277777777777795 0.74375 0.26527777777777795 0.77265625 0.26527777777777795
0 0.703125 0.25277777777777793 0.675 0.25277777777777793 0.675 0.32083333333333347 0.703125 0.32083333333333347
0 0.75625 0.2555555555555557 0.72734375 0.2555555555555557 0.72734375 0.31388888888888905 0.75625 0.31388888888888905
0 0.671875 0.25972222222222235 0.6390625 0.25972222222222235 0.6390625 0.3319444444444446 0.671875 0.3319444444444446
0 0.4984375 0.14583333333333345 0.46953125 0.14583333333333345 0.46953125 0.2097222222222223 0.4984375 0.2097222222222223
0 0.54765625 0.15416666666666679 0.51875 0.15416666666666679 0.51875 0.20694444444444457 0.54765625 0.2069444444444446
0 0.5953125 0.20277777777777795 0.56484375 0.20277777777777795 0.56484375 0.26388888888888906 0.5953125 0.26388888888888906
0 0.71796875 0.19166666666666682 0.69140625 0.19166666666666682 0.69140625 0.24722222222222237 0.71796875 0.24722222222222237
0 0.79296875 0.32638888888888906 0.7625 0.32638888888888906 0.7625 0.39166666666666683 0.79296875 0.39166666666666683
0 0.87421875 0.29166666666666685 0.840625 0.29166666666666685 0.840625 0.36388888888888904 0.87421875 0.36388888888888904
0 0.834375 0.3166666666666668 0.80546875 0.3166666666666668 0.80546875 0.3791666666666668 0.834375 0.3791666666666668
0 0.7875 0.2555555555555557 0.759375 0.2555555555555557 0.759375 0.3194444444444446 0.7875 0.3194444444444446