0 0.23359375000000004 0.6430555555555556 0.18984375000000003 0.6430555555555556 0.18984375000000003 0.7166666666666667 0.2335937500000001 0.7166666666666667
0 0.3070312500000001 0.6458333333333334 0.2671875000000001 0.6458333333333334 0.2671875000000001 0.7194444444444444 0.3070312500000001 0.7194444444444444
0 0.3664062500000001 0.6763888888888889 0.3296875000000001 0.6763888888888889 0.3296875000000001 0.7569444444444444 0.3664062500000001 0.7569444444444444
0 0.3375 0.5875 0.30078125 0.5875 0.30078125000000006 0.6708333333333333 0.3375000000000001 0.6708333333333333
0 0.40078125 0.6347222222222223 0.36171875 0.6347222222222222 0.36171875000000003 0.7027777777777778 0.40078125 0.702777777777778
0 0.49140625 0.4444444444444446 0.4296875 0.4444444444444446 0.4296875 0.5833333333333335 0.49140625 0.5833333333333335
0 0.45546875 0.7944444444444444 0.42578125 0.7944444444444444 0.42578125 0.8638888888888889 0.45546875 0.8638888888888889
0 0.55234375 0.725 0.52421875 0.725 0.52421875 0.7930555555555555 0.55234375 0.7930555555555555
0 0.5875 0.7972222222222223 0.565625 0.7972222222222223 0.565625 0.8402777777777778 0.5875 0.8402777777777778
0 0.62421875 0.7291666666666666 0.59140625 0.7291666666666666 0.59140625 0.7916666666666666 0.62421875 0.7916666666666666
0 0.65078125 0.8013888888888889 0.628125 0.8013888888888889 0.628125 0.8486111111111111 0.65078125 0.8486111111111111
0 0.68125 0.7958333333333333 0.6609375 0.7958333333333333 0.6609375 0.8472222222222222 0.68125 0.8472222222222222
0 0.62734375 0.6250000000000001 0.59140625 0.6250000000000001 0.59140625 0.6944444444444446 0.62734375 0.6944444444444446
0 0.6734375 0.7541666666666667 0.65 0.7541666666666667 0.65 0.8041666666666667 0.6734375 0.8041666666666667
0 0.7703125 0.7430555555555559 0.74140625 0.7430555555555559 0.74140625 0.8055555555555559 0.7703125 0.8055555555555559
0 0.70078125 0.6861111111111112 0.6734375 0.6861111111111112 0.6734375 0.7541666666666667 0.70078125 0.7541666666666667
0 0.75390625 0.6944444444444446 0.72578125 0.6944444444444446 0.72578125 0.7513888888888892 0.75390625 0.7513888888888892
0 0.67109375 0.6541666666666668 0.6390625 0.6541666666666668 0.6390625 0.725 0.67109375 0.725
0 0.49765625 0.8291666666666667 0.4703125 0.8291666666666667 0.4703125 0.8638888888888889 0.49765625 0.8638888888888889
0 0.54609375 0.7902777777777777 0.51796875 0.7902777777777777 0.51796875 0.8416666666666667 0.54609375 0.8416666666666667
0 0.5921875 0.7402777777777778 0.5625 0.7402777777777778 0.5625 0.8 0.5921875 0.8
0 0.71484375 0.7597222222222222 0.68828125 0.7597222222222222 0.68828125 0.8138888888888889 0.71484375 0.8138888888888889
0 0.79140625 0.6194444444444446 0.76171875 0.6194444444444446 0.76171875 0.6833333333333335 0.79140625 0.6833333333333335
0 0.8671875 0.6458333333333335 0.834375 0.6458333333333335 0.834375 0.716666666666667 0.8671875 0.716666666666667
0 0.8328125 0.6319444444444446 0.8046875 0.6319444444444446 0.8046875 0.6930555555555558 0.8328125 0.6930555555555558
0 0.78203125 0.690277777777778 0.7546875 0.690277777777778 0.7546875 0.7527777777777781 0.78203125 0.7527777777777781
0 0.49765625 0.7763888888888889 0.4703125 0.7763888888888889 0.4703125 0.8319444444444445 0.49765625 0.8319444444444445