0 0.8078125 0.6597222222222224 0.7625 0.6597222222222224 0.7625 0.7361111111111114 0.8078125 0.7361111111111114
0 0.73125 0.6708333333333335 0.690625 0.6708333333333335 0.690625 0.7458333333333335 0.73125 0.7458333333333337
0 0.6671875 0.6861111111111112 0.62890625 0.6861111111111112 0.62890625 0.7680555555555556 0.6671875 0.7680555555555556
0 0.69765625 0.5972222222222224 0.66015625 0.5972222222222224 0.66015625 0.6833333333333335 0.69765625 0.6833333333333335
0 0.63515625 0.640277777777778 0.59140625 0.640277777777778 0.59140625 0.725 0.63515625 0.725
0 0.571875 0.4444444444444446 0.5078125 0.4444444444444446 0.5078125 0.5875000000000001 0.571875 0.5875000000000001
0 0.56875 0.7972222222222223 0.5375 0.7972222222222223 0.5375 0.8680555555555556 0.56875 0.8680555555555556
0 0.48359375 0.7305555555555555 0.4546875 0.7305555555555555 0.4546875 0.8 0.48359375 0.8
0 0.43515625 0.7972222222222223 0.40625 0.7972222222222223 0.40625 0.8472222222222222 0.43515625 0.8472222222222222
0 0.40703125 0.7236111111111111 0.38359375000000007 0.7236111111111111 0.38359375000000007 0.7847222222222222 0.40703125 0.7847222222222222
0 0.3664062500000001 0.7930555555555555 0.3429687500000001 0.7930555555555555 0.3429687500000001 0.8416666666666667 0.3664062500000001 0.8416666666666667
0 0.3335937500000001 0.7861111111111111 0.3125000000000001 0.7861111111111111 0.3125000000000001 0.8375 0.3335937500000001 0.8375
0 0.40625 0.6166666666666668 0.36953125 0.6166666666666668 0.36953125000000003 0.688888888888889 0.40625 0.688888888888889
0 0.3453125000000001 0.7430555555555556 0.3203125000000001 0.7430555555555556 0.3203125000000001 0.7944444444444444 0.3453125000000001 0.7944444444444444
0 0.25468750000000007 0.7263888888888889 0.2250000000000001 0.7263888888888889 0.2250000000000001 0.7902777777777777 0.25468750000000007 0.7902777777777777
0 0.3234375000000001 0.6736111111111112 0.2945312500000001 0.6736111111111112 0.2945312500000001 0.7430555555555556 0.3234375000000001 0.7430555555555556
0 0.2710937500000001 0.6791666666666667 0.24218750000000008 0.6791666666666667 0.24218750000000008 0.7375 0.2710937500000001 0.7375
0 0.35781250000000003 0.6430555555555556 0.325 0.6430555555555556 0.32500000000000007 0.7166666666666667 0.3578125000000001 0.7166666666666667
0 0.5234375 0.8291666666666667 0.4953125 0.8291666666666667 0.4953125 0.8652777777777778 0.5234375 0.8652777777777778
0 0.4765625 0.7861111111111111 0.446875 0.7861111111111111 0.446875 0.8388888888888889 0.4765625 0.8388888888888889
0 0.43359375 0.7347222222222223 0.40234375 0.7347222222222223 0.40234375 0.7958333333333333 0.43359375 0.7958333333333333
0 0.3125000000000001 0.7472222222222222 0.2851562500000001 0.7472222222222222 0.2851562500000001 0.8027777777777778 0.3125000000000001 0.8027777777777778
0 0.23671875000000003 0.6 0.20546875 0.6 0.20546875000000003 0.6666666666666666 0.2367187500000001 0.6666666666666666
0 0.16796875000000006 0.6236111111111111 0.13359375000000004 0.6236111111111111 0.13359375000000004 0.6972222222222222 0.16796875000000006 0.6972222222222222
0 0.19375000000000003 0.6111111111111112 0.16406250000000006 0.6111111111111112 0.16406250000000006 0.6736111111111112 0.19375000000000003 0.6736111111111112
0 0.24218750000000008 0.6736111111111112 0.2132812500000001 0.6736111111111112 0.2132812500000001 0.7375 0.24218750000000008 0.7375
0 0.525 0.7763888888888889 0.496875 0.7763888888888889 0.496875 0.8333333333333334 0.525 0.8333333333333334
