0 0.78125 0.16111111111111126 0.73046875 0.16111111111111126 0.73046875 0.24861111111111128 0.78125 0.24861111111111128
0 0.71015625 0.17777777777777792 0.66328125 0.17777777777777792 0.66328125 0.2625000000000002 0.71015625 0.2625000000000002
0 0.68515625 0.25972222222222235 0.640625 0.25972222222222235 0.640625 0.35416666666666685 0.68515625 0.35416666666666685
0 0.61875 0.23888888888888904 0.56875 0.23888888888888904 0.56875 0.3333333333333335 0.61875 0.3333333333333335
0 0.575 0.3944444444444446 0.49921875 0.3944444444444446 0.49921875 0.551388888888889 0.575 0.551388888888889
0 0.53828125 0.11805555555555568 0.5015625 0.11805555555555568 0.5015625 0.19583333333333341 0.53828125 0.19583333333333341
0 0.465625 0.2097222222222223 0.43046875 0.2097222222222223 0.43046875 0.2861111111111112 0.465625 0.2861111111111112
0 0.3953125 0.1833333333333334 0.3625 0.1833333333333334 0.3625 0.24166666666666675 0.3953125 0.24166666666666675
0 0.38671875 0.24444444444444452 0.34609375 0.24444444444444452 0.34609375 0.31805555555555565 0.38671875 0.31805555555555565
0 0.33984375 0.20555555555555563 0.3125 0.20555555555555563 0.3125 0.2597222222222223 0.33984375 0.2597222222222223
0 0.30859375 0.2208333333333334 0.2828125 0.2208333333333334 0.2828125 0.27777777777777785 0.30859375 0.27777777777777785
0 0.39609375 0.3444444444444445 0.35390625 0.3444444444444445 0.35390625 0.4250000000000001 0.39609375 0.42500000000000016
0 0.32421875 0.2597222222222223 0.2953125 0.2597222222222223 0.2953125 0.31666666666666676 0.32421875 0.31666666666666676
0 0.2359375 0.29166666666666674 0.20078125 0.29166666666666674 0.20078125 0.3625 0.2359375 0.3625
0 0.309375 0.31666666666666676 0.275 0.31666666666666676 0.275 0.39166666666666666 0.309375 0.39166666666666666
0 0.25625 0.33888888888888896 0.22265625 0.33888888888888896 0.22265625 0.4041666666666667 0.25625 0.4041666666666667
0 0.34609375 0.33194444444444454 0.30703125 0.33194444444444454 0.30703125 0.4125 0.34609375 0.4125
0 0.490625 0.13333333333333344 0.46015625 0.13333333333333344 0.46015625 0.17777777777777787 0.490625 0.17777777777777787
0 0.4484375 0.1736111111111112 0.41484375 0.1736111111111112 0.41484375 0.23333333333333342 0.4484375 0.23333333333333342
0 0.41796875 0.2111111111111112 0.38203125 0.2111111111111112 0.38203125 0.27916666666666673 0.41796875 0.27916666666666673
0 0.29140625 0.2611111111111112 0.259375 0.2611111111111112 0.259375 0.3236111111111112 0.29140625 0.3236111111111112
0 0.22421875 0.4222222222222222 0.18750000000000006 0.4222222222222222 0.18750000000000006 0.49583333333333335 0.22421875 0.49583333333333335
0 0.16093750000000004 0.4111111111111111 0.12109375000000004 0.4111111111111111 0.12109375000000004 0.49166666666666664 0.16093750000000004 0.49166666666666664
0 0.18750000000000006 0.425 0.15312500000000004 0.425 0.15312500000000004 0.49444444444444446 0.18750000000000006 0.49444444444444446
0 0.22890625 0.3472222222222223 0.19531250000000006 0.3472222222222223 0.19531250000000006 0.41805555555555557 0.22890625 0.41805555555555557
0 0.49765625 0.163888888888889 0.46484375 0.163888888888889 0.46484375 0.22777777777777786 0.49765625 0.22777777777777786
