0 0.2671875000000001 0.7125 0.2179687500000001 0.7125 0.2179687500000001 0.7972222222222223 0.2671875000000001 0.7972222222222223
0 0.3304687500000001 0.7444444444444445 0.28593750000000007 0.7444444444444445 0.28593750000000007 0.825 0.3304687500000001 0.825
0 0.3937500000000001 0.7305555555555555 0.3593750000000001 0.7305555555555555 0.3593750000000001 0.8041666666666667 0.3937500000000001 0.8041666666666667
0 0.35546875000000006 0.6291666666666667 0.30625 0.6291666666666667 0.30625 0.7222222222222222 0.3554687500000001 0.7222222222222222
0 0.41875 0.640277777777778 0.375 0.640277777777778 0.37500000000000006 0.7236111111111111 0.41875 0.7236111111111111
0 0.49453125 0.47638888888888903 0.43203125 0.47638888888888903 0.43203125 0.6166666666666668 0.49453125 0.6166666666666668
0 0.48828125 0.8277777777777777 0.45546875 0.8277777777777777 0.45546875 0.8916666666666667 0.48828125 0.8916666666666667
0 0.52890625 0.8222222222222222 0.50078125 0.8222222222222222 0.50078125 0.875 0.52890625 0.875
0 0.56015625 0.7333333333333333 0.5265625 0.7333333333333333 0.5265625 0.8069444444444445 0.56015625 0.8069444444444445
0 0.57890625 0.8069444444444445 0.55546875 0.8069444444444445 0.55546875 0.8513888888888889 0.57890625 0.8513888888888889
0 0.62265625 0.7680555555555556 0.596875 0.7680555555555556 0.596875 0.8152777777777778 0.62265625 0.8152777777777778
0 0.65234375 0.6916666666666669 0.62265625 0.6916666666666669 0.62265625 0.7541666666666667 0.65234375 0.7541666666666667
0 0.6828125 0.7472222222222222 0.65625 0.7472222222222222 0.65625 0.8 0.6828125 0.8
0 0.715625 0.7555555555555555 0.69140625 0.7555555555555555 0.69140625 0.8111111111111111 0.715625 0.8111111111111111
0 0.6703125 0.6166666666666668 0.6296875 0.6166666666666668 0.6296875 0.6944444444444446 0.6703125 0.6944444444444446
0 0.71015625 0.6944444444444446 0.6828125 0.6944444444444446 0.6828125 0.75 0.71015625 0.75
0 0.790625 0.6791666666666668 0.75703125 0.6791666666666668 0.75703125 0.7472222222222226 0.790625 0.7472222222222226
0 0.72734375 0.626388888888889 0.69453125 0.626388888888889 0.69453125 0.7000000000000002 0.72734375 0.7000000000000002
0 0.7796875 0.6152777777777779 0.746875 0.6152777777777779 0.746875 0.6791666666666668 0.7796875 0.6791666666666668
0 0.83828125 0.5986111111111113 0.81328125 0.5986111111111113 0.81328125 0.6472222222222224 0.83828125 0.6472222222222224
0 0.5328125 0.7597222222222222 0.5046875 0.7597222222222222 0.5046875 0.8208333333333333 0.5328125 0.8208333333333333
0 0.56875 0.7805555555555556 0.54140625 0.7805555555555556 0.54140625 0.8319444444444445 0.56875 0.8319444444444445
0 0.61640625 0.725 0.58203125 0.725 0.58203125 0.7916666666666666 0.61640625 0.7916666666666666
0 0.740625 0.6958333333333335 0.71015625 0.6958333333333335 0.71015625 0.7555555555555558 0.740625 0.7555555555555559
0 0.8 0.5361111111111113 0.76484375 0.5361111111111113 0.76484375 0.6069444444444446 0.8 0.6069444444444446
0 0.8625 0.5597222222222223 0.83125 0.5597222222222223 0.83125 0.6222222222222223 0.8625 0.6222222222222223
0 0.83515625 0.5472222222222224 0.80234375 0.5472222222222224 0.80234375 0.6152777777777779 0.83515625 0.6152777777777779
