0 0.775 0.7347222222222224 0.72421875 0.7347222222222223 0.72421875 0.8222222222222224 0.775 0.8222222222222225
0 0.70625 0.7597222222222222 0.66015625 0.7597222222222222 0.66015625 0.8430555555555556 0.70625 0.8430555555555556
0 0.63359375 0.7416666666666667 0.59765625 0.7416666666666667 0.59765625 0.8166666666666667 0.63359375 0.8166666666666667
0 0.68984375 0.6430555555555557 0.63828125 0.6430555555555557 0.63828125 0.7388888888888889 0.68984375 0.7388888888888889
0 0.62109375 0.6486111111111112 0.57578125 0.6486111111111112 0.57578125 0.7333333333333333 0.62109375 0.7333333333333333
0 0.56875 0.47916666666666685 0.503125 0.47916666666666685 0.503125 0.6222222222222223 0.56875 0.6222222222222223
0 0.53515625 0.8291666666666667 0.5015625 0.8291666666666667 0.5015625 0.8944444444444445 0.53515625 0.8944444444444445
0 0.48984375 0.8194444444444444 0.4609375 0.8194444444444444 0.4609375 0.8736111111111111 0.48984375 0.8736111111111111
0 0.46640625 0.7277777777777777 0.43125 0.7277777777777777 0.43125 0.8041666666666667 0.46640625 0.8041666666666667
0 0.43515625 0.8 0.4109375 0.8 0.4109375 0.8458333333333333 0.43515625 0.8458333333333333
0 0.39531250000000007 0.7569444444444444 0.3687500000000001 0.7569444444444444 0.3687500000000001 0.8055555555555556 0.39531250000000007 0.8055555555555556
0 0.37187500000000007 0.6777777777777778 0.34062500000000007 0.6777777777777778 0.34062500000000007 0.7416666666666667 0.37187500000000007 0.7416666666666667
0 0.33671875000000007 0.7305555555555555 0.30937500000000007 0.7305555555555555 0.30937500000000007 0.7847222222222222 0.33671875000000007 0.7847222222222222
0 0.30156250000000007 0.7361111111111112 0.2757812500000001 0.7361111111111112 0.2757812500000001 0.7930555555555555 0.30156250000000007 0.7930555555555555
0 0.36718750000000006 0.601388888888889 0.325 0.6013888888888889 0.32500000000000007 0.6819444444444446 0.3671875000000001 0.6819444444444446
0 0.3125000000000001 0.675 0.2835937500000001 0.675 0.2835937500000001 0.7319444444444444 0.3125000000000001 0.7319444444444444
0 0.23828125000000008 0.6527777777777778 0.20312500000000008 0.6527777777777778 0.20312500000000008 0.7236111111111111 0.23828125000000008 0.7236111111111111
0 0.30156250000000007 0.6055555555555555 0.2671875 0.6055555555555555 0.2671875 0.6805555555555556 0.30156250000000007 0.6805555555555556
0 0.25000000000000006 0.5888888888888889 0.21640625 0.5888888888888889 0.21640625000000005 0.6541666666666667 0.2500000000000001 0.6541666666666667
0 0.18437500000000004 0.5680555555555555 0.15859375000000003 0.5680555555555555 0.15859375000000003 0.6180555555555556 0.18437500000000004 0.6180555555555556
0 0.48828125 0.7569444444444444 0.45859375 0.7569444444444444 0.45859375 0.8194444444444444 0.48828125 0.8194444444444444
0 0.45078125 0.7736111111111111 0.421875 0.7736111111111111 0.421875 0.8277777777777777 0.45078125 0.8277777777777777
0 0.41171875 0.7138888888888889 0.37578125000000007 0.7138888888888889 0.37578125000000007 0.7819444444444444 0.41171875 0.7819444444444444
0 0.2843750000000001 0.6736111111111112 0.2523437500000001 0.6736111111111112 0.2523437500000001 0.7361111111111112 0.2843750000000001 0.7361111111111112
0 0.234375 0.5083333333333333 0.19765625000000003 0.5083333333333333 0.19765625000000003 0.5819444444444445 0.234375 0.5819444444444445
0 0.16796875000000006 0.5263888888888889 0.13515625000000003 0.5263888888888889 0.13515625000000003 0.5902777777777778 0.16796875000000006 0.5902777777777778
0 0.19687500000000005 0.5166666666666667 0.16250000000000003 0.5166666666666667 0.16250000000000003 0.5861111111111111 0.19687500000000005 0.5861111111111111
