0 0.24531250000000004 0.6430555555555556 0.2015625 0.6430555555555556 0.20156250000000003 0.7166666666666667 0.2453125000000001 0.7166666666666667
0 0.30546875000000007 0.6916666666666667 0.26640625000000007 0.6916666666666667 0.26640625000000007 0.7638888888888888 0.30546875000000007 0.7638888888888888
0 0.3687500000000001 0.6958333333333334 0.3398437500000001 0.6958333333333333 0.3398437500000001 0.7625 0.3687500000000001 0.7625
0 0.33437500000000003 0.6083333333333333 0.29765625 0.6083333333333333 0.29765625000000007 0.6847222222222222 0.3343750000000001 0.6847222222222222
0 0.40546875 0.6152777777777779 0.36796875 0.6152777777777779 0.36796875000000007 0.688888888888889 0.40546875 0.688888888888889
0 0.48828125 0.4902777777777779 0.4359375 0.4902777777777779 0.4359375 0.6180555555555557 0.48828125 0.6180555555555557
0 0.45625 0.8083333333333333 0.428125 0.8083333333333333 0.428125 0.8652777777777778 0.45625 0.8652777777777778
0 0.49609375 0.8236111111111111 0.471875 0.8236111111111111 0.471875 0.8708333333333333 0.49609375 0.8708333333333333
0 0.52578125 0.7583333333333333 0.503125 0.7583333333333333 0.503125 0.8180555555555555 0.52578125 0.8180555555555555
0 0.55859375 0.8125 0.53828125 0.8125 0.53828125 0.8513888888888889 0.55859375 0.8513888888888889
0 0.5953125 0.8041666666666667 0.57109375 0.8041666666666667 0.57109375 0.8402777777777778 0.5953125 0.8402777777777778
0 0.62890625 0.7291666666666666 0.603125 0.7291666666666666 0.603125 0.7861111111111111 0.62890625 0.7861111111111111
0 0.6546875 0.7930555555555555 0.63203125 0.7930555555555555 0.63203125 0.8402777777777778 0.6546875 0.8402777777777778
0 0.6859375 0.8111111111111111 0.665625 0.8111111111111111 0.665625 0.8625 0.6859375 0.8625
0 0.67421875 0.6625000000000002 0.63828125 0.6625000000000002 0.63828125 0.7319444444444444 0.67421875 0.7319444444444444
0 0.68359375 0.75 0.66015625 0.75 0.66015625 0.8 0.68359375 0.8
0 0.76640625 0.7472222222222226 0.7375 0.7472222222222226 0.7375 0.8097222222222226 0.76640625 0.8097222222222226
0 0.69765625 0.7000000000000002 0.67578125 0.7000000000000002 0.67578125 0.7597222222222222 0.69765625 0.7597222222222222
0 0.76171875 0.688888888888889 0.73359375 0.688888888888889 0.73359375 0.7458333333333337 0.76171875 0.7458333333333337
0 0.796875 0.7125000000000004 0.77578125 0.7125000000000004 0.77578125 0.7569444444444448 0.796875 0.7569444444444448
0 0.5046875 0.7625 0.48125 0.7625 0.48125 0.8194444444444444 0.5046875 0.8194444444444444
0 0.53984375 0.7944444444444444 0.515625 0.7944444444444444 0.515625 0.8402777777777778 0.53984375 0.8402777777777778
0 0.59375 0.7527777777777778 0.5640625 0.7527777777777778 0.5640625 0.8125 0.59375 0.8125
0 0.72265625 0.7458333333333333 0.69453125 0.7458333333333333 0.69453125 0.8055555555555556 0.72265625 0.8055555555555556
0 0.7875 0.6180555555555557 0.7578125 0.6180555555555557 0.7578125 0.6819444444444446 0.7875 0.6819444444444446
0 0.8484375 0.6583333333333334 0.82109375 0.6583333333333334 0.82109375 0.7138888888888892 0.8484375 0.7138888888888892
0 0.821875 0.6388888888888891 0.79375 0.6388888888888891 0.79375 0.7000000000000002 0.821875 0.7000000000000002
