0 0.81875 0.5916666666666668 0.77265625 0.5916666666666668 0.77265625 0.6694444444444446 0.81875 0.6694444444444446
0 0.74921875 0.6416666666666668 0.7078125 0.6416666666666668 0.7078125 0.7166666666666668 0.74921875 0.716666666666667
0 0.69453125 0.6500000000000001 0.65546875 0.6500000000000001 0.65546875 0.7263888888888889 0.69453125 0.7263888888888889
0 0.70546875 0.5527777777777779 0.6609375 0.5527777777777779 0.6609375 0.6444444444444446 0.70546875 0.6444444444444446
0 0.6484375 0.6041666666666669 0.60859375 0.6041666666666669 0.60859375 0.6819444444444446 0.6484375 0.6819444444444446
0 0.56875 0.4416666666666668 0.51328125 0.4416666666666668 0.51328125 0.5736111111111113 0.56875 0.5736111111111113
0 0.5953125 0.7916666666666666 0.565625 0.7916666666666666 0.565625 0.8513888888888889 0.5953125 0.8513888888888889
0 0.5109375 0.7416666666666667 0.48046875 0.7416666666666667 0.48046875 0.8041666666666667 0.5109375 0.8041666666666667
0 0.45078125 0.8152777777777778 0.425 0.8152777777777778 0.425 0.8597222222222223 0.45078125 0.8597222222222223
0 0.425 0.7583333333333333 0.3976562500000001 0.7583333333333333 0.3976562500000001 0.8180555555555555 0.425 0.8180555555555555
0 0.39531250000000007 0.8263888888888888 0.3710937500000001 0.8263888888888888 0.3710937500000001 0.875 0.39531250000000007 0.875
0 0.3609375000000001 0.8402777777777778 0.3390625000000001 0.8402777777777778 0.3390625000000001 0.8930555555555556 0.3609375000000001 0.8930555555555556
0 0.42265625 0.6361111111111113 0.38125 0.6361111111111113 0.38125000000000003 0.7305555555555555 0.42265625 0.7305555555555555
0 0.37187500000000007 0.7833333333333333 0.3468750000000001 0.7833333333333333 0.3468750000000001 0.8361111111111111 0.37187500000000007 0.8361111111111111
0 0.2851562500000001 0.7986111111111112 0.25468750000000007 0.7986111111111112 0.25468750000000007 0.8625 0.2851562500000001 0.8625
0 0.3476562500000001 0.7194444444444444 0.3195312500000001 0.7194444444444444 0.3195312500000001 0.7833333333333333 0.3476562500000001 0.7833333333333333
0 0.30546875000000007 0.7472222222222222 0.2726562500000001 0.7472222222222222 0.2726562500000001 0.8138888888888889 0.30546875000000007 0.8138888888888889
0 0.2656250000000001 0.7555555555555555 0.2414062500000001 0.7555555555555555 0.2414062500000001 0.8138888888888889 0.2656250000000001 0.8138888888888889
0 0.5515625 0.7736111111111111 0.5265625 0.7736111111111111 0.5265625 0.8319444444444445 0.5515625 0.8319444444444445
0 0.50234375 0.8 0.47734375 0.8 0.47734375 0.8486111111111111 0.50234375 0.8486111111111111
0 0.4640625 0.7555555555555555 0.4328125 0.7555555555555555 0.4328125 0.8180555555555555 0.4640625 0.8180555555555555
0 0.3273437500000001 0.7875 0.29765625000000007 0.7875 0.29765625000000007 0.85 0.3273437500000001 0.85
0 0.24609375000000008 0.6722222222222223 0.2140625000000001 0.6722222222222223 0.2140625000000001 0.7388888888888889 0.24609375000000008 0.7388888888888889
0 0.18593750000000003 0.7333333333333333 0.15703125000000004 0.7333333333333333 0.15703125000000004 0.7916666666666666 0.18593750000000003 0.7916666666666666
0 0.2156250000000001 0.7027777777777777 0.18593750000000003 0.7027777777777777 0.18593750000000003 0.7666666666666667 0.2156250000000001 0.7666666666666667
