0 0.23046875000000006 0.6208333333333333 0.18671875000000004 0.6208333333333333 0.18671875000000004 0.6944444444444444 0.23046875000000008 0.6944444444444444
0 0.2914062500000001 0.6486111111111111 0.2578125000000001 0.6486111111111111 0.2578125000000001 0.7361111111111112 0.2914062500000001 0.7361111111111112
0 0.3390625000000001 0.6555555555555556 0.3023437500000001 0.6555555555555556 0.3023437500000001 0.7291666666666666 0.3390625000000001 0.7291666666666666
0 0.34140625 0.5708333333333333 0.29921875 0.5708333333333333 0.29921875000000003 0.6583333333333333 0.3414062500000001 0.6583333333333333
0 0.39531250000000007 0.6180555555555556 0.3578125 0.6180555555555556 0.35781250000000003 0.6916666666666668 0.39531250000000007 0.6916666666666669
0 0.4859375 0.4486111111111113 0.43359375 0.4486111111111113 0.43359375 0.5763888888888891 0.4859375 0.5763888888888891
0 0.44296875 0.8 0.41484375 0.8 0.41484375 0.8569444444444444 0.44296875 0.8569444444444444
0 0.5046875 0.7333333333333333 0.47578125 0.7333333333333333 0.47578125 0.7944444444444444 0.5046875 0.7944444444444444
0 0.584375 0.8097222222222222 0.56015625 0.8097222222222222 0.56015625 0.8527777777777777 0.584375 0.8527777777777777
0 0.6140625 0.7541666666666667 0.58828125 0.7541666666666667 0.58828125 0.8111111111111111 0.6140625 0.8111111111111111
0 0.63828125 0.8152777777777778 0.61328125 0.8152777777777778 0.61328125 0.8722222222222222 0.63828125 0.8722222222222222
0 0.66875 0.8180555555555555 0.6484375 0.8180555555555555 0.6484375 0.8694444444444445 0.66875 0.8694444444444445
0 0.62265625 0.6291666666666669 0.584375 0.6291666666666669 0.584375 0.7194444444444444 0.62265625 0.7194444444444444
0 0.66171875 0.7708333333333334 0.63828125 0.7708333333333334 0.63828125 0.8208333333333333 0.66171875 0.8208333333333333
0 0.7546875 0.7777777777777781 0.72578125 0.7777777777777781 0.72578125 0.8402777777777781 0.7546875 0.8402777777777781
0 0.6875 0.7055555555555557 0.66171875 0.7055555555555557 0.66171875 0.7666666666666667 0.6875 0.7666666666666667
0 0.75234375 0.7180555555555557 0.72109375 0.7180555555555556 0.72109375 0.7819444444444446 0.75234375 0.7819444444444448
0 0.76640625 0.7333333333333336 0.74375 0.7333333333333336 0.74375 0.7902777777777781 0.76640625 0.7902777777777781
0 0.48203125 0.7777777777777778 0.45859375 0.7777777777777778 0.45859375 0.8347222222222223 0.48203125 0.8347222222222223
0 0.53203125 0.8 0.5078125 0.8 0.5078125 0.8458333333333333 0.53203125 0.8458333333333333
0 0.57578125 0.7513888888888889 0.54609375 0.7513888888888889 0.54609375 0.8111111111111111 0.57578125 0.8111111111111111
0 0.70234375 0.7722222222222223 0.67421875 0.7722222222222223 0.67421875 0.8319444444444445 0.70234375 0.8319444444444445
0 0.7859375 0.6569444444444446 0.75625 0.6569444444444446 0.75625 0.7208333333333337 0.7859375 0.7208333333333337
0 0.85 0.7041666666666668 0.82265625 0.7041666666666668 0.82265625 0.7597222222222225 0.85 0.7597222222222225
0 0.81953125 0.6750000000000002 0.79140625 0.6750000000000002 0.79140625 0.7361111111111114 0.81953125 0.7361111111111114
