0 0.22890625 0.3236111111111112 0.18359375000000006 0.3236111111111112 0.18359375000000006 0.4 0.22890625 0.4
0 0.29921875 0.2861111111111112 0.2640625 0.2861111111111112 0.2640625 0.3763888888888889 0.29921875 0.3763888888888889
0 0.33671875 0.2736111111111112 0.2984375 0.2736111111111112 0.2984375 0.3500000000000001 0.33671875 0.3500000000000001
0 0.3375 0.3486111111111112 0.29375 0.3486111111111112 0.29375 0.4388888888888889 0.3375 0.4388888888888889
0 0.39296875 0.3152777777777779 0.35390625 0.3152777777777779 0.35390625 0.3916666666666667 0.39296875 0.39166666666666683
0 0.48671875 0.42638888888888904 0.43203125 0.42638888888888904 0.43203125 0.5569444444444446 0.48671875 0.5569444444444446
0 0.4375 0.1472222222222223 0.40859375 0.1472222222222223 0.40859375 0.20555555555555563 0.4375 0.20555555555555563
0 0.5546875 0.21388888888888902 0.5203125 0.21388888888888896 0.5203125 0.29583333333333345 0.5546875 0.2958333333333335
0 0.57890625 0.13472222222222235 0.54921875 0.13472222222222235 0.54921875 0.18888888888888905 0.57890625 0.18888888888888905
0 0.6171875 0.19166666666666682 0.58515625 0.19166666666666682 0.58515625 0.25972222222222235 0.6171875 0.25972222222222235
0 0.63203125 0.11944444444444456 0.60625 0.11944444444444456 0.60625 0.17777777777777792 0.63203125 0.17777777777777792
0 0.6625 0.12222222222222238 0.64140625 0.12222222222222238 0.64140625 0.17361111111111127 0.6625 0.17361111111111127
0 0.6171875 0.2625000000000002 0.5765625 0.2625000000000002 0.5765625 0.35555555555555574 0.6171875 0.35555555555555574
0 0.65625 0.17222222222222236 0.63125 0.17222222222222233 0.63125 0.22361111111111126 0.65625 0.22361111111111126
0 0.753125 0.1444444444444446 0.7234375 0.1444444444444446 0.7234375 0.20833333333333348 0.753125 0.20833333333333348
0 0.68359375 0.22361111111111126 0.65625 0.22361111111111126 0.65625 0.28750000000000014 0.68359375 0.28750000000000014
0 0.74765625 0.20277777777777795 0.71484375 0.20277777777777795 0.71484375 0.2694444444444446 0.74765625 0.2694444444444446
0 0.76796875 0.19722222222222238 0.73828125 0.19722222222222238 0.73828125 0.2541666666666668 0.76796875 0.2541666666666668
0 0.484375 0.16944444444444456 0.45390625 0.16944444444444456 0.45390625 0.2347222222222223 0.484375 0.2347222222222223
0 0.528125 0.15138888888888902 0.49921875 0.15138888888888902 0.49921875 0.20833333333333343 0.528125 0.20833333333333343
0 0.57109375 0.18472222222222234 0.53984375 0.1847222222222223 0.53984375 0.24583333333333346 0.57109375 0.2458333333333335
0 0.68125 0.1583333333333335 0.65234375 0.1583333333333335 0.65234375 0.2194444444444446 0.68125 0.2194444444444446
0 0.78671875 0.2625000000000002 0.7515625 0.2625000000000002 0.7515625 0.33750000000000013 0.78671875 0.33750000000000013
0 0.8453125 0.2208333333333335 0.8171875 0.2208333333333335 0.8171875 0.27777777777777796 0.8453125 0.27777777777777796
0 0.81640625 0.2444444444444446 0.78671875 0.2444444444444446 0.78671875 0.3069444444444446 0.81640625 0.3069444444444446
