0 0.2351562500000001 0.6486111111111111 0.19218750000000004 0.6486111111111111 0.19218750000000004 0.7208333333333333 0.2351562500000001 0.7208333333333333
0 0.3031250000000001 0.6583333333333333 0.27031250000000007 0.6583333333333333 0.27031250000000007 0.7458333333333333 0.3031250000000001 0.7458333333333333
0 0.3453125000000001 0.6805555555555556 0.30937500000000007 0.6805555555555556 0.30937500000000007 0.7527777777777778 0.3453125000000001 0.7527777777777778
0 0.33046875000000003 0.6 0.2890625 0.6 0.28906250000000006 0.6861111111111111 0.3304687500000001 0.6861111111111111
0 0.4 0.6305555555555556 0.3625 0.6305555555555555 0.36250000000000004 0.7027777777777778 0.4 0.702777777777778
0 0.48046875 0.4555555555555557 0.4296875 0.4555555555555557 0.4296875 0.5819444444444446 0.48046875 0.5819444444444446
0 0.453125 0.8013888888888889 0.42578125 0.8013888888888889 0.42578125 0.8583333333333333 0.453125 0.8583333333333333
0 0.5421875 0.7166666666666667 0.51015625 0.7166666666666667 0.51015625 0.7958333333333333 0.5421875 0.7958333333333333
0 0.59453125 0.8027777777777778 0.56640625 0.8027777777777778 0.56640625 0.8541666666666666 0.59453125 0.8541666666666666
0 0.62890625 0.7263888888888889 0.59921875 0.7263888888888889 0.59921875 0.7916666666666666 0.62890625 0.7916666666666666
0 0.6484375 0.8041666666666667 0.62421875 0.8041666666666667 0.62421875 0.8611111111111112 0.6484375 0.8611111111111112
0 0.678125 0.8027777777777778 0.65859375 0.8027777777777778 0.65859375 0.8527777777777777 0.678125 0.8527777777777777
0 0.62109375 0.6305555555555558 0.58359375 0.6305555555555558 0.58359375 0.7208333333333333 0.62109375 0.7208333333333333
0 0.7671875 0.7555555555555559 0.7390625 0.7555555555555559 0.7390625 0.816666666666667 0.7671875 0.816666666666667
0 0.69375 0.6875000000000001 0.66796875 0.6875000000000001 0.66796875 0.7486111111111111 0.69375 0.7486111111111111
0 0.75859375 0.6958333333333335 0.728125 0.6958333333333335 0.728125 0.7597222222222225 0.75859375 0.7597222222222225
0 0.7796875 0.7083333333333335 0.7515625 0.7083333333333335 0.7515625 0.7625000000000003 0.7796875 0.7625000000000003
0 0.49140625 0.775 0.46328125 0.775 0.46328125 0.8388888888888889 0.49140625 0.8388888888888889
0 0.54296875 0.7916666666666666 0.515625 0.7916666666666666 0.515625 0.8458333333333333 0.54296875 0.8458333333333333
0 0.57734375 0.7472222222222222 0.54765625 0.7472222222222222 0.54765625 0.8055555555555556 0.57734375 0.8055555555555556
0 0.671875 0.7472222222222222 0.64453125 0.7472222222222222 0.64453125 0.8055555555555556 0.671875 0.8055555555555556
0 0.79453125 0.6305555555555558 0.7609375 0.6305555555555558 0.7609375 0.702777777777778 0.79453125 0.702777777777778
0 0.85625 0.6750000000000002 0.828125 0.6750000000000002 0.828125 0.7375000000000003 0.85625 0.7375000000000003
0 0.825 0.6472222222222224 0.79765625 0.6472222222222224 0.79765625 0.7069444444444446 0.825 0.7069444444444446
