0 0.2328125 0.29027777777777786 0.190625 0.29027777777777786 0.19062500000000002 0.3611111111111111 0.2328125 0.3611111111111111
0 0.30078125 0.2611111111111112 0.26875 0.2611111111111112 0.26875 0.3472222222222223 0.30078125 0.3472222222222223
0 0.34296875 0.2527777777777779 0.30703125 0.2527777777777779 0.30703125 0.32500000000000007 0.34296875 0.32500000000000007
0 0.328125 0.3208333333333334 0.28828125 0.3208333333333334 0.28828125 0.40555555555555556 0.328125 0.40555555555555556
0 0.39765625 0.301388888888889 0.3609375 0.301388888888889 0.3609375 0.37361111111111117 0.39765625 0.3736111111111113
0 0.4796875 0.4208333333333335 0.43046875 0.4208333333333335 0.43046875 0.5458333333333335 0.4796875 0.5458333333333335
0 0.44921875 0.14444444444444451 0.42265625 0.14444444444444451 0.42265625 0.20000000000000007 0.44921875 0.20000000000000007
0 0.5390625 0.20416666666666675 0.5078125 0.20416666666666675 0.5078125 0.28333333333333344 0.5390625 0.28333333333333344
0 0.590625 0.14444444444444457 0.56328125 0.14444444444444457 0.56328125 0.19444444444444461 0.590625 0.19444444444444461
0 0.62578125 0.2055555555555557 0.596875 0.2055555555555557 0.596875 0.2708333333333335 0.62578125 0.2708333333333335
0 0.64453125 0.13611111111111124 0.62109375 0.13611111111111124 0.62109375 0.19166666666666682 0.64453125 0.19166666666666682
0 0.675 0.1430555555555557 0.65546875 0.1430555555555557 0.65546875 0.19166666666666682 0.675 0.19166666666666682
0 0.61875 0.27777777777777796 0.58203125 0.27777777777777796 0.58203125 0.3666666666666668 0.61875 0.3666666666666668
0 0.7640625 0.17638888888888904 0.73671875 0.17638888888888904 0.73671875 0.23750000000000016 0.7640625 0.23750000000000016
0 0.69140625 0.2458333333333335 0.66640625 0.2458333333333335 0.66640625 0.3069444444444446 0.69140625 0.3069444444444446
0 0.75625 0.2333333333333335 0.72578125 0.2333333333333335 0.72578125 0.2972222222222224 0.75625 0.2972222222222224
0 0.77734375 0.2305555555555557 0.74921875 0.2305555555555557 0.74921875 0.2833333333333335 0.77734375 0.2833333333333335
0 0.48828125 0.16250000000000012 0.46015625 0.16250000000000012 0.46015625 0.2250000000000001 0.48828125 0.2250000000000001
0 0.5390625 0.15416666666666679 0.5125 0.15416666666666679 0.5125 0.20833333333333343 0.5390625 0.20833333333333343
0 0.57421875 0.1930555555555557 0.5453125 0.1930555555555557 0.5453125 0.25138888888888905 0.57421875 0.25138888888888905
0 0.66875 0.19027777777777793 0.6421875 0.19027777777777793 0.6421875 0.24861111111111128 0.66875 0.24861111111111128
0 0.7921875 0.28888888888888903 0.76015625 0.28888888888888903 0.76015625 0.36111111111111127 0.7921875 0.36111111111111127
0 0.85390625 0.25277777777777793 0.8265625 0.25277777777777793 0.8265625 0.31527777777777793 0.85390625 0.31527777777777793
0 0.82265625 0.2833333333333335 0.79609375 0.2833333333333335 0.79609375 0.3430555555555557 0.82265625 0.3430555555555557
