0 0.79453125 0.716666666666667 0.74609375 0.716666666666667 0.74609375 0.8000000000000003 0.79453125 0.8000000000000003
0 0.71015625 0.7111111111111111 0.675 0.7111111111111111 0.675 0.7875 0.71015625 0.7875
0 0.659375 0.7236111111111111 0.6171875 0.7236111111111111 0.6171875 0.8055555555555556 0.659375 0.8055555555555556
0 0.7 0.6458333333333335 0.6515625 0.6458333333333335 0.6515625 0.7430555555555556 0.7 0.7430555555555556
0 0.625 0.6472222222222224 0.5765625 0.6472222222222224 0.5765625 0.7430555555555556 0.625 0.7430555555555556
0 0.565625 0.45277777777777795 0.5046875 0.45277777777777795 0.5046875 0.5916666666666668 0.565625 0.5916666666666668
0 0.546875 0.8111111111111111 0.51484375 0.8111111111111111 0.51484375 0.875 0.546875 0.875
0 0.475 0.702777777777778 0.43671875 0.702777777777778 0.43671875 0.7902777777777777 0.475 0.7902777777777777
0 0.40859375 0.7722222222222223 0.3765625000000001 0.7722222222222223 0.3765625000000001 0.8305555555555556 0.40859375 0.8305555555555556
0 0.3820312500000001 0.6875000000000001 0.3468750000000001 0.6875 0.3468750000000001 0.7597222222222222 0.3820312500000001 0.7597222222222222
0 0.3515625000000001 0.7583333333333333 0.3226562500000001 0.7583333333333333 0.3226562500000001 0.8208333333333333 0.3515625000000001 0.8208333333333333
0 0.31718750000000007 0.75 0.2929687500000001 0.75 0.2929687500000001 0.8041666666666667 0.31718750000000007 0.8041666666666667
0 0.40625 0.5958333333333334 0.3609375 0.5958333333333333 0.3609375 0.6944444444444445 0.40625 0.6944444444444446
0 0.24375000000000008 0.6819444444444445 0.21093750000000008 0.6819444444444445 0.21093750000000008 0.75 0.24375000000000008 0.75
0 0.31718750000000007 0.6291666666666667 0.28359375 0.6291666666666667 0.28359375000000003 0.6986111111111111 0.31718750000000007 0.6986111111111111
0 0.26953125000000006 0.6333333333333333 0.23359375 0.6333333333333333 0.23359375000000004 0.7041666666666667 0.2695312500000001 0.7041666666666667
0 0.23359375000000004 0.6277777777777778 0.2015625 0.6277777777777778 0.20156250000000003 0.6888888888888889 0.2335937500000001 0.6888888888888889
0 0.5125 0.7736111111111111 0.47890625 0.7736111111111111 0.47890625 0.8444444444444444 0.5125 0.8444444444444444
0 0.459375 0.775 0.428125 0.775 0.428125 0.8361111111111111 0.459375 0.8361111111111111
0 0.43125 0.7222222222222222 0.3968750000000001 0.7222222222222222 0.3968750000000001 0.7888888888888889 0.43125 0.7888888888888889
0 0.3304687500000001 0.6944444444444444 0.2984375000000001 0.6944444444444444 0.2984375000000001 0.7597222222222222 0.3304687500000001 0.7597222222222222
0 0.23046875 0.5472222222222223 0.19140625000000006 0.5472222222222223 0.19140625000000006 0.6277777777777778 0.23046875 0.6277777777777778
0 0.16093750000000004 0.5736111111111111 0.12734375000000003 0.5736111111111111 0.12734375000000003 0.6430555555555556 0.16093750000000004 0.6430555555555556
0 0.19375000000000003 0.5555555555555556 0.16093750000000004 0.5555555555555556 0.16093750000000004 0.6222222222222222 0.19375000000000003 0.6222222222222222
0 0.3062500000000001 0.6972222222222222 0.27421875000000007 0.6972222222222222 0.27421875000000007 0.7625 0.3062500000000001 0.7625
