0 0.80625 0.2555555555555557 0.7609375 0.2555555555555557 0.7609375 0.3319444444444446 0.80625 0.3319444444444446
0 0.721875 0.25277777777777793 0.690625 0.25277777777777793 0.690625 0.3236111111111113 0.721875 0.3236111111111113
0 0.67265625 0.22500000000000014 0.634375 0.22500000000000014 0.634375 0.30138888888888904 0.67265625 0.30138888888888904
0 0.7078125 0.2944444444444446 0.6640625 0.2944444444444446 0.6640625 0.38472222222222235 0.7078125 0.38472222222222235
0 0.634375 0.2805555555555557 0.58984375 0.2805555555555557 0.58984375 0.3694444444444446 0.634375 0.3694444444444446
0 0.5640625 0.4194444444444446 0.509375 0.4194444444444446 0.509375 0.5500000000000002 0.5640625 0.5500000000000002
0 0.565625 0.13611111111111124 0.53671875 0.13611111111111124 0.53671875 0.19444444444444456 0.565625 0.19444444444444461
0 0.48828125 0.20555555555555563 0.45390625 0.20555555555555563 0.45390625 0.2875000000000001 0.48828125 0.2875000000000001
0 0.425 0.15277777777777785 0.3953125 0.15277777777777785 0.3953125 0.20694444444444451 0.425 0.20694444444444451
0 0.39453125 0.21944444444444453 0.3625 0.21944444444444453 0.3625 0.2875000000000001 0.39453125 0.2875000000000001
0 0.36796875 0.15277777777777785 0.3421875 0.15277777777777785 0.3421875 0.2111111111111112 0.36796875 0.2111111111111112
0 0.3328125 0.1625000000000001 0.31171875 0.1625000000000001 0.31171875 0.21388888888888896 0.3328125 0.21388888888888896
0 0.41328125 0.288888888888889 0.37265625 0.288888888888889 0.37265625 0.3819444444444446 0.41328125 0.3819444444444446
0 0.25625 0.20277777777777786 0.2265625 0.20277777777777786 0.2265625 0.2666666666666667 0.25625 0.2666666666666667
0 0.3265625 0.26805555555555566 0.29609375 0.26805555555555566 0.29609375 0.33194444444444454 0.3265625 0.33194444444444454
0 0.27890625 0.2527777777777779 0.24609375 0.2527777777777779 0.24609375 0.31944444444444453 0.27890625 0.31944444444444453
0 0.24296875 0.26250000000000007 0.21328125 0.26250000000000007 0.21328125 0.31944444444444453 0.24296875 0.31944444444444453
0 0.52890625 0.15972222222222235 0.4984375 0.15972222222222235 0.4984375 0.2250000000000001 0.52890625 0.2250000000000001
0 0.4765625 0.15694444444444455 0.44765625 0.15694444444444453 0.44765625 0.21388888888888896 0.4765625 0.21388888888888896
0 0.4453125 0.20000000000000007 0.4140625 0.20000000000000007 0.4140625 0.2611111111111112 0.4453125 0.2611111111111112
0 0.34296875 0.2097222222222223 0.3140625 0.2097222222222223 0.3140625 0.2708333333333334 0.34296875 0.2708333333333334
0 0.23515625 0.3222222222222223 0.2 0.3222222222222223 0.2 0.3972222222222222 0.23515625 0.3972222222222222
0 0.16718750000000002 0.29444444444444445 0.13671875 0.29444444444444445 0.13671875000000003 0.3597222222222222 0.16718750000000004 0.3597222222222222
0 0.19921875000000003 0.32083333333333336 0.16953125 0.32083333333333336 0.16953125000000002 0.38333333333333336 0.19921875000000006 0.38333333333333336
0 0.31953125 0.20277777777777786 0.290625 0.20277777777777786 0.290625 0.26388888888888895 0.31953125 0.26388888888888895
