0 0.796875 0.2097222222222224 0.7484375 0.2097222222222224 0.7484375 0.29166666666666685 0.796875 0.29166666666666685
0 0.71171875 0.2208333333333335 0.67734375 0.2208333333333335 0.67734375 0.2958333333333335 0.71171875 0.2958333333333335
0 0.66171875 0.20000000000000015 0.6203125 0.20000000000000015 0.6203125 0.2805555555555557 0.66171875 0.2805555555555557
0 0.7015625 0.26388888888888906 0.65390625 0.26388888888888906 0.65390625 0.3597222222222224 0.7015625 0.3597222222222224
0 0.62734375 0.2611111111111113 0.57890625 0.2611111111111113 0.57890625 0.35555555555555574 0.62734375 0.35555555555555574
0 0.565625 0.41111111111111126 0.50546875 0.41111111111111126 0.50546875 0.5486111111111113 0.565625 0.5486111111111113
0 0.55 0.126388888888889 0.51875 0.126388888888889 0.51875 0.188888888888889 0.55 0.18888888888888905
0 0.47734375 0.2097222222222223 0.43984375 0.2097222222222223 0.43984375 0.2958333333333334 0.47734375 0.2958333333333334
0 0.4109375 0.16666666666666674 0.3796875 0.16666666666666674 0.3796875 0.22361111111111118 0.4109375 0.22361111111111118
0 0.384375 0.23750000000000007 0.35 0.23750000000000007 0.35 0.3097222222222223 0.384375 0.3097222222222223
0 0.35390625 0.17500000000000007 0.32578125 0.17500000000000007 0.32578125 0.2361111111111112 0.35390625 0.2361111111111112
0 0.31953125 0.19027777777777785 0.29609375 0.19027777777777785 0.29609375 0.24444444444444452 0.31953125 0.24444444444444452
0 0.4078125 0.30416666666666675 0.36328125 0.30416666666666675 0.36328125 0.4013888888888891 0.4078125 0.4013888888888891
0 0.24609375 0.24305555555555564 0.21328125 0.24305555555555564 0.21328125 0.3097222222222223 0.24609375 0.3097222222222223
0 0.31953125 0.2958333333333334 0.2859375 0.2958333333333334 0.2859375 0.3638888888888889 0.31953125 0.3638888888888889
0 0.27109375 0.288888888888889 0.2359375 0.288888888888889 0.2359375 0.3597222222222222 0.27109375 0.3597222222222222
0 0.23515625 0.30416666666666675 0.203125 0.30416666666666675 0.203125 0.3638888888888889 0.23515625 0.3638888888888889
0 0.515625 0.15694444444444455 0.4828125 0.15694444444444455 0.4828125 0.22638888888888897 0.515625 0.22638888888888897
0 0.4625 0.1625000000000001 0.43125 0.1625000000000001 0.43125 0.2222222222222223 0.4625 0.2222222222222223
0 0.43359375 0.2097222222222223 0.4 0.2097222222222223 0.4 0.2750000000000001 0.43359375 0.2750000000000001
0 0.33203125 0.2347222222222223 0.30078125 0.2347222222222223 0.30078125 0.3000000000000001 0.33203125 0.3000000000000001
0 0.23125 0.3638888888888889 0.19296875000000005 0.3638888888888889 0.19296875000000005 0.4444444444444444 0.23125 0.4444444444444444
0 0.16171875000000005 0.3472222222222222 0.12890625000000006 0.3472222222222222 0.12890625000000006 0.4166666666666667 0.16171875000000005 0.4166666666666667
0 0.19453125000000004 0.3680555555555556 0.16250000000000003 0.3680555555555556 0.16250000000000003 0.43472222222222223 0.19453125000000004 0.43472222222222223
0 0.30859375 0.23194444444444454 0.2765625 0.23194444444444454 0.2765625 0.2972222222222223 0.30859375 0.2972222222222223
