0 0.23046875 0.2930555555555556 0.1875 0.2930555555555556 0.18750000000000003 0.3638888888888889 0.23046875 0.3638888888888889
0 0.30078125 0.2805555555555556 0.271875 0.2805555555555556 0.271875 0.3486111111111112 0.30078125 0.3486111111111112
0 0.35546875 0.2458333333333334 0.3203125 0.2458333333333334 0.3203125 0.31805555555555565 0.35546875 0.31805555555555565
0 0.328125 0.3208333333333334 0.28828125 0.3208333333333334 0.28828125 0.40555555555555556 0.328125 0.40555555555555556
0 0.40234375 0.2972222222222223 0.3609375 0.2972222222222223 0.3609375 0.38055555555555565 0.40234375 0.3805555555555557
0 0.48828125 0.42638888888888904 0.43828125 0.42638888888888904 0.43828125 0.5527777777777779 0.48828125 0.5527777777777779
0 0.44921875 0.14444444444444451 0.42265625 0.14444444444444451 0.42265625 0.20000000000000007 0.44921875 0.20000000000000007
0 0.53515625 0.20416666666666675 0.50390625 0.20416666666666675 0.50390625 0.28333333333333344 0.53515625 0.28333333333333344
0 0.590625 0.14444444444444457 0.56328125 0.14444444444444457 0.56328125 0.19444444444444461 0.590625 0.19444444444444461
0 0.6265625 0.2069444444444446 0.596875 0.2069444444444446 0.596875 0.2708333333333335 0.6265625 0.2708333333333335
0 0.64453125 0.13611111111111124 0.62109375 0.13611111111111124 0.62109375 0.19166666666666682 0.64453125 0.19166666666666682
0 0.675 0.1430555555555557 0.65546875 0.1430555555555557 0.65546875 0.19166666666666682 0.675 0.19166666666666682
0 0.61875 0.27777777777777796 0.58203125 0.27777777777777796 0.58203125 0.3666666666666668 0.61875 0.3666666666666668
0 0.76171875 0.1722222222222224 0.734375 0.1722222222222224 0.734375 0.2333333333333335 0.76171875 0.2333333333333335
0 0.69453125 0.2458333333333335 0.66640625 0.2458333333333335 0.66640625 0.3069444444444446 0.69453125 0.3069444444444446
0 0.74375 0.22500000000000014 0.71328125 0.22500000000000014 0.71328125 0.28750000000000014 0.74375 0.28750000000000014
0 0.77734375 0.2305555555555557 0.74921875 0.2305555555555557 0.74921875 0.2833333333333335 0.77734375 0.2833333333333335
0 0.48828125 0.16250000000000012 0.46015625 0.16250000000000012 0.46015625 0.2250000000000001 0.48828125 0.2250000000000001
0 0.5390625 0.15416666666666679 0.5125 0.15416666666666679 0.5125 0.20833333333333343 0.5390625 0.20833333333333343
0 0.57421875 0.1930555555555557 0.5453125 0.1930555555555557 0.5453125 0.25138888888888905 0.57421875 0.25138888888888905
0 0.67421875 0.19027777777777793 0.64765625 0.19027777777777793 0.64765625 0.24722222222222237 0.67421875 0.24722222222222237
0 0.7921875 0.28888888888888903 0.76015625 0.28888888888888903 0.76015625 0.36111111111111127 0.7921875 0.36111111111111127
0 0.85390625 0.25277777777777793 0.8265625 0.25277777777777793 0.8265625 0.31527777777777793 0.85390625 0.31527777777777793
0 0.82265625 0.2833333333333335 0.79609375 0.2833333333333335 0.79609375 0.3430555555555557 0.82265625 0.3430555555555557
0 0.69765625 0.17916666666666684 0.67109375 0.17916666666666684 0.67109375 0.23750000000000016 0.69765625 0.23750000000000016
