0 0.82890625 0.38888888888888906 0.7796875 0.38888888888888906 0.7796875 0.47361111111111126 0.82890625 0.47361111111111126
0 0.746875 0.3527777777777779 0.71171875 0.3527777777777779 0.71171875 0.4291666666666668 0.746875 0.4291666666666668
0 0.70390625 0.30000000000000016 0.6609375 0.30000000000000016 0.6609375 0.3819444444444446 0.70390625 0.3819444444444446
0 0.72734375 0.3819444444444446 0.67890625 0.3819444444444446 0.67890625 0.47916666666666685 0.72734375 0.47916666666666685
0 0.65859375 0.33472222222222237 0.609375 0.33472222222222237 0.609375 0.4305555555555557 0.65859375 0.4305555555555557
0 0.56875 0.4319444444444446 0.50625 0.4319444444444446 0.50625 0.5722222222222224 0.56875 0.5722222222222224
0 0.61484375 0.16805555555555568 0.58203125 0.16805555555555568 0.58203125 0.2319444444444446 0.61484375 0.2319444444444446
0 0.528125 0.19861111111111118 0.4890625 0.19861111111111118 0.4890625 0.2861111111111112 0.528125 0.2861111111111112
0 0.47578125 0.12083333333333343 0.44375 0.12083333333333342 0.44375 0.17916666666666675 0.47578125 0.17916666666666675
0 0.43671875 0.16944444444444454 0.40078125 0.16944444444444454 0.40078125 0.24305555555555564 0.43671875 0.24305555555555564
0 0.4203125 0.09444444444444453 0.39140625 0.09444444444444453 0.39140625 0.15694444444444453 0.4203125 0.15694444444444453
0 0.3859375 0.09027777777777786 0.36171875 0.09027777777777786 0.36171875 0.14583333333333343 0.3859375 0.14583333333333343
0 0.44375 0.24166666666666675 0.39765625 0.24166666666666675 0.39765625 0.34166666666666673 0.44375 0.34166666666666673
0 0.30546875 0.09027777777777783 0.271875 0.09027777777777782 0.271875 0.15833333333333338 0.30546875 0.1583333333333334
0 0.3640625 0.1847222222222223 0.3296875 0.1847222222222223 0.3296875 0.25416666666666676 0.3640625 0.25416666666666676
0 0.3203125 0.1486111111111112 0.284375 0.1486111111111112 0.284375 0.2208333333333334 0.3203125 0.2208333333333334
0 0.284375 0.14166666666666672 0.2515625 0.14166666666666672 0.2515625 0.20277777777777786 0.284375 0.20277777777777786
0 0.57578125 0.17361111111111122 0.54140625 0.17361111111111122 0.54140625 0.24444444444444458 0.57578125 0.2444444444444446
0 0.525 0.14861111111111122 0.49296875 0.14861111111111122 0.49296875 0.2097222222222223 0.525 0.2097222222222223
0 0.48828125 0.17361111111111122 0.45390625 0.17361111111111122 0.45390625 0.24027777777777787 0.48828125 0.24027777777777787
0 0.38828125 0.13750000000000007 0.35625 0.13750000000000007 0.35625 0.20277777777777786 0.38828125 0.20277777777777786
0 0.26796875 0.19305555555555565 0.228125 0.19305555555555565 0.228125 0.2750000000000001 0.26796875 0.2750000000000001
0 0.20625 0.13750000000000004 0.171875 0.13750000000000004 0.171875 0.20833333333333337 0.20625 0.20833333333333343
0 0.2328125 0.17777777777777787 0.2 0.17777777777777787 0.2 0.2458333333333334 0.2328125 0.2458333333333334
0 0.36640625 0.11805555555555564 0.33359375 0.11805555555555564 0.33359375 0.1847222222222223 0.36640625 0.1847222222222223
