0 0.2265625 0.31250000000000006 0.184375 0.31250000000000006 0.184375 0.38333333333333336 0.2265625 0.38333333333333336
0 0.29765625 0.28333333333333344 0.271875 0.28333333333333344 0.271875 0.34583333333333344 0.29765625 0.34583333333333344
0 0.3515625 0.25000000000000006 0.315625 0.25000000000000006 0.315625 0.3222222222222223 0.3515625 0.3222222222222223
0 0.32578125 0.31944444444444453 0.28515625 0.31944444444444453 0.28515625 0.40555555555555556 0.32578125 0.40555555555555556
0 0.40234375 0.2972222222222223 0.36171875 0.2972222222222223 0.36171875 0.38055555555555565 0.40234375 0.3805555555555557
0 0.48828125 0.42638888888888904 0.43828125 0.42638888888888904 0.43828125 0.5527777777777779 0.48828125 0.5527777777777779
0 0.44921875 0.13333333333333341 0.42265625 0.13333333333333341 0.42265625 0.19027777777777785 0.44921875 0.19027777777777785
0 0.5234375 0.19027777777777785 0.4984375 0.19027777777777785 0.4984375 0.26250000000000007 0.5234375 0.26250000000000007
0 0.58671875 0.14444444444444457 0.559375 0.14444444444444457 0.559375 0.19444444444444461 0.58671875 0.19444444444444461
0 0.63671875 0.2166666666666668 0.6078125 0.2166666666666668 0.6078125 0.2819444444444446 0.63671875 0.2819444444444446
0 0.64453125 0.13611111111111124 0.62109375 0.13611111111111124 0.62109375 0.19166666666666682 0.64453125 0.19166666666666682
0 0.67265625 0.1444444444444446 0.6484375 0.1444444444444446 0.6484375 0.19861111111111127 0.67265625 0.19861111111111127
0 0.6125 0.26666666666666683 0.575 0.26666666666666683 0.575 0.35416666666666685 0.6125 0.35416666666666685
0 0.76171875 0.1722222222222224 0.734375 0.1722222222222224 0.734375 0.2333333333333335 0.76171875 0.2333333333333335
0 0.69453125 0.2347222222222224 0.66640625 0.2347222222222224 0.66640625 0.2958333333333335 0.69453125 0.2958333333333335
0 0.6765625 0.1930555555555557 0.65 0.1930555555555557 0.65 0.24166666666666684 0.6765625 0.24166666666666684
0 0.784375 0.23750000000000016 0.75703125 0.23750000000000016 0.75703125 0.2902777777777779 0.784375 0.2902777777777779
0 0.48515625 0.1666666666666668 0.4578125 0.1666666666666668 0.4578125 0.22916666666666674 0.48515625 0.22916666666666674
0 0.5390625 0.15416666666666679 0.5125 0.15416666666666679 0.5125 0.20833333333333343 0.5390625 0.20833333333333343
0 0.5875 0.1930555555555557 0.5453125 0.1930555555555557 0.5453125 0.29166666666666685 0.5875 0.29166666666666685
0 0.496875 0.126388888888889 0.475 0.126388888888889 0.475 0.1833333333333334 0.496875 0.1833333333333334
0 0.78671875 0.28888888888888903 0.75390625 0.28888888888888903 0.75390625 0.36111111111111127 0.78671875 0.36111111111111127
0 0.85390625 0.25972222222222235 0.8265625 0.25972222222222235 0.8265625 0.32083333333333347 0.85390625 0.32083333333333347
0 0.82265625 0.2833333333333335 0.79609375 0.2833333333333335 0.79609375 0.3430555555555557 0.82265625 0.3430555555555557
0 0.66328125 0.2694444444444446 0.6359375 0.2694444444444446 0.6359375 0.32777777777777795 0.66328125 0.32777777777777795
0 0.71953125 0.18888888888888905 0.69375 0.18888888888888905 0.69375 0.23888888888888904 0.71953125 0.23888888888888904
0 0.7546875 0.23888888888888904 0.72890625 0.23888888888888904 0.72890625 0.30000000000000016 0.7546875 0.30000000000000016