0 0.2492187500000001 0.6986111111111111 0.20078125000000008 0.6986111111111111 0.20078125000000008 0.7819444444444444 0.2492187500000001 0.7819444444444444
0 0.3226562500000001 0.7152777777777778 0.2906250000000001 0.7152777777777778 0.2906250000000001 0.7847222222222222 0.3226562500000001 0.7847222222222222
0 0.3781250000000001 0.7222222222222222 0.3359375000000001 0.7222222222222222 0.3359375000000001 0.8041666666666667 0.3781250000000001 0.8041666666666667
0 0.3460937500000001 0.6472222222222223 0.29765625000000007 0.6472222222222223 0.29765625000000007 0.7444444444444445 0.3460937500000001 0.7444444444444445
0 0.42421875 0.6472222222222224 0.37578125000000007 0.6472222222222224 0.37578125000000007 0.7430555555555556 0.42421875 0.7430555555555556
0 0.4953125 0.45277777777777795 0.434375 0.45277777777777795 0.434375 0.5916666666666668 0.4953125 0.5916666666666668
0 0.4859375 0.8208333333333333 0.45390625 0.8208333333333333 0.45390625 0.8847222222222222 0.4859375 0.8847222222222222
0 0.55390625 0.7277777777777777 0.521875 0.7277777777777777 0.521875 0.8055555555555556 0.55390625 0.8055555555555556
0 0.6203125 0.7736111111111111 0.58828125 0.7736111111111111 0.58828125 0.8319444444444445 0.6203125 0.8319444444444445
0 0.6625 0.6736111111111113 0.62734375 0.6736111111111113 0.62734375 0.7458333333333333 0.6625 0.7458333333333333
0 0.678125 0.7583333333333333 0.64921875 0.7583333333333333 0.64921875 0.8208333333333333 0.678125 0.8208333333333333
0 0.70546875 0.7444444444444445 0.67578125 0.7444444444444445 0.67578125 0.8041666666666667 0.70546875 0.8041666666666667
0 0.63359375 0.6083333333333335 0.58828125 0.6083333333333335 0.58828125 0.7069444444444446 0.63359375 0.7069444444444446
0 0.78984375 0.6819444444444446 0.75703125 0.6819444444444446 0.75703125 0.7500000000000003 0.78984375 0.7500000000000003
0 0.7171875 0.6416666666666668 0.68359375 0.6416666666666668 0.68359375 0.7111111111111111 0.7171875 0.7111111111111111
0 0.7046875 0.7000000000000002 0.6734375 0.7000000000000002 0.6734375 0.7569444444444444 0.7046875 0.7569444444444444
0 0.80546875 0.6194444444444446 0.7734375 0.6194444444444446 0.7734375 0.6805555555555557 0.80546875 0.6805555555555557
0 0.51875 0.7722222222222223 0.48515625 0.7722222222222223 0.48515625 0.8430555555555556 0.51875 0.8430555555555556
0 0.57265625 0.775 0.54140625 0.775 0.54140625 0.8361111111111111 0.57265625 0.8361111111111111
0 0.61640625 0.6791666666666668 0.565625 0.6791666666666668 0.565625 0.7888888888888889 0.61640625 0.7888888888888889
0 0.53359375 0.8138888888888889 0.50703125 0.8138888888888889 0.50703125 0.8763888888888889 0.53359375 0.8763888888888889
0 0.803125 0.5486111111111113 0.7640625 0.5486111111111113 0.7640625 0.6291666666666669 0.803125 0.6291666666666669
0 0.87265625 0.5666666666666669 0.8390625 0.5666666666666669 0.8390625 0.6361111111111113 0.87265625 0.6361111111111113
0 0.83984375 0.5555555555555557 0.80703125 0.5555555555555557 0.80703125 0.6222222222222223 0.83984375 0.6222222222222223
0 0.68359375 0.6194444444444446 0.6515625 0.6194444444444446 0.6515625 0.6847222222222223 0.68359375 0.6847222222222223
0 0.746875 0.690277777777778 0.7171875 0.690277777777778 0.7171875 0.7472222222222223 0.746875 0.7472222222222226
0 0.7765625 0.6194444444444446 0.7453125 0.6194444444444446 0.7453125 0.6861111111111112 0.7765625 0.6861111111111112