0 0.2515625000000001 0.7069444444444445 0.2023437500000001 0.7069444444444445 0.2023437500000001 0.7916666666666666 0.2515625000000001 0.7916666666666666
0 0.32500000000000007 0.7208333333333333 0.2929687500000001 0.7208333333333333 0.2929687500000001 0.7902777777777777 0.32500000000000007 0.7902777777777777
0 0.3812500000000001 0.7263888888888889 0.3382812500000001 0.7263888888888889 0.3382812500000001 0.8083333333333333 0.3812500000000001 0.8083333333333333
0 0.34843750000000007 0.6527777777777778 0.3000000000000001 0.6527777777777778 0.3000000000000001 0.75 0.34843750000000007 0.75
0 0.4265625 0.6500000000000001 0.3773437500000001 0.6500000000000001 0.3773437500000001 0.7458333333333333 0.4265625 0.7458333333333333
0 0.49609375 0.45277777777777795 0.43359375 0.45277777777777795 0.43359375 0.5930555555555557 0.49609375 0.5930555555555557
0 0.48984375 0.8222222222222222 0.45703125 0.8222222222222222 0.45703125 0.8861111111111111 0.48984375 0.8861111111111111
0 0.55703125 0.725 0.52421875 0.725 0.52421875 0.8041666666666667 0.55703125 0.8041666666666667
0 0.6234375 0.7708333333333334 0.59140625 0.7708333333333334 0.59140625 0.8291666666666667 0.6234375 0.8291666666666667
0 0.66484375 0.6680555555555557 0.62890625 0.6680555555555557 0.62890625 0.7416666666666667 0.66484375 0.7416666666666667
0 0.68046875 0.7541666666666667 0.6515625 0.7541666666666667 0.6515625 0.8166666666666667 0.68046875 0.8166666666666667
0 0.7078125 0.7375 0.678125 0.7375 0.678125 0.7986111111111112 0.7078125 0.7986111111111112
0 0.6359375 0.6041666666666669 0.58984375 0.6041666666666669 0.58984375 0.7041666666666668 0.6359375 0.7041666666666668
0 0.7921875 0.6736111111111113 0.75859375 0.6736111111111113 0.75859375 0.741666666666667 0.7921875 0.741666666666667
0 0.71953125 0.6347222222222224 0.68515625 0.6347222222222224 0.68515625 0.7041666666666668 0.71953125 0.7041666666666668
0 0.70703125 0.6944444444444446 0.67578125 0.6944444444444446 0.67578125 0.7513888888888889 0.70703125 0.7513888888888889
0 0.8078125 0.6097222222222224 0.775 0.6097222222222224 0.775 0.6708333333333335 0.8078125 0.6708333333333335
0 0.521875 0.7722222222222223 0.4875 0.7722222222222223 0.4875 0.8430555555555556 0.521875 0.8430555555555556
0 0.57578125 0.7736111111111111 0.54375 0.7736111111111111 0.54375 0.8347222222222223 0.57578125 0.8347222222222223
0 0.61875 0.6750000000000002 0.5671875 0.6750000000000002 0.5671875 0.7861111111111111 0.61875 0.7861111111111111
0 0.5375 0.8125 0.51015625 0.8125 0.51015625 0.875 0.5375 0.875
0 0.80390625 0.540277777777778 0.7640625 0.540277777777778 0.7640625 0.6222222222222223 0.80390625 0.6222222222222223
0 0.87421875 0.5555555555555557 0.83984375 0.5555555555555557 0.83984375 0.626388888888889 0.87421875 0.626388888888889
0 0.840625 0.5444444444444446 0.8078125 0.5444444444444446 0.8078125 0.6125000000000002 0.840625 0.6125000000000002
0 0.68515625 0.613888888888889 0.65234375 0.613888888888889 0.65234375 0.6805555555555557 0.68515625 0.6805555555555557
0 0.74921875 0.6833333333333335 0.71875 0.6833333333333335 0.71875 0.7402777777777779 0.74921875 0.7402777777777781
0 0.778125 0.6111111111111113 0.74609375 0.6111111111111113 0.74609375 0.6791666666666668 0.778125 0.6791666666666668