0 0.82421875 0.5666666666666669 0.778125 0.5666666666666669 0.778125 0.6444444444444446 0.82421875 0.6444444444444446
0 0.73828125 0.6194444444444446 0.709375 0.6194444444444446 0.709375 0.6847222222222223 0.73828125 0.6847222222222223
0 0.71875 0.5527777777777779 0.67421875 0.5527777777777779 0.67421875 0.6444444444444446 0.71875 0.6444444444444446
0 0.6484375 0.5972222222222224 0.603125 0.5972222222222224 0.603125 0.6875000000000001 0.6484375 0.6875000000000001
0 0.578125 0.45416666666666683 0.51484375 0.45416666666666683 0.51484375 0.5819444444444446 0.578125 0.5819444444444446
0 0.5953125 0.7972222222222223 0.565625 0.7972222222222223 0.565625 0.8569444444444444 0.5953125 0.8569444444444444
0 0.51328125 0.7361111111111112 0.478125 0.7361111111111112 0.478125 0.8083333333333333 0.51328125 0.8083333333333333
0 0.45859375 0.8138888888888889 0.42890625 0.8138888888888889 0.42890625 0.8680555555555556 0.45859375 0.8680555555555556
0 0.40625 0.7347222222222223 0.3742187500000001 0.7347222222222223 0.3742187500000001 0.8041666666666667 0.40625 0.8041666666666667
0 0.3976562500000001 0.825 0.3710937500000001 0.825 0.3710937500000001 0.8847222222222222 0.3976562500000001 0.8847222222222222
0 0.3671875000000001 0.8263888888888888 0.3398437500000001 0.8263888888888888 0.3398437500000001 0.8833333333333333 0.3671875000000001 0.8833333333333333
0 0.4296875 0.6569444444444446 0.3882812500000001 0.6569444444444446 0.3882812500000001 0.7513888888888889 0.4296875 0.7513888888888889
0 0.2828125000000001 0.8027777777777778 0.2523437500000001 0.8027777777777778 0.2523437500000001 0.8666666666666667 0.2828125000000001 0.8666666666666667
0 0.3476562500000001 0.7291666666666666 0.3164062500000001 0.7291666666666666 0.3164062500000001 0.7944444444444444 0.3476562500000001 0.7944444444444444
0 0.3648437500000001 0.7833333333333333 0.3359375000000001 0.7833333333333333 0.3359375000000001 0.8361111111111111 0.3648437500000001 0.8361111111111111
0 0.2570312500000001 0.7486111111111111 0.2273437500000001 0.7486111111111111 0.2273437500000001 0.8055555555555556 0.2570312500000001 0.8055555555555556
0 0.559375 0.7638888888888888 0.528125 0.7638888888888888 0.528125 0.8305555555555556 0.559375 0.8305555555555556
0 0.5046875 0.7930555555555555 0.47578125 0.7930555555555555 0.47578125 0.85 0.5046875 0.85
0 0.46953125 0.7152777777777778 0.4234375 0.7152777777777778 0.4234375 0.8194444444444444 0.46953125 0.8194444444444444
0 0.53984375 0.8013888888888889 0.515625 0.8013888888888889 0.515625 0.8611111111111112 0.53984375 0.8611111111111112
0 0.2578125000000001 0.6791666666666667 0.2218750000000001 0.6791666666666667 0.2218750000000001 0.7555555555555555 0.2578125000000001 0.7555555555555555
0 0.18671875000000004 0.7291666666666666 0.15625000000000006 0.7291666666666666 0.15625000000000006 0.7944444444444444 0.18671875000000004 0.7944444444444444
0 0.2156250000000001 0.7027777777777777 0.18593750000000003 0.7027777777777777 0.18593750000000003 0.7666666666666667 0.2156250000000001 0.7666666666666667
0 0.37578125000000007 0.6930555555555556 0.3460937500000001 0.6930555555555555 0.3460937500000001 0.7555555555555555 0.37578125000000007 0.7555555555555555
0 0.3335937500000001 0.8027777777777778 0.3062500000000001 0.8027777777777778 0.3062500000000001 0.8555555555555555 0.3335937500000001 0.8555555555555555
0 0.2851562500000001 0.7361111111111112 0.2562500000000001 0.7361111111111112 0.2562500000000001 0.8 0.2851562500000001 0.8