0 0.24140625 0.2458333333333334 0.19453125 0.2458333333333334 0.19453125000000002 0.32500000000000007 0.24140625 0.32500000000000007
0 0.31484375 0.2361111111111112 0.284375 0.2361111111111112 0.284375 0.30277777777777787 0.31484375 0.30277777777777787
0 0.34296875 0.2861111111111112 0.296875 0.2861111111111112 0.296875 0.37916666666666665 0.34296875 0.37916666666666665
0 0.4171875 0.26944444444444454 0.3703125 0.26944444444444454 0.3703125 0.36111111111111127 0.4171875 0.36111111111111127
0 0.50234375 0.4305555555555557 0.43671875 0.4305555555555557 0.43671875 0.5625000000000001 0.50234375 0.5625000000000001
0 0.475 0.12083333333333343 0.44453125 0.12083333333333342 0.44453125 0.18194444444444452 0.475 0.18194444444444452
0 0.546875 0.1875000000000001 0.51015625 0.18750000000000008 0.51015625 0.26111111111111124 0.546875 0.2611111111111113
0 0.6109375 0.16111111111111123 0.58046875 0.16111111111111123 0.58046875 0.2166666666666668 0.6109375 0.2166666666666668
0 0.65546875 0.24305555555555572 0.621875 0.24305555555555572 0.621875 0.31388888888888905 0.65546875 0.31388888888888905
0 0.66875 0.16527777777777794 0.64140625 0.16527777777777794 0.64140625 0.22500000000000014 0.66875 0.22500000000000014
0 0.69921875 0.17916666666666684 0.67109375 0.17916666666666684 0.67109375 0.23750000000000016 0.69921875 0.23750000000000016
0 0.6328125 0.30000000000000016 0.58984375 0.30000000000000016 0.58984375 0.3958333333333335 0.6328125 0.3958333333333335
0 0.78203125 0.22638888888888906 0.75078125 0.22638888888888906 0.75078125 0.29166666666666685 0.78203125 0.29166666666666685
0 0.7109375 0.27361111111111125 0.678125 0.27361111111111125 0.678125 0.35555555555555574 0.7109375 0.35555555555555574
0 0.696875 0.22500000000000014 0.6671875 0.22500000000000014 0.6671875 0.27916666666666684 0.696875 0.27916666666666684
0 0.80078125 0.2958333333333335 0.76953125 0.2958333333333335 0.76953125 0.35416666666666685 0.80078125 0.35416666666666685
0 0.51328125 0.15972222222222235 0.48125 0.15972222222222235 0.48125 0.22777777777777786 0.51328125 0.22777777777777786
0 0.5625 0.16111111111111123 0.5328125 0.16111111111111123 0.5328125 0.21944444444444455 0.5625 0.2194444444444446
0 0.6078125 0.2055555555555557 0.559375 0.2055555555555557 0.559375 0.31250000000000017 0.6078125 0.31250000000000017
0 0.52421875 0.13611111111111124 0.49921875 0.13611111111111124 0.49921875 0.1972222222222223 0.52421875 0.1972222222222223
0 0.79921875 0.3458333333333335 0.76171875 0.3458333333333335 0.76171875 0.42361111111111127 0.79921875 0.42361111111111127
0 0.86796875 0.3319444444444446 0.8359375 0.3319444444444446 0.8359375 0.40000000000000013 0.86796875 0.40000000000000013
0 0.8359375 0.35000000000000014 0.8046875 0.35000000000000014 0.8046875 0.4152777777777779 0.8359375 0.4152777777777779
0 0.6828125 0.30138888888888904 0.64609375 0.30138888888888904 0.64609375 0.37777777777777793 0.6828125 0.37777777777777793
0 0.72578125 0.2208333333333335 0.69453125 0.2208333333333335 0.69453125 0.28750000000000014 0.72578125 0.28750000000000014
0 0.77109375 0.29166666666666685 0.74140625 0.29166666666666685 0.74140625 0.3569444444444446 0.77109375 0.3569444444444446