0 0.24921875 0.21805555555555564 0.20078125 0.21805555555555564 0.20078125 0.301388888888889 0.24921875 0.301388888888889
0 0.32265625 0.21666666666666676 0.290625 0.21666666666666676 0.290625 0.2861111111111112 0.32265625 0.2861111111111112
0 0.34921875 0.2666666666666667 0.30078125 0.2666666666666667 0.30078125 0.3638888888888889 0.34921875 0.3638888888888889
0 0.42421875 0.2583333333333334 0.37578125 0.2583333333333334 0.37578125 0.35416666666666674 0.42421875 0.35416666666666674
0 0.50390625 0.42638888888888904 0.4359375 0.42638888888888904 0.4359375 0.5625000000000001 0.50390625 0.5625000000000001
0 0.4859375 0.1152777777777779 0.45390625 0.1152777777777779 0.45390625 0.17916666666666675 0.4859375 0.17916666666666675
0 0.55546875 0.188888888888889 0.5171875 0.18888888888888897 0.5171875 0.2652777777777779 0.55546875 0.26527777777777795
0 0.6203125 0.16805555555555568 0.58828125 0.16805555555555568 0.58828125 0.22638888888888906 0.6203125 0.22638888888888906
0 0.6625 0.2555555555555557 0.62734375 0.2555555555555557 0.62734375 0.32777777777777795 0.6625 0.32777777777777795
0 0.678125 0.17916666666666684 0.64921875 0.17916666666666684 0.64921875 0.24166666666666684 0.678125 0.24166666666666684
0 0.70859375 0.1958333333333335 0.67890625 0.1958333333333335 0.67890625 0.2555555555555557 0.70859375 0.2555555555555557
0 0.63828125 0.3097222222222224 0.59296875 0.3097222222222224 0.59296875 0.4083333333333335 0.63828125 0.4083333333333335
0 0.78984375 0.25000000000000017 0.75703125 0.25000000000000017 0.75703125 0.3180555555555557 0.78984375 0.3180555555555557
0 0.7171875 0.2902777777777779 0.68203125 0.2902777777777779 0.68203125 0.37500000000000017 0.7171875 0.37500000000000017
0 0.7046875 0.24027777777777792 0.6734375 0.24027777777777792 0.6734375 0.2972222222222224 0.7046875 0.2972222222222224
0 0.80546875 0.32083333333333347 0.7734375 0.32083333333333347 0.7734375 0.3819444444444446 0.80546875 0.3819444444444446
0 0.52265625 0.15833333333333346 0.4890625 0.15833333333333346 0.4890625 0.22916666666666674 0.52265625 0.22916666666666674
0 0.57265625 0.163888888888889 0.54140625 0.163888888888889 0.54140625 0.22500000000000012 0.57265625 0.22500000000000014
0 0.61640625 0.21250000000000016 0.565625 0.21250000000000016 0.565625 0.32222222222222235 0.61640625 0.32222222222222235
0 0.53515625 0.13611111111111124 0.50859375 0.13611111111111124 0.50859375 0.19861111111111118 0.53515625 0.19861111111111118
0 0.803125 0.3708333333333335 0.7640625 0.3708333333333335 0.7640625 0.45138888888888906 0.803125 0.45138888888888906
0 0.87265625 0.36388888888888904 0.8390625 0.36388888888888904 0.8390625 0.4333333333333335 0.87265625 0.4333333333333335
0 0.83984375 0.3791666666666668 0.80703125 0.3791666666666668 0.80703125 0.44583333333333347 0.83984375 0.44583333333333347
0 0.68828125 0.31527777777777793 0.65 0.31527777777777793 0.65 0.3944444444444446 0.68828125 0.3944444444444446
0 0.73359375 0.24027777777777792 0.70078125 0.24027777777777792 0.70078125 0.3083333333333335 0.73359375 0.3083333333333335
0 0.7765625 0.31527777777777793 0.7453125 0.31527777777777793 0.7453125 0.3819444444444446 0.7765625 0.3819444444444446