0 0.8296875 0.3819444444444446 0.78046875 0.3819444444444446 0.78046875 0.46666666666666684 0.8296875 0.46666666666666684
0 0.75078125 0.3569444444444446 0.71484375 0.3569444444444446 0.71484375 0.42638888888888904 0.75078125 0.42638888888888904
0 0.725 0.39027777777777795 0.6765625 0.39027777777777795 0.6765625 0.48750000000000016 0.725 0.48750000000000016
0 0.6578125 0.33472222222222237 0.60859375 0.33472222222222237 0.60859375 0.4305555555555557 0.6578125 0.4305555555555557
0 0.57109375 0.4416666666666668 0.5015625 0.4416666666666668 0.5015625 0.5791666666666668 0.57109375 0.5791666666666668
0 0.615625 0.15833333333333346 0.5828125 0.15833333333333346 0.5828125 0.22222222222222238 0.615625 0.22222222222222238
0 0.54140625 0.1847222222222223 0.50234375 0.1847222222222223 0.50234375 0.2611111111111112 0.54140625 0.2611111111111112
0 0.4796875 0.12222222222222232 0.44765625 0.1222222222222223 0.44765625 0.18055555555555564 0.4796875 0.18055555555555564
0 0.425 0.17638888888888896 0.3890625 0.17638888888888896 0.3890625 0.25000000000000006 0.425 0.25000000000000006
0 0.4203125 0.09444444444444453 0.39140625 0.09444444444444453 0.39140625 0.15694444444444453 0.4203125 0.15694444444444453
0 0.38984375 0.09027777777777786 0.36015625 0.09027777777777786 0.36015625 0.15138888888888896 0.38984375 0.15138888888888896
0 0.43984375 0.251388888888889 0.39375 0.251388888888889 0.39375 0.351388888888889 0.43984375 0.351388888888889
0 0.30546875 0.09027777777777783 0.271875 0.09027777777777782 0.271875 0.15833333333333338 0.30546875 0.1583333333333334
0 0.365625 0.1736111111111112 0.3296875 0.1736111111111112 0.3296875 0.2583333333333334 0.365625 0.2583333333333334
0 0.3859375 0.13611111111111118 0.3546875 0.13611111111111118 0.3546875 0.19305555555555565 0.3859375 0.19305555555555565
0 0.2765625 0.1458333333333334 0.24375 0.14583333333333337 0.24375 0.20694444444444451 0.2765625 0.20694444444444451
0 0.58046875 0.1819444444444446 0.54609375 0.1819444444444446 0.54609375 0.25277777777777793 0.58046875 0.25277777777777793
0 0.525 0.14861111111111122 0.49296875 0.14861111111111122 0.49296875 0.2097222222222223 0.525 0.2097222222222223
0 0.48828125 0.16944444444444454 0.43671875 0.16944444444444454 0.43671875 0.2805555555555556 0.48828125 0.2805555555555556
0 0.5609375 0.14444444444444457 0.53359375 0.14444444444444457 0.53359375 0.20694444444444457 0.5609375 0.2069444444444446
0 0.25703125 0.23333333333333342 0.2171875 0.23333333333333342 0.2171875 0.3152777777777779 0.25703125 0.3152777777777779
0 0.20625 0.1430555555555556 0.171875 0.1430555555555556 0.171875 0.21388888888888893 0.20625 0.21388888888888896
0 0.2328125 0.17777777777777787 0.2 0.17777777777777787 0.2 0.2458333333333334 0.2328125 0.2458333333333334
0 0.39296875 0.21527777777777785 0.35390625 0.21527777777777785 0.35390625 0.2944444444444445 0.39296875 0.2944444444444445
0 0.359375 0.11666666666666675 0.3265625 0.11666666666666675 0.3265625 0.1861111111111112 0.359375 0.1861111111111112
0 0.30390625 0.15833333333333338 0.271875 0.15833333333333338 0.271875 0.22638888888888897 0.30390625 0.22638888888888897