0 0.77734375 0.741666666666667 0.72578125 0.741666666666667 0.72578125 0.841666666666667 0.77734375 0.841666666666667
0 0.71171875 0.7291666666666666 0.665625 0.7291666666666666 0.665625 0.8125 0.71171875 0.8125
0 0.68828125 0.6527777777777779 0.6359375 0.6527777777777779 0.6359375 0.7486111111111111 0.68828125 0.7486111111111111
0 0.61328125 0.6625000000000002 0.56796875 0.6625000000000002 0.56796875 0.7472222222222222 0.61328125 0.7472222222222222
0 0.57578125 0.4708333333333335 0.50234375 0.4708333333333335 0.50234375 0.6069444444444446 0.57578125 0.6069444444444446
0 0.534375 0.8180555555555555 0.50078125 0.8180555555555555 0.50078125 0.8833333333333333 0.534375 0.8833333333333333
0 0.48203125 0.8097222222222222 0.453125 0.8097222222222222 0.453125 0.8638888888888889 0.48203125 0.8638888888888889
0 0.4625 0.7319444444444444 0.43359375 0.7319444444444444 0.43359375 0.7972222222222223 0.4625 0.7972222222222223
0 0.3960937500000001 0.7625 0.3664062500000001 0.7625 0.3664062500000001 0.8166666666666667 0.3960937500000001 0.8166666666666667
0 0.36406250000000007 0.6416666666666667 0.32734375 0.6416666666666667 0.32734375000000004 0.7166666666666667 0.36406250000000007 0.7166666666666667
0 0.34062500000000007 0.7402777777777778 0.31328125000000007 0.7402777777777778 0.31328125000000007 0.7944444444444444 0.34062500000000007 0.7944444444444444
0 0.30937500000000007 0.7291666666666666 0.2835937500000001 0.7291666666666666 0.2835937500000001 0.7861111111111111 0.30937500000000007 0.7861111111111111
0 0.403125 0.5680555555555556 0.34921875 0.5680555555555555 0.34921875 0.6680555555555556 0.403125 0.6680555555555557
0 0.3148437500000001 0.6777777777777778 0.28593750000000007 0.6777777777777778 0.28593750000000007 0.7347222222222223 0.3148437500000001 0.7347222222222223
0 0.23593750000000005 0.6430555555555556 0.20234375 0.6430555555555556 0.20234375000000004 0.7180555555555556 0.23593750000000008 0.7180555555555556
0 0.30937500000000007 0.5916666666666667 0.26796875 0.5916666666666667 0.26796875000000003 0.6763888888888889 0.30937500000000007 0.6763888888888889
0 0.27109375 0.6236111111111111 0.2375 0.6236111111111111 0.23750000000000004 0.6888888888888889 0.2710937500000001 0.6888888888888889
0 0.23125000000000004 0.5875 0.19609375000000004 0.5875 0.19609375000000004 0.6555555555555556 0.2312500000000001 0.6555555555555556
0 0.49453125 0.7694444444444445 0.46484375 0.7694444444444445 0.46484375 0.8319444444444445 0.49453125 0.8319444444444445
0 0.44921875 0.775 0.4203125 0.775 0.4203125 0.8291666666666667 0.44921875 0.8291666666666667
0 0.421875 0.6819444444444446 0.37187500000000007 0.6819444444444446 0.37187500000000007 0.7847222222222222 0.421875 0.7847222222222222
0 0.2875000000000001 0.6736111111111112 0.2539062500000001 0.6736111111111112 0.2539062500000001 0.7416666666666667 0.2875000000000001 0.7416666666666667
0 0.2234375 0.46944444444444444 0.18671875000000004 0.46944444444444444 0.18671875000000004 0.5430555555555555 0.2234375 0.5430555555555555
0 0.15468750000000003 0.5194444444444445 0.12265625000000005 0.5194444444444445 0.12265625000000005 0.5861111111111111 0.15468750000000003 0.5861111111111111
0 0.19140625000000006 0.5125 0.15625000000000006 0.5125 0.15625000000000006 0.5930555555555556 0.19140625000000006 0.5930555555555556
