0 0.22968750000000004 0.5555555555555556 0.18203125000000003 0.5555555555555556 0.18203125000000003 0.65 0.2296875000000001 0.65
0 0.28984375000000007 0.5875 0.246875 0.5875 0.24687500000000004 0.6652777777777777 0.28984375000000007 0.6652777777777777
0 0.33203125 0.5333333333333333 0.28359375 0.5333333333333333 0.28359375 0.6222222222222222 0.33203125 0.6222222222222222
0 0.39375000000000004 0.5902777777777779 0.35234375 0.5902777777777778 0.35234375000000007 0.6708333333333334 0.3937500000000001 0.6708333333333335
0 0.48984375 0.44583333333333347 0.421875 0.44583333333333347 0.421875 0.5736111111111113 0.48984375 0.5736111111111113
0 0.42578125 0.7833333333333333 0.3945312500000001 0.7833333333333333 0.3945312500000001 0.8458333333333333 0.42578125 0.8458333333333333
0 0.4734375 0.8083333333333333 0.44609375 0.8083333333333333 0.44609375 0.8597222222222223 0.4734375 0.8597222222222223
0 0.50625 0.7486111111111111 0.4796875 0.7486111111111111 0.4796875 0.8111111111111111 0.50625 0.8111111111111111
0 0.5640625 0.8236111111111111 0.5359375 0.8236111111111111 0.5359375 0.8736111111111111 0.5640625 0.8736111111111111
0 0.621875 0.7347222222222223 0.58828125 0.7347222222222223 0.58828125 0.8055555555555556 0.621875 0.8055555555555556
0 0.6171875 0.8375 0.5921875 0.8375 0.5921875 0.8888888888888888 0.6171875 0.8888888888888888
0 0.646875 0.8472222222222222 0.62421875 0.8472222222222222 0.62421875 0.9013888888888889 0.646875 0.9013888888888889
0 0.61484375 0.6444444444444446 0.56484375 0.6444444444444446 0.56484375 0.7375 0.61484375 0.7375
0 0.65546875 0.7972222222222223 0.62890625 0.7972222222222223 0.62890625 0.8513888888888889 0.65546875 0.8513888888888889
0 0.73828125 0.8194444444444446 0.7078125 0.8194444444444444 0.7078125 0.890277777777778 0.73828125 0.8902777777777781
0 0.68671875 0.725 0.64921875 0.725 0.64921875 0.8055555555555556 0.68671875 0.8055555555555556
0 0.7109375 0.7777777777777778 0.6796875 0.7777777777777778 0.6796875 0.8402777777777778 0.7109375 0.8402777777777778
0 0.75625 0.7722222222222224 0.72421875 0.7722222222222223 0.72421875 0.8361111111111112 0.75625 0.8361111111111115
0 0.46953125 0.7625 0.44296875 0.7625 0.44296875 0.8222222222222222 0.46953125 0.8222222222222222
0 0.51015625 0.7986111111111112 0.48359375 0.7986111111111112 0.48359375 0.8486111111111111 0.51015625 0.8486111111111111
0 0.56953125 0.7361111111111112 0.52421875 0.7361111111111112 0.52421875 0.8347222222222223 0.56953125 0.8347222222222223
0 0.68515625 0.8138888888888889 0.65390625 0.8138888888888889 0.65390625 0.8777777777777778 0.68515625 0.8777777777777778
0 0.7890625 0.6680555555555557 0.75546875 0.6680555555555557 0.75546875 0.7375000000000003 0.7890625 0.7375000000000003
0 0.8390625 0.7583333333333336 0.81015625 0.7583333333333336 0.81015625 0.8208333333333336 0.8390625 0.8208333333333336
0 0.80703125 0.7277777777777781 0.77578125 0.7277777777777781 0.77578125 0.8055555555555559 0.80703125 0.8055555555555559
