0 0.23671875 0.28333333333333344 0.19609375 0.28333333333333344 0.19609375 0.3680555555555556 0.23671875 0.3680555555555556
0 0.2984375 0.28333333333333344 0.2609375 0.28333333333333344 0.2609375 0.35277777777777786 0.2984375 0.35277777777777786
0 0.33671875 0.3361111111111112 0.29375 0.3361111111111112 0.29375 0.4152777777777778 0.33671875 0.4152777777777778
0 0.40234375 0.30416666666666675 0.365625 0.30416666666666675 0.365625 0.37638888888888905 0.40234375 0.37638888888888905
0 0.48671875 0.42361111111111127 0.42734375 0.42361111111111127 0.42734375 0.5375000000000002 0.48671875 0.5375000000000002
0 0.44921875 0.13888888888888898 0.421875 0.13888888888888898 0.421875 0.19444444444444453 0.44921875 0.19444444444444453
0 0.49765625 0.13750000000000012 0.47421875 0.13750000000000012 0.47421875 0.1833333333333334 0.49765625 0.1833333333333334
0 0.52578125 0.19305555555555565 0.50390625 0.19305555555555565 0.50390625 0.251388888888889 0.52578125 0.251388888888889
0 0.58828125 0.14583333333333345 0.5640625 0.14583333333333345 0.5640625 0.19027777777777793 0.58828125 0.19027777777777793
0 0.63984375 0.22777777777777794 0.6109375 0.22777777777777794 0.6109375 0.29166666666666685 0.63984375 0.29166666666666685
0 0.64296875 0.14444444444444457 0.62109375 0.14444444444444457 0.62109375 0.19027777777777793 0.64296875 0.19027777777777793
0 0.67265625 0.13750000000000015 0.653125 0.13750000000000015 0.653125 0.18750000000000017 0.67265625 0.18750000000000017
0 0.62578125 0.29166666666666685 0.58203125 0.29166666666666685 0.58203125 0.37500000000000017 0.62578125 0.37500000000000017
0 0.67734375 0.19027777777777793 0.6546875 0.19027777777777793 0.6546875 0.23888888888888904 0.67734375 0.23888888888888904
0 0.7609375 0.1708333333333335 0.7359375 0.1708333333333335 0.7359375 0.23750000000000016 0.7609375 0.23750000000000016
0 0.703125 0.24305555555555572 0.67109375 0.24305555555555572 0.67109375 0.3166666666666668 0.703125 0.3166666666666668
0 0.73125 0.21527777777777793 0.70390625 0.21527777777777793 0.70390625 0.2708333333333335 0.73125 0.2708333333333335
0 0.77578125 0.2305555555555557 0.74765625 0.2305555555555557 0.74765625 0.28750000000000014 0.77578125 0.28750000000000014
0 0.490625 0.17222222222222233 0.46796875 0.17222222222222233 0.46796875 0.22777777777777786 0.490625 0.22777777777777786
0 0.53359375 0.15555555555555567 0.51015625 0.15555555555555567 0.51015625 0.20138888888888898 0.53359375 0.20138888888888898
0 0.58828125 0.18472222222222237 0.54921875 0.18472222222222237 0.54921875 0.27500000000000013 0.58828125 0.27500000000000013
0 0.7078125 0.1708333333333335 0.68125 0.1708333333333335 0.68125 0.22916666666666682 0.7078125 0.22916666666666682
0 0.8 0.33611111111111125 0.77109375 0.33611111111111125 0.77109375 0.39861111111111125 0.8 0.39861111111111125
0 0.85625 0.26527777777777795 0.83125 0.26527777777777795 0.83125 0.32222222222222235 0.85625 0.32222222222222235
0 0.82265625 0.27222222222222237 0.79609375 0.27222222222222237 0.79609375 0.3444444444444446 0.82265625 0.3444444444444446
