0 0.26953125 0.17083333333333336 0.21875 0.17083333333333336 0.21875 0.26944444444444454 0.26953125 0.26944444444444454
0 0.33125 0.19305555555555565 0.2859375 0.19305555555555565 0.2859375 0.27638888888888896 0.33125 0.27638888888888896
0 0.36015625 0.2583333333333334 0.30859375 0.2583333333333334 0.30859375 0.35277777777777786 0.36015625 0.35277777777777786
0 0.4296875 0.2486111111111112 0.38046875 0.2486111111111112 0.38046875 0.34583333333333344 0.4296875 0.34583333333333344
0 0.496875 0.4083333333333335 0.42421875 0.4083333333333335 0.42421875 0.5430555555555557 0.496875 0.5430555555555557
0 0.496875 0.11805555555555568 0.46328125 0.11805555555555568 0.46328125 0.1833333333333334 0.496875 0.1833333333333334
0 0.54375 0.13055555555555567 0.51484375 0.13055555555555567 0.51484375 0.1847222222222223 0.54375 0.1847222222222223
0 0.5640625 0.2027777777777779 0.53515625 0.20277777777777786 0.53515625 0.26805555555555566 0.5640625 0.2680555555555557
0 0.63125 0.18055555555555572 0.6015625 0.18055555555555572 0.6015625 0.2347222222222224 0.63125 0.2347222222222224
0 0.65703125 0.2708333333333335 0.62109375 0.2708333333333335 0.62109375 0.3458333333333335 0.65703125 0.3458333333333335
0 0.684375 0.20138888888888903 0.65703125 0.20138888888888903 0.65703125 0.2541666666666668 0.684375 0.2541666666666668
0 0.7140625 0.20833333333333348 0.6890625 0.20833333333333348 0.6890625 0.26388888888888906 0.7140625 0.26388888888888906
0 0.64921875 0.32916666666666683 0.59609375 0.32916666666666683 0.59609375 0.4277777777777779 0.64921875 0.4277777777777779
0 0.71171875 0.2611111111111113 0.68359375 0.2611111111111113 0.68359375 0.3180555555555557 0.71171875 0.3180555555555557
0 0.78359375 0.25972222222222235 0.75078125 0.25972222222222235 0.75078125 0.3333333333333335 0.78359375 0.3333333333333335
0 0.73046875 0.3180555555555557 0.68984375 0.3180555555555557 0.68984375 0.40277777777777796 0.73046875 0.40277777777777796
0 0.76171875 0.3041666666666668 0.728125 0.3041666666666668 0.728125 0.3694444444444446 0.76171875 0.3694444444444446
0 0.803125 0.33611111111111125 0.76875 0.33611111111111125 0.76875 0.40277777777777796 0.803125 0.40277777777777796
0 0.53359375 0.16250000000000012 0.50234375 0.16250000000000012 0.50234375 0.2250000000000001 0.53359375 0.2250000000000001
0 0.5765625 0.16944444444444456 0.5484375 0.16944444444444456 0.5484375 0.22222222222222238 0.5765625 0.22222222222222238
0 0.62109375 0.21250000000000016 0.571875 0.21250000000000016 0.571875 0.31527777777777793 0.62109375 0.31527777777777793
0 0.74453125 0.25277777777777793 0.7109375 0.25277777777777793 0.7109375 0.3194444444444446 0.74453125 0.3194444444444446
0 0.8078125 0.4013888888888891 0.771875 0.4013888888888891 0.771875 0.47361111111111126 0.8078125 0.47361111111111126
0 0.87734375 0.40416666666666684 0.84609375 0.40416666666666684 0.84609375 0.4694444444444446 0.87734375 0.4694444444444446
0 0.84296875 0.39722222222222237 0.80859375 0.39722222222222237 0.80859375 0.4777777777777779 0.84296875 0.4777777777777779
