0 0.2531250000000001 0.6847222222222222 0.2062500000000001 0.6847222222222222 0.2062500000000001 0.7777777777777778 0.2531250000000001 0.7777777777777778
0 0.3156250000000001 0.6888888888888889 0.2734375000000001 0.6888888888888889 0.2734375000000001 0.7666666666666667 0.3156250000000001 0.7666666666666667
0 0.34765625000000006 0.6208333333333333 0.3 0.6208333333333333 0.30000000000000004 0.7083333333333334 0.3476562500000001 0.7083333333333334
0 0.41640625 0.6388888888888891 0.37109375 0.6388888888888891 0.37109375000000006 0.7305555555555555 0.41640625 0.7305555555555555
0 0.49296875 0.45416666666666683 0.42578125 0.45416666666666683 0.42578125 0.5805555555555557 0.49296875 0.5805555555555557
0 0.475 0.8125 0.44453125 0.8125 0.44453125 0.8736111111111111 0.475 0.8736111111111111
0 0.52265625 0.8222222222222222 0.49609375 0.8222222222222222 0.49609375 0.8722222222222222 0.52265625 0.8722222222222222
0 0.546875 0.7416666666666667 0.52109375 0.7416666666666667 0.52109375 0.8041666666666667 0.546875 0.8041666666666667
0 0.6125 0.7888888888888889 0.58515625 0.7888888888888889 0.58515625 0.8388888888888889 0.6125 0.8388888888888889
0 0.64375 0.6805555555555557 0.6109375 0.6805555555555557 0.6109375 0.7513888888888889 0.64375 0.7513888888888889
0 0.66640625 0.7777777777777778 0.64140625 0.7777777777777778 0.64140625 0.8277777777777777 0.66640625 0.8277777777777777
0 0.69609375 0.7736111111111111 0.6734375 0.7736111111111111 0.6734375 0.8263888888888888 0.69609375 0.8263888888888888
0 0.63984375 0.5986111111111113 0.590625 0.5986111111111113 0.590625 0.690277777777778 0.63984375 0.690277777777778
0 0.69765625 0.7208333333333333 0.671875 0.7208333333333333 0.671875 0.7736111111111111 0.69765625 0.7736111111111111
0 0.76875 0.7180555555555559 0.7390625 0.7180555555555559 0.7390625 0.7888888888888892 0.76875 0.7888888888888892
0 0.71875 0.6388888888888891 0.68203125 0.6388888888888891 0.68203125 0.7180555555555556 0.71875 0.7180555555555556
0 0.74921875 0.6777777777777779 0.71875 0.6777777777777779 0.71875 0.738888888888889 0.74921875 0.7388888888888892
0 0.7921875 0.651388888888889 0.7609375 0.651388888888889 0.7609375 0.7138888888888892 0.7921875 0.7138888888888892
0 0.51484375 0.7791666666666667 0.4859375 0.7791666666666667 0.4859375 0.8388888888888889 0.51484375 0.8388888888888889
0 0.55703125 0.7888888888888889 0.53125 0.7888888888888889 0.53125 0.8388888888888889 0.55703125 0.8388888888888889
0 0.60390625 0.7041666666666668 0.559375 0.7041666666666668 0.559375 0.8013888888888889 0.60390625 0.8013888888888889
0 0.72890625 0.7250000000000002 0.6984375 0.725 0.6984375 0.7888888888888891 0.72890625 0.7888888888888892
0 0.8015625 0.5833333333333335 0.76875 0.5833333333333335 0.76875 0.651388888888889 0.8015625 0.651388888888889
0 0.8703125 0.5986111111111113 0.84140625 0.5986111111111113 0.84140625 0.6611111111111113 0.8703125 0.6611111111111113
0 0.8359375 0.5847222222222224 0.8046875 0.5847222222222224 0.8046875 0.6611111111111113 0.8359375 0.6611111111111113
