0 0.2359375 0.2875000000000001 0.19453125 0.2875000000000001 0.19453125000000002 0.37222222222222223 0.2359375 0.37222222222222223
0 0.2984375 0.28333333333333344 0.2609375 0.28333333333333344 0.2609375 0.35277777777777786 0.2984375 0.35277777777777786
0 0.33515625 0.3361111111111112 0.2921875 0.3361111111111112 0.2921875 0.4152777777777778 0.33515625 0.4152777777777778
0 0.4015625 0.2986111111111112 0.36171875 0.2986111111111112 0.36171875 0.38055555555555565 0.4015625 0.3805555555555557
0 0.48828125 0.4361111111111113 0.428125 0.4361111111111113 0.428125 0.5486111111111113 0.48828125 0.5486111111111113
0 0.45 0.14027777777777786 0.42265625 0.14027777777777786 0.42265625 0.19583333333333341 0.45 0.19583333333333341
0 0.496875 0.13055555555555567 0.4734375 0.13055555555555567 0.4734375 0.176388888888889 0.496875 0.176388888888889
0 0.52578125 0.19305555555555565 0.50390625 0.19305555555555565 0.50390625 0.251388888888889 0.52578125 0.251388888888889
0 0.58828125 0.14583333333333345 0.5640625 0.14583333333333345 0.5640625 0.19027777777777793 0.58828125 0.19027777777777793
0 0.62578125 0.22500000000000014 0.596875 0.22500000000000014 0.596875 0.2902777777777779 0.62578125 0.2902777777777779
0 0.64296875 0.14444444444444457 0.62109375 0.14444444444444457 0.62109375 0.19027777777777793 0.64296875 0.19027777777777793
0 0.67265625 0.13750000000000015 0.653125 0.13750000000000015 0.653125 0.18750000000000017 0.67265625 0.18750000000000017
0 0.62578125 0.29166666666666685 0.58203125 0.29166666666666685 0.58203125 0.37500000000000017 0.62578125 0.37500000000000017
0 0.67734375 0.19027777777777793 0.6546875 0.19027777777777793 0.6546875 0.23888888888888904 0.67734375 0.23888888888888904
0 0.746875 0.16111111111111126 0.721875 0.16111111111111126 0.721875 0.22777777777777794 0.746875 0.22777777777777794
0 0.70234375 0.24305555555555572 0.6703125 0.24305555555555572 0.6703125 0.3166666666666668 0.70234375 0.3166666666666668
0 0.73125 0.21527777777777793 0.70390625 0.21527777777777793 0.70390625 0.2708333333333335 0.73125 0.2708333333333335
0 0.77578125 0.2305555555555557 0.74765625 0.2305555555555557 0.74765625 0.28750000000000014 0.77578125 0.28750000000000014
0 0.49140625 0.1666666666666668 0.46640625 0.1666666666666668 0.46640625 0.2208333333333334 0.49140625 0.2208333333333334
0 0.53359375 0.15555555555555567 0.51015625 0.15555555555555567 0.51015625 0.20138888888888898 0.53359375 0.20138888888888898
0 0.58359375 0.18611111111111128 0.54453125 0.18611111111111128 0.54453125 0.2763888888888891 0.58359375 0.2763888888888891
0 0.7078125 0.1708333333333335 0.68125 0.1708333333333335 0.68125 0.22916666666666682 0.7078125 0.22916666666666682
0 0.7890625 0.29166666666666685 0.76015625 0.29166666666666685 0.76015625 0.35416666666666685 0.7890625 0.35416666666666685
0 0.85625 0.26527777777777795 0.83125 0.26527777777777795 0.83125 0.32222222222222235 0.85625 0.32222222222222235
0 0.82265625 0.27222222222222237 0.79609375 0.27222222222222237 0.79609375 0.3444444444444446 0.82265625 0.3444444444444446
