0 0.2671875 0.17916666666666675 0.2171875 0.17916666666666675 0.2171875 0.27777777777777785 0.2671875 0.27777777777777785
0 0.32890625 0.20000000000000007 0.28359375 0.20000000000000007 0.28359375 0.2819444444444445 0.32890625 0.2819444444444445
0 0.3578125 0.26388888888888895 0.30703125 0.26388888888888895 0.30703125 0.35694444444444445 0.3578125 0.35694444444444445
0 0.42734375 0.251388888888889 0.37890625 0.251388888888889 0.37890625 0.3472222222222223 0.42734375 0.3472222222222223
0 0.49296875 0.41111111111111126 0.42109375 0.41111111111111126 0.42109375 0.5444444444444446 0.49296875 0.5444444444444446
0 0.49296875 0.11944444444444456 0.46015625 0.11944444444444456 0.46015625 0.1833333333333334 0.49296875 0.1833333333333334
0 0.540625 0.1291666666666668 0.5125 0.1291666666666668 0.5125 0.1833333333333334 0.540625 0.1833333333333334
0 0.5609375 0.201388888888889 0.5328125 0.20138888888888898 0.5328125 0.2666666666666668 0.5609375 0.26666666666666683
0 0.63046875 0.176388888888889 0.5984375 0.176388888888889 0.5984375 0.23750000000000016 0.63046875 0.23750000000000016
0 0.6609375 0.2680555555555557 0.625 0.2680555555555557 0.625 0.34166666666666684 0.6609375 0.34166666666666684
0 0.68125 0.19722222222222238 0.6546875 0.19722222222222238 0.6546875 0.25000000000000017 0.68125 0.25000000000000017
0 0.71171875 0.20277777777777795 0.68671875 0.20277777777777795 0.68671875 0.25833333333333347 0.71171875 0.25833333333333347
0 0.64765625 0.32638888888888906 0.5953125 0.32638888888888906 0.5953125 0.42361111111111127 0.64765625 0.42361111111111127
0 0.71015625 0.2555555555555557 0.68203125 0.2555555555555557 0.68203125 0.3111111111111113 0.71015625 0.3111111111111113
0 0.7875 0.2541666666666668 0.7546875 0.2541666666666668 0.7546875 0.32777777777777795 0.7875 0.32777777777777795
0 0.728125 0.31250000000000017 0.68828125 0.31250000000000017 0.68828125 0.3958333333333335 0.728125 0.3958333333333335
0 0.759375 0.2972222222222224 0.7265625 0.2972222222222224 0.7265625 0.36111111111111127 0.759375 0.36111111111111127
0 0.8015625 0.32777777777777795 0.7671875 0.32777777777777795 0.7671875 0.3944444444444446 0.8015625 0.3944444444444446
0 0.5265625 0.15972222222222235 0.4953125 0.15972222222222235 0.4953125 0.2222222222222223 0.5265625 0.2222222222222223
0 0.5734375 0.16805555555555568 0.5453125 0.16805555555555568 0.5453125 0.2208333333333335 0.5734375 0.2208333333333335
0 0.61796875 0.2097222222222224 0.56953125 0.2097222222222224 0.56953125 0.3111111111111113 0.61796875 0.3111111111111113
0 0.74296875 0.2611111111111113 0.71015625 0.2611111111111113 0.71015625 0.32777777777777795 0.74296875 0.32777777777777795
0 0.80703125 0.39166666666666683 0.771875 0.39166666666666683 0.771875 0.4638888888888891 0.80703125 0.4638888888888891
0 0.8765625 0.3930555555555557 0.8453125 0.3930555555555557 0.8453125 0.4583333333333335 0.8765625 0.4583333333333335
0 0.8421875 0.3875000000000002 0.8078125 0.3875000000000002 0.8078125 0.46666666666666684 0.8421875 0.46666666666666684
