0 0.22734375 0.5222222222222223 0.17812500000000003 0.5222222222222223 0.17812500000000003 0.6194444444444445 0.22734375 0.6194444444444445
0 0.28671875 0.5638888888888889 0.2421875 0.5638888888888889 0.2421875 0.6444444444444445 0.28671875 0.6444444444444445
0 0.32890625 0.5125 0.27890625 0.5125 0.27890625 0.6041666666666666 0.32890625 0.6041666666666666
0 0.39140625000000007 0.5694444444444445 0.34296875 0.5694444444444444 0.34296875000000004 0.6652777777777779 0.39140625000000007 0.665277777777778
0 0.490625 0.42500000000000016 0.41953125 0.42500000000000016 0.41953125 0.5569444444444446 0.490625 0.5569444444444446
0 0.41875 0.7722222222222223 0.3859375000000001 0.7722222222222223 0.3859375000000001 0.8361111111111111 0.41875 0.8361111111111111
0 0.4625 0.8083333333333333 0.434375 0.8083333333333333 0.434375 0.8611111111111112 0.4625 0.8611111111111112
0 0.4984375 0.7458333333333333 0.47109375 0.7458333333333333 0.47109375 0.8097222222222222 0.4984375 0.8097222222222222
0 0.55625 0.8194444444444444 0.525 0.8194444444444444 0.525 0.8791666666666667 0.55625 0.8791666666666667
0 0.60625 0.7416666666666667 0.57109375 0.7416666666666667 0.57109375 0.8152777777777778 0.60625 0.8152777777777778
0 0.60703125 0.8458333333333333 0.58046875 0.8458333333333333 0.58046875 0.8986111111111111 0.60703125 0.8986111111111111
0 0.6359375 0.8597222222222223 0.61171875 0.8597222222222223 0.61171875 0.9152777777777777 0.6359375 0.9152777777777777
0 0.61015625 0.651388888888889 0.55859375 0.651388888888889 0.55859375 0.7472222222222222 0.61015625 0.7472222222222222
0 0.64609375 0.8083333333333333 0.61875 0.8083333333333333 0.61875 0.8638888888888889 0.64609375 0.8638888888888889
0 0.71953125 0.8444444444444444 0.6875 0.8444444444444444 0.6875 0.9180555555555555 0.71953125 0.9180555555555555
0 0.6796875 0.7375 0.63984375 0.7375 0.63984375 0.8208333333333333 0.6796875 0.8208333333333333
0 0.70234375 0.7944444444444444 0.66953125 0.7944444444444444 0.66953125 0.8583333333333333 0.70234375 0.8583333333333333
0 0.74765625 0.7930555555555557 0.7140625 0.7930555555555555 0.7140625 0.8583333333333335 0.74765625 0.8583333333333336
0 0.4578125 0.7611111111111111 0.42734375 0.7611111111111111 0.42734375 0.8222222222222222 0.4578125 0.8222222222222222
0 0.50078125 0.7972222222222223 0.4734375 0.7972222222222223 0.4734375 0.8486111111111111 0.50078125 0.8486111111111111
0 0.5578125 0.7347222222222223 0.51015625 0.7347222222222223 0.51015625 0.8361111111111111 0.5578125 0.8361111111111111
0 0.67890625 0.8138888888888889 0.646875 0.8138888888888889 0.646875 0.8791666666666667 0.67890625 0.8791666666666667
0 0.76796875 0.7319444444444447 0.7328125 0.7319444444444447 0.7328125 0.8027777777777781 0.76796875 0.8027777777777781
0 0.83125 0.7861111111111114 0.80078125 0.7861111111111114 0.80078125 0.8513888888888892 0.83125 0.8513888888888892
0 0.8 0.7527777777777781 0.76640625 0.7527777777777781 0.76640625 0.8319444444444447 0.8 0.8319444444444447
