0 0.2429687500000001 0.6527777777777778 0.19921875000000006 0.6527777777777778 0.19921875000000006 0.7416666666666667 0.2429687500000001 0.7416666666666667
0 0.30546875000000007 0.6666666666666666 0.2656250000000001 0.6666666666666666 0.2656250000000001 0.7388888888888889 0.30546875000000007 0.7388888888888889
0 0.33984375000000006 0.6 0.2953125 0.6 0.29531250000000003 0.6833333333333333 0.3398437500000001 0.6833333333333333
0 0.4078125 0.627777777777778 0.365625 0.627777777777778 0.36562500000000003 0.7138888888888889 0.4078125 0.7138888888888889
0 0.48671875 0.45138888888888906 0.4234375 0.45138888888888906 0.4234375 0.5708333333333335 0.48671875 0.5708333333333335
0 0.4609375 0.8083333333333333 0.43203125 0.8083333333333333 0.43203125 0.8666666666666667 0.4609375 0.8666666666666667
0 0.5078125 0.8236111111111111 0.4828125 0.8236111111111111 0.4828125 0.8722222222222222 0.5078125 0.8722222222222222
0 0.534375 0.7472222222222222 0.5109375 0.7472222222222222 0.5109375 0.8069444444444445 0.534375 0.8069444444444445
0 0.60078125 0.7944444444444444 0.5734375 0.7944444444444444 0.5734375 0.8486111111111111 0.60078125 0.8486111111111111
0 0.6390625 0.6986111111111113 0.60859375 0.6986111111111113 0.60859375 0.7666666666666667 0.6390625 0.7666666666666667
0 0.653125 0.7972222222222223 0.6296875 0.7972222222222223 0.6296875 0.8444444444444444 0.653125 0.8444444444444444
0 0.68359375 0.7958333333333333 0.6625 0.7958333333333333 0.6625 0.8472222222222222 0.68359375 0.8472222222222222
0 0.63203125 0.613888888888889 0.5859375 0.613888888888889 0.5859375 0.7013888888888891 0.63203125 0.7013888888888891
0 0.68671875 0.7444444444444445 0.6625 0.7444444444444445 0.6625 0.7958333333333333 0.68671875 0.7958333333333333
0 0.76328125 0.7486111111111114 0.7359375 0.7486111111111114 0.7359375 0.816666666666667 0.76328125 0.816666666666667
0 0.71015625 0.665277777777778 0.67578125 0.665277777777778 0.67578125 0.7416666666666667 0.71015625 0.7416666666666667
0 0.7390625 0.7083333333333335 0.71015625 0.7083333333333335 0.71015625 0.7666666666666668 0.7390625 0.7666666666666669
0 0.78359375 0.6875000000000001 0.75390625 0.6875000000000001 0.75390625 0.7472222222222226 0.78359375 0.7472222222222226
0 0.496875 0.7805555555555556 0.4703125 0.7805555555555556 0.4703125 0.8375 0.496875 0.8375
0 0.54375 0.7958333333333333 0.51953125 0.7958333333333333 0.51953125 0.8430555555555556 0.54375 0.8430555555555556
0 0.5921875 0.7166666666666667 0.55078125 0.7166666666666667 0.55078125 0.8097222222222222 0.5921875 0.8097222222222222
0 0.71953125 0.7375 0.69140625 0.7375 0.69140625 0.7972222222222223 0.71953125 0.7972222222222223
0 0.79453125 0.6194444444444446 0.7640625 0.6194444444444446 0.7640625 0.6847222222222223 0.79453125 0.6847222222222223
0 0.86328125 0.6444444444444446 0.83671875 0.6444444444444446 0.83671875 0.7041666666666668 0.86328125 0.7041666666666668
0 0.82890625 0.626388888888889 0.80078125 0.626388888888889 0.80078125 0.7000000000000002 0.82890625 0.7000000000000002
