0 0.22578125000000004 0.5652777777777778 0.17968750000000006 0.5652777777777778 0.17968750000000006 0.6569444444444444 0.2257812500000001 0.6569444444444444
0 0.29140625000000003 0.6013888888888889 0.25 0.6013888888888889 0.25000000000000006 0.6777777777777778 0.2914062500000001 0.6777777777777778
0 0.33125 0.5458333333333333 0.284375 0.5458333333333333 0.284375 0.6333333333333333 0.33125 0.6333333333333333
0 0.39531250000000007 0.5930555555555557 0.35078125 0.5930555555555556 0.35078125000000004 0.6833333333333335 0.39531250000000007 0.6833333333333335
0 0.48828125 0.4361111111111113 0.421875 0.4361111111111113 0.421875 0.5597222222222223 0.48828125 0.5597222222222223
0 0.4328125 0.7875 0.40234375 0.7875 0.40234375 0.8486111111111111 0.4328125 0.8486111111111111
0 0.478125 0.8166666666666667 0.4515625 0.8166666666666667 0.4515625 0.8666666666666667 0.478125 0.8666666666666667
0 0.5109375 0.7486111111111111 0.4859375 0.7486111111111111 0.4859375 0.8097222222222222 0.5109375 0.8097222222222222
0 0.571875 0.8125 0.54296875 0.8125 0.54296875 0.8694444444444445 0.571875 0.8694444444444445
0 0.61796875 0.7291666666666666 0.5859375 0.7291666666666666 0.5859375 0.7986111111111112 0.61796875 0.7986111111111112
0 0.6234375 0.8305555555555556 0.59921875 0.8305555555555556 0.59921875 0.8805555555555555 0.6234375 0.8805555555555555
0 0.65859375 0.8388888888888889 0.63203125 0.8388888888888889 0.63203125 0.8930555555555556 0.65859375 0.8930555555555556
0 0.61796875 0.640277777777778 0.56953125 0.640277777777778 0.56953125 0.7305555555555555 0.61796875 0.7305555555555555
0 0.6609375 0.7888888888888889 0.63515625 0.7888888888888889 0.63515625 0.8416666666666667 0.6609375 0.8416666666666667
0 0.72578125 0.8097222222222223 0.696875 0.8097222222222222 0.696875 0.8791666666666669 0.72578125 0.879166666666667
0 0.690625 0.7138888888888889 0.6546875 0.7138888888888889 0.6546875 0.7930555555555555 0.690625 0.7930555555555555
0 0.73359375 0.7555555555555558 0.703125 0.7555555555555555 0.703125 0.8166666666666669 0.73359375 0.816666666666667
0 0.76171875 0.7583333333333336 0.73046875 0.7583333333333336 0.73046875 0.8208333333333336 0.76171875 0.8208333333333336
0 0.4796875 0.7555555555555555 0.44296875 0.7555555555555555 0.44296875 0.8277777777777777 0.4796875 0.8277777777777777
0 0.51640625 0.8 0.490625 0.8 0.490625 0.8486111111111111 0.51640625 0.8486111111111111
0 0.56953125 0.7319444444444444 0.52578125 0.7319444444444444 0.52578125 0.8277777777777777 0.56953125 0.8277777777777777
0 0.77890625 0.6944444444444446 0.746875 0.6944444444444446 0.746875 0.7625000000000003 0.77890625 0.7625000000000003
0 0.8421875 0.7402777777777781 0.8140625 0.7402777777777781 0.8140625 0.8013888888888892 0.8421875 0.8013888888888892
0 0.8125 0.690277777777778 0.78203125 0.690277777777778 0.78203125 0.7666666666666669 0.8125 0.7666666666666669
0 0.35078125000000004 0.6388888888888888 0.31171875 0.6388888888888888 0.31171875000000004 0.7333333333333333 0.3507812500000001 0.7333333333333333