0 0.8265625 0.515277777777778 0.77734375 0.515277777777778 0.77734375 0.6125000000000002 0.8265625 0.6125000000000002
0 0.7578125 0.563888888888889 0.71328125 0.563888888888889 0.71328125 0.6444444444444446 0.7578125 0.6444444444444446
0 0.721875 0.5125000000000002 0.671875 0.5125000000000002 0.671875 0.6041666666666669 0.721875 0.6041666666666669
0 0.6578125 0.5694444444444446 0.609375 0.5694444444444446 0.609375 0.665277777777778 0.6578125 0.665277777777778
0 0.58046875 0.42500000000000016 0.509375 0.42500000000000016 0.509375 0.5569444444444446 0.58046875 0.5569444444444446
0 0.61484375 0.7722222222222223 0.58203125 0.7722222222222223 0.58203125 0.8361111111111111 0.61484375 0.8361111111111111
0 0.565625 0.8083333333333333 0.5375 0.8083333333333333 0.5375 0.8611111111111112 0.565625 0.8611111111111112
0 0.5296875 0.7458333333333333 0.50234375 0.7458333333333333 0.50234375 0.8097222222222222 0.5296875 0.8097222222222222
0 0.475 0.8194444444444444 0.44375 0.8194444444444444 0.44375 0.8791666666666667 0.475 0.8791666666666667
0 0.4296875 0.7416666666666667 0.3945312500000001 0.7416666666666667 0.3945312500000001 0.8152777777777778 0.4296875 0.8152777777777778
0 0.4203125 0.8458333333333333 0.3937500000000001 0.8458333333333333 0.3937500000000001 0.8986111111111111 0.4203125 0.8986111111111111
0 0.3882812500000001 0.8597222222222223 0.36015625000000007 0.8597222222222223 0.36015625000000007 0.9166666666666666 0.3882812500000001 0.9166666666666666
0 0.4421875 0.651388888888889 0.3906250000000001 0.651388888888889 0.3906250000000001 0.7472222222222222 0.4421875 0.7472222222222222
0 0.3820312500000001 0.8083333333333333 0.3546875000000001 0.8083333333333333 0.3546875000000001 0.8638888888888889 0.3820312500000001 0.8638888888888889
0 0.3226562500000001 0.8388888888888889 0.2906250000000001 0.8388888888888889 0.2906250000000001 0.9125 0.3226562500000001 0.9125
0 0.3609375000000001 0.7375 0.32109375000000007 0.7375 0.32109375000000007 0.8208333333333333 0.3609375000000001 0.8208333333333333
0 0.31328125000000007 0.7875 0.2804687500000001 0.7875 0.2804687500000001 0.8513888888888889 0.31328125000000007 0.8513888888888889
0 0.28593750000000007 0.7930555555555555 0.2523437500000001 0.7930555555555555 0.2523437500000001 0.8583333333333333 0.28593750000000007 0.8583333333333333
0 0.57265625 0.7472222222222222 0.53359375 0.7472222222222222 0.53359375 0.8236111111111111 0.57265625 0.8236111111111111
0 0.5265625 0.7972222222222223 0.49921875 0.7972222222222223 0.49921875 0.8486111111111111 0.5265625 0.8486111111111111
0 0.48984375 0.7347222222222223 0.4421875 0.7347222222222223 0.4421875 0.8361111111111111 0.48984375 0.8361111111111111
0 0.2671875000000001 0.7319444444444444 0.23203125000000008 0.7319444444444444 0.23203125000000008 0.8027777777777778 0.2671875000000001 0.8027777777777778
0 0.2015625000000001 0.7875 0.17109375000000004 0.7875 0.17109375000000004 0.8527777777777777 0.2015625000000001 0.8527777777777777
0 0.23203125000000008 0.7347222222222223 0.19843750000000004 0.7347222222222223 0.19843750000000004 0.8138888888888889 0.23203125000000008 0.8138888888888889
0 0.69921875 0.6097222222222224 0.65625 0.6097222222222224 0.65625 0.7083333333333335 0.69921875 0.7083333333333335