0 0.23359375000000004 0.6305555555555555 0.19140625000000006 0.6305555555555555 0.19140625000000006 0.7166666666666667 0.2335937500000001 0.7166666666666667
0 0.3039062500000001 0.6652777777777777 0.2656250000000001 0.6652777777777777 0.2656250000000001 0.7361111111111112 0.3039062500000001 0.7361111111111112
0 0.33281250000000007 0.5916666666666667 0.28984375 0.5916666666666667 0.28984375000000007 0.6722222222222223 0.33281250000000007 0.6722222222222223
0 0.40390625 0.6222222222222223 0.36328125 0.6222222222222223 0.36328125000000006 0.7069444444444446 0.40390625 0.7069444444444446
0 0.48515625 0.4500000000000002 0.42421875 0.4500000000000002 0.42421875 0.565277777777778 0.48515625 0.565277777777778
0 0.453125 0.8055555555555556 0.42578125 0.8055555555555556 0.42578125 0.8625 0.453125 0.8625
0 0.5046875 0.8166666666666667 0.48046875 0.8166666666666667 0.48046875 0.8625 0.5046875 0.8625
0 0.534375 0.7486111111111111 0.50625 0.7486111111111111 0.50625 0.8069444444444445 0.534375 0.8069444444444445
0 0.5890625 0.8027777777777778 0.5625 0.8027777777777778 0.5625 0.8555555555555555 0.5890625 0.8555555555555555
0 0.634375 0.7069444444444446 0.6046875 0.7069444444444446 0.6046875 0.7722222222222223 0.634375 0.7722222222222223
0 0.646875 0.7972222222222223 0.62421875 0.7972222222222223 0.62421875 0.8527777777777777 0.646875 0.8527777777777777
0 0.68125 0.8069444444444445 0.65703125 0.8069444444444445 0.65703125 0.8569444444444444 0.68125 0.8569444444444444
0 0.628125 0.6222222222222223 0.58359375 0.6222222222222223 0.58359375 0.7069444444444446 0.628125 0.7069444444444446
0 0.67265625 0.7555555555555555 0.64921875 0.7555555555555555 0.64921875 0.8055555555555556 0.67265625 0.8055555555555556
0 0.76015625 0.7652777777777781 0.734375 0.7652777777777781 0.734375 0.8319444444444447 0.76015625 0.8319444444444447
0 0.6984375 0.6875000000000001 0.665625 0.6875000000000001 0.665625 0.7611111111111111 0.6984375 0.7611111111111111
0 0.75 0.7083333333333335 0.72265625 0.7083333333333335 0.72265625 0.765277777777778 0.75 0.7652777777777781
0 0.778125 0.7041666666666668 0.75 0.7041666666666668 0.75 0.7625000000000003 0.778125 0.7625000000000003
0 0.4984375 0.7638888888888888 0.46484375 0.7638888888888888 0.46484375 0.8319444444444445 0.4984375 0.8319444444444445
0 0.53671875 0.7986111111111112 0.51328125 0.7986111111111112 0.51328125 0.8444444444444444 0.53671875 0.8444444444444444
0 0.58671875 0.7222222222222222 0.546875 0.7222222222222222 0.546875 0.8125 0.58671875 0.8125
0 0.79140625 0.6375000000000002 0.76171875 0.6375000000000002 0.76171875 0.7013888888888891 0.79140625 0.7013888888888891
0 0.85859375 0.6666666666666669 0.8328125 0.6666666666666669 0.8328125 0.7250000000000003 0.85859375 0.7250000000000003
0 0.82421875 0.626388888888889 0.79765625 0.626388888888889 0.79765625 0.6986111111111113 0.82421875 0.6986111111111113
0 0.3585937500000001 0.6763888888888889 0.3234375000000001 0.6763888888888889 0.3234375000000001 0.7652777777777777 0.3585937500000001 0.7652777777777777
0 0.659375 0.6708333333333335 0.63046875 0.6708333333333335 0.63046875 0.7444444444444445 0.659375 0.7444444444444445
0 0.7203125 0.7263888888888889 0.69375 0.7263888888888889 0.69375 0.7888888888888889 0.7203125 0.7888888888888889
