0 0.82265625 0.34861111111111126 0.77578125 0.34861111111111126 0.77578125 0.4416666666666668 0.82265625 0.4416666666666668
0 0.74453125 0.31527777777777793 0.70234375 0.31527777777777793 0.70234375 0.3930555555555557 0.74453125 0.3930555555555557
0 0.721875 0.3736111111111113 0.67421875 0.3736111111111113 0.67421875 0.46111111111111125 0.721875 0.46111111111111125
0 0.65078125 0.32083333333333347 0.60546875 0.32083333333333347 0.60546875 0.41250000000000014 0.65078125 0.41250000000000014
0 0.57890625 0.44027777777777793 0.51171875 0.44027777777777793 0.51171875 0.5666666666666669 0.57890625 0.5666666666666669
0 0.6015625 0.15416666666666679 0.57109375 0.15416666666666679 0.57109375 0.21527777777777793 0.6015625 0.21527777777777793
0 0.5515625 0.13611111111111124 0.525 0.13611111111111124 0.525 0.18611111111111123 0.5515625 0.18611111111111128
0 0.51796875 0.18888888888888897 0.48671875 0.18888888888888897 0.48671875 0.251388888888889 0.51796875 0.251388888888889
0 0.47109375 0.12916666666666676 0.44140625 0.12916666666666674 0.44140625 0.1861111111111112 0.47109375 0.1861111111111112
0 0.4171875 0.19861111111111118 0.384375 0.19861111111111118 0.384375 0.26944444444444454 0.4171875 0.26944444444444454
0 0.4046875 0.11527777777777785 0.37890625 0.11527777777777785 0.37890625 0.17500000000000007 0.4046875 0.17500000000000007
0 0.37265625 0.10277777777777786 0.34609375 0.10277777777777786 0.34609375 0.15694444444444453 0.37265625 0.15694444444444453
0 0.4328125 0.2666666666666667 0.38359375 0.2666666666666667 0.38359375 0.3583333333333335 0.4328125 0.3583333333333335
0 0.3734375 0.1583333333333334 0.34765625 0.1583333333333334 0.34765625 0.2111111111111112 0.3734375 0.2111111111111112
0 0.2890625 0.10972222222222228 0.259375 0.10972222222222226 0.259375 0.18055555555555564 0.2890625 0.18055555555555564
0 0.35625 0.19305555555555565 0.31484375 0.19305555555555565 0.31484375 0.2861111111111112 0.35625 0.2861111111111112
0 0.3 0.17638888888888896 0.26953125 0.17638888888888893 0.26953125 0.23750000000000007 0.3 0.23750000000000007
0 0.27265625 0.17361111111111116 0.24140625 0.17361111111111116 0.24140625 0.2361111111111112 0.27265625 0.2361111111111112
0 0.5609375 0.17361111111111122 0.52421875 0.17361111111111122 0.52421875 0.24722222222222234 0.5609375 0.24722222222222237
0 0.51328125 0.15138888888888902 0.4875 0.15138888888888902 0.4875 0.20138888888888898 0.51328125 0.20138888888888898
0 0.47734375 0.17083333333333342 0.4328125 0.17083333333333342 0.4328125 0.26805555555555566 0.47734375 0.26805555555555566
0 0.2421875 0.2722222222222223 0.209375 0.2722222222222223 0.209375 0.34027777777777785 0.2421875 0.34027777777777785
0 0.18046875 0.19444444444444445 0.1515625 0.19444444444444445 0.1515625 0.2569444444444444 0.18046875 0.2569444444444444
0 0.22109375 0.21527777777777785 0.18984375 0.21527777777777785 0.18984375 0.29166666666666674 0.22109375 0.29166666666666674
0 0.7109375 0.2805555555555557 0.67109375 0.2805555555555557 0.67109375 0.37638888888888905 0.7109375 0.37638888888888905
0 0.38671875 0.22361111111111118 0.35390625 0.22361111111111118 0.35390625 0.301388888888889 0.38671875 0.301388888888889
0 0.3484375 0.13055555555555565 0.31875 0.13055555555555565 0.31875 0.1972222222222223 0.3484375 0.1972222222222223
