0 0.2539062500000001 0.7 0.2054687500000001 0.7 0.2054687500000001 0.7944444444444444 0.2539062500000001 0.7944444444444444
0 0.3304687500000001 0.7111111111111111 0.2867187500000001 0.7111111111111111 0.2867187500000001 0.7902777777777777 0.3304687500000001 0.7902777777777777
0 0.34765625000000006 0.6319444444444444 0.2984375 0.6319444444444444 0.2984375 0.7222222222222222 0.3476562500000001 0.7222222222222222
0 0.42109375 0.6444444444444446 0.37421875 0.6444444444444446 0.37421875000000004 0.7375 0.42109375 0.7375
0 0.490625 0.45416666666666683 0.421875 0.45416666666666683 0.421875 0.5833333333333335 0.490625 0.5833333333333335
0 0.48203125 0.8152777777777778 0.45078125 0.8152777777777778 0.45078125 0.8777777777777778 0.48203125 0.8777777777777778
0 0.53046875 0.8194444444444444 0.503125 0.8194444444444444 0.503125 0.8708333333333333 0.53046875 0.8708333333333333
0 0.55859375 0.7388888888888889 0.52578125 0.7388888888888889 0.52578125 0.8027777777777778 0.55859375 0.8027777777777778
0 0.6109375 0.7791666666666667 0.58046875 0.7791666666666667 0.58046875 0.8375 0.6109375 0.8375
0 0.65390625 0.6722222222222224 0.61953125 0.6722222222222224 0.61953125 0.7444444444444445 0.65390625 0.7444444444444445
0 0.67265625 0.7583333333333333 0.64609375 0.7583333333333333 0.64609375 0.8194444444444444 0.67265625 0.8194444444444444
0 0.70703125 0.7597222222222222 0.6796875 0.7597222222222222 0.6796875 0.8152777777777778 0.70703125 0.8152777777777778
0 0.64296875 0.588888888888889 0.5921875 0.588888888888889 0.5921875 0.6833333333333335 0.64296875 0.6833333333333335
0 0.696875 0.7083333333333335 0.6703125 0.7083333333333335 0.6703125 0.7625 0.696875 0.7625
0 0.7875 0.6944444444444446 0.75703125 0.6944444444444446 0.75703125 0.7666666666666669 0.7875 0.7666666666666669
0 0.7203125 0.6236111111111112 0.67734375 0.6236111111111112 0.67734375 0.7180555555555556 0.7203125 0.7180555555555556
0 0.76796875 0.6458333333333335 0.73671875 0.6458333333333335 0.73671875 0.7083333333333335 0.76796875 0.7083333333333335
0 0.79609375 0.6333333333333335 0.76328125 0.6333333333333335 0.76328125 0.6972222222222224 0.79609375 0.6972222222222224
0 0.52421875 0.7625 0.4859375 0.7625 0.4859375 0.8375 0.52421875 0.8375
0 0.56328125 0.7861111111111111 0.53671875 0.7861111111111111 0.53671875 0.8375 0.56328125 0.8375
0 0.61015625 0.6986111111111113 0.5640625 0.6986111111111113 0.5640625 0.7972222222222223 0.61015625 0.7972222222222223
0 0.8109375 0.5180555555555557 0.77734375 0.5180555555555557 0.77734375 0.5875000000000001 0.8109375 0.5875000000000001
0 0.87890625 0.5680555555555558 0.84921875 0.5680555555555558 0.84921875 0.6319444444444446 0.87890625 0.6319444444444446
0 0.83828125 0.5541666666666668 0.80625 0.5541666666666668 0.80625 0.6319444444444446 0.83828125 0.6319444444444446
0 0.36406250000000007 0.7097222222222223 0.3226562500000001 0.7097222222222223 0.3226562500000001 0.8069444444444445 0.36406250000000007 0.8069444444444445
0 0.67890625 0.6250000000000001 0.6453125 0.6250000000000001 0.6453125 0.7041666666666668 0.67890625 0.7041666666666668
0 0.728125 0.7083333333333335 0.696875 0.7083333333333335 0.696875 0.776388888888889 0.728125 0.7763888888888892
