0 0.81484375 0.30138888888888904 0.771875 0.30138888888888904 0.771875 0.38888888888888906 0.81484375 0.38888888888888906
0 0.73515625 0.2833333333333335 0.69609375 0.2833333333333335 0.69609375 0.35555555555555574 0.73515625 0.35555555555555574
0 0.72421875 0.3430555555555557 0.68046875 0.3430555555555557 0.68046875 0.42500000000000016 0.72421875 0.42500000000000016
0 0.6421875 0.3041666666666668 0.60078125 0.3041666666666668 0.60078125 0.39027777777777795 0.6421875 0.39027777777777795
0 0.5765625 0.43888888888888905 0.51484375 0.43888888888888905 0.51484375 0.5555555555555557 0.5765625 0.5555555555555557
0 0.58515625 0.14444444444444457 0.55703125 0.14444444444444457 0.55703125 0.20138888888888903 0.58515625 0.20138888888888903
0 0.53515625 0.13472222222222235 0.5109375 0.13472222222222235 0.5109375 0.18194444444444452 0.53515625 0.18194444444444452
0 0.503125 0.1972222222222223 0.47421875 0.1972222222222223 0.47421875 0.25555555555555565 0.503125 0.25555555555555565
0 0.45390625 0.13888888888888898 0.4265625 0.13888888888888898 0.4265625 0.19305555555555565 0.45390625 0.19305555555555565
0 0.403125 0.21666666666666676 0.3734375 0.21666666666666676 0.3734375 0.28333333333333344 0.403125 0.28333333333333344
0 0.38671875 0.1347222222222223 0.36328125 0.1347222222222223 0.36328125 0.19166666666666674 0.38671875 0.19166666666666674
0 0.353125 0.12777777777777785 0.32890625 0.12777777777777785 0.32890625 0.17916666666666675 0.353125 0.17916666666666675
0 0.421875 0.28333333333333344 0.3765625 0.28333333333333344 0.3765625 0.3694444444444446 0.421875 0.3694444444444446
0 0.35859375 0.1736111111111112 0.3296875 0.1736111111111112 0.3296875 0.24027777777777787 0.35859375 0.24027777777777787
0 0.27109375 0.14861111111111114 0.24453125 0.14861111111111114 0.24453125 0.21527777777777785 0.27109375 0.21527777777777785
0 0.3375 0.23194444444444454 0.3046875 0.23194444444444454 0.3046875 0.3097222222222223 0.3375 0.3097222222222223
0 0.278125 0.21388888888888896 0.25 0.21388888888888896 0.25 0.2708333333333334 0.278125 0.2708333333333334
0 0.54453125 0.16944444444444456 0.5109375 0.16944444444444456 0.5109375 0.238888888888889 0.54453125 0.23888888888888904
0 0.496875 0.15555555555555567 0.47265625 0.15555555555555567 0.47265625 0.20138888888888898 0.496875 0.20138888888888898
0 0.46171875 0.18194444444444452 0.41640625 0.18194444444444452 0.41640625 0.27916666666666673 0.46171875 0.27916666666666673
0 0.24375 0.2736111111111112 0.2140625 0.2736111111111112 0.2140625 0.3375000000000001 0.24375 0.3375000000000001
0 0.1671875 0.24861111111111112 0.13828125 0.24861111111111112 0.13828125 0.31527777777777777 0.1671875 0.31527777777777777
0 0.2078125 0.26388888888888895 0.18046875 0.2638888888888889 0.18046875 0.3375 0.2078125 0.3375000000000001
0 0.7 0.2541666666666668 0.6640625 0.2541666666666668 0.6640625 0.3444444444444446 0.7 0.3444444444444446
0 0.3734375 0.2472222222222223 0.34375 0.2472222222222223 0.34375 0.3208333333333334 0.3734375 0.3208333333333334
0 0.32578125 0.17500000000000007 0.2984375 0.17500000000000007 0.2984375 0.23888888888888896 0.32578125 0.23888888888888896
