0 0.821875 0.33611111111111125 0.77578125 0.33611111111111125 0.77578125 0.4277777777777779 0.821875 0.4277777777777779
0 0.74296875 0.3083333333333335 0.7015625 0.3083333333333335 0.7015625 0.38472222222222235 0.74296875 0.38472222222222235
0 0.7296875 0.3652777777777779 0.6828125 0.3652777777777779 0.6828125 0.45277777777777795 0.7296875 0.45277777777777795
0 0.64921875 0.3180555555555557 0.6046875 0.3180555555555557 0.6046875 0.4083333333333335 0.64921875 0.4083333333333335
0 0.57890625 0.44027777777777793 0.5125 0.44027777777777793 0.5125 0.563888888888889 0.57890625 0.563888888888889
0 0.5984375 0.15138888888888902 0.56796875 0.15138888888888902 0.56796875 0.21250000000000016 0.5984375 0.21250000000000016
0 0.55 0.13750000000000012 0.5234375 0.13750000000000012 0.5234375 0.1875000000000001 0.55 0.18750000000000017
0 0.515625 0.19444444444444453 0.484375 0.19444444444444453 0.484375 0.25694444444444453 0.515625 0.25694444444444453
0 0.46796875 0.13055555555555565 0.4390625 0.13055555555555565 0.4390625 0.18750000000000008 0.46796875 0.18750000000000008
0 0.41484375 0.20138888888888898 0.3828125 0.20138888888888898 0.3828125 0.2708333333333334 0.41484375 0.2708333333333334
0 0.4015625 0.11944444444444452 0.37578125 0.11944444444444452 0.37578125 0.17777777777777787 0.4015625 0.17777777777777787
0 0.36875 0.10694444444444452 0.3421875 0.10694444444444452 0.3421875 0.16111111111111118 0.36875 0.16111111111111118
0 0.43046875 0.26944444444444454 0.38203125 0.26944444444444454 0.38203125 0.3597222222222224 0.43046875 0.3597222222222224
0 0.371875 0.15416666666666676 0.340625 0.15416666666666676 0.340625 0.22361111111111118 0.371875 0.22361111111111118
0 0.28515625 0.11805555555555561 0.25625 0.1180555555555556 0.25625 0.18750000000000008 0.28515625 0.18750000000000008
0 0.3484375 0.20833333333333343 0.3125 0.20833333333333343 0.3125 0.29027777777777786 0.3484375 0.29027777777777786
0 0.290625 0.1833333333333334 0.26015625 0.1833333333333334 0.26015625 0.24444444444444452 0.290625 0.24444444444444452
0 0.5578125 0.17222222222222233 0.52109375 0.17222222222222233 0.52109375 0.24444444444444458 0.5578125 0.2444444444444446
0 0.51015625 0.1527777777777779 0.484375 0.1527777777777779 0.484375 0.20138888888888898 0.51015625 0.20138888888888898
0 0.475 0.17222222222222233 0.42578125 0.1722222222222223 0.42578125 0.2750000000000001 0.475 0.2750000000000001
0 0.253125 0.23750000000000007 0.22109375 0.23750000000000007 0.22109375 0.30555555555555564 0.253125 0.30555555555555564
0 0.17734375 0.20555555555555555 0.14609375 0.20555555555555555 0.14609375 0.275 0.17734375 0.275
0 0.21796875 0.2250000000000001 0.1875 0.2250000000000001 0.1875 0.301388888888889 0.21796875 0.301388888888889
0 0.70859375 0.27500000000000013 0.66953125 0.27500000000000013 0.66953125 0.3694444444444446 0.70859375 0.3694444444444446
0 0.38359375 0.22777777777777786 0.3515625 0.22777777777777786 0.3515625 0.30555555555555564 0.38359375 0.30555555555555564
0 0.33828125 0.15138888888888896 0.309375 0.15138888888888896 0.309375 0.21805555555555564 0.33828125 0.21805555555555564
