0 0.83046875 0.4222222222222224 0.778125 0.4222222222222224 0.778125 0.5236111111111112 0.83046875 0.5236111111111112
0 0.75625 0.3680555555555557 0.709375 0.3680555555555557 0.709375 0.45277777777777795 0.75625 0.45277777777777795
0 0.73125 0.41666666666666685 0.67890625 0.41666666666666685 0.67890625 0.5125000000000002 0.73125 0.5125000000000002
0 0.66328125 0.35000000000000014 0.6125 0.35000000000000014 0.6125 0.4486111111111113 0.66328125 0.4486111111111113
0 0.58203125 0.44583333333333347 0.5078125 0.44583333333333347 0.5078125 0.5833333333333335 0.58203125 0.5833333333333335
0 0.61953125 0.16250000000000012 0.58515625 0.16250000000000012 0.58515625 0.22916666666666682 0.61953125 0.22916666666666682
0 0.54140625 0.19444444444444453 0.50625 0.19444444444444453 0.50625 0.26250000000000007 0.54140625 0.26250000000000007
0 0.5 0.11805555555555568 0.4671875 0.11805555555555568 0.4671875 0.18055555555555564 0.5 0.18055555555555564
0 0.44140625 0.1736111111111112 0.40390625 0.1736111111111112 0.40390625 0.25000000000000006 0.44140625 0.25000000000000006
0 0.4375 0.08472222222222231 0.4078125 0.0847222222222223 0.4078125 0.1486111111111112 0.4375 0.1486111111111112
0 0.4046875 0.06944444444444452 0.3734375 0.06944444444444452 0.3734375 0.1347222222222223 0.4046875 0.1347222222222223
0 0.4515625 0.24166666666666675 0.396875 0.24166666666666675 0.396875 0.34166666666666673 0.4515625 0.34166666666666673
0 0.39765625 0.11250000000000007 0.36171875 0.11250000000000007 0.36171875 0.18750000000000008 0.39765625 0.18750000000000008
0 0.321875 0.05555555555555562 0.2875 0.055555555555555615 0.2875 0.13055555555555565 0.321875 0.13055555555555565
0 0.37578125 0.16111111111111118 0.334375 0.16111111111111118 0.334375 0.2486111111111112 0.37578125 0.2486111111111112
0 0.33125 0.12083333333333342 0.296875 0.12083333333333342 0.296875 0.18750000000000008 0.33125 0.18750000000000008
0 0.58671875 0.17222222222222233 0.5453125 0.17222222222222233 0.5453125 0.25277777777777793 0.58671875 0.25277777777777793
0 0.53984375 0.1527777777777779 0.5109375 0.1527777777777779 0.5109375 0.20694444444444451 0.53984375 0.20694444444444451
0 0.503125 0.15694444444444455 0.446875 0.15694444444444453 0.446875 0.26805555555555566 0.503125 0.26805555555555566
0 0.28203125 0.1708333333333334 0.2453125 0.17083333333333336 0.2453125 0.24444444444444452 0.28203125 0.24444444444444452
0 0.21171875 0.11527777777777781 0.17578125 0.11527777777777781 0.17578125 0.19027777777777782 0.21171875 0.19027777777777785
0 0.2453125 0.1430555555555556 0.209375 0.1430555555555556 0.209375 0.2250000000000001 0.2453125 0.2250000000000001
0 0.72265625 0.3569444444444446 0.6796875 0.3569444444444446 0.6796875 0.4319444444444446 0.72265625 0.4319444444444446
0 0.40859375 0.19166666666666674 0.37109375 0.19166666666666674 0.37109375 0.2750000000000001 0.40859375 0.2750000000000001
0 0.37109375 0.10277777777777786 0.3375 0.10277777777777786 0.3375 0.17500000000000007 0.37109375 0.17500000000000007
0 0.278125 0.09722222222222228 0.23828125 0.09722222222222227 0.23828125 0.17638888888888896 0.278125 0.17638888888888896