0 0.775 0.17361111111111127 0.72890625 0.17361111111111127 0.72890625 0.25972222222222235 0.775 0.25972222222222235
0 0.71640625 0.1833333333333335 0.66953125 0.1833333333333335 0.66953125 0.2680555555555557 0.71640625 0.2680555555555557
0 0.69140625 0.24722222222222237 0.6484375 0.24722222222222237 0.6484375 0.32916666666666683 0.69140625 0.32916666666666683
0 0.6125 0.25277777777777793 0.5671875 0.25277777777777793 0.5671875 0.3388888888888891 0.6125 0.3388888888888891
0 0.565625 0.3819444444444446 0.49140625 0.3819444444444446 0.49140625 0.5180555555555557 0.565625 0.5180555555555557
0 0.53046875 0.10833333333333345 0.4859375 0.10833333333333345 0.4859375 0.19027777777777785 0.53046875 0.19027777777777785
0 0.46328125 0.2111111111111112 0.4296875 0.2111111111111112 0.4296875 0.2805555555555556 0.46328125 0.2805555555555556
0 0.39609375 0.19444444444444453 0.36875 0.19444444444444453 0.36875 0.23888888888888896 0.39609375 0.23888888888888896
0 0.36640625 0.2819444444444445 0.334375 0.2819444444444445 0.334375 0.3472222222222223 0.36640625 0.3472222222222223
0 0.33984375 0.20416666666666675 0.3078125 0.20416666666666675 0.3078125 0.26944444444444454 0.33984375 0.26944444444444454
0 0.303125 0.22638888888888897 0.27734375 0.22638888888888897 0.27734375 0.28333333333333344 0.303125 0.28333333333333344
0 0.3453125 0.3222222222222223 0.3078125 0.3222222222222223 0.3078125 0.3972222222222222 0.3453125 0.3972222222222222
0 0.3234375 0.26388888888888895 0.29453125 0.26388888888888895 0.29453125 0.3222222222222223 0.3234375 0.3222222222222223
0 0.2390625 0.29027777777777786 0.203125 0.29027777777777786 0.203125 0.3611111111111111 0.2390625 0.3611111111111111
0 0.31171875 0.3236111111111112 0.27734375 0.3236111111111112 0.27734375 0.4083333333333333 0.31171875 0.4083333333333333
0 0.24921875 0.3486111111111112 0.21484375 0.3486111111111112 0.21484375 0.4152777777777778 0.24921875 0.4152777777777778
0 0.203125 0.37777777777777777 0.16875000000000004 0.37777777777777777 0.16875000000000004 0.44166666666666665 0.203125 0.44166666666666665
0 0.4953125 0.16250000000000012 0.45703125 0.16250000000000012 0.45703125 0.23750000000000007 0.4953125 0.23750000000000007
0 0.446875 0.1722222222222223 0.41640625 0.1722222222222223 0.41640625 0.22777777777777786 0.446875 0.22777777777777786
0 0.42109375 0.22638888888888897 0.371875 0.22638888888888897 0.371875 0.34166666666666673 0.42109375 0.34166666666666673
0 0.2875 0.26944444444444454 0.253125 0.26944444444444454 0.253125 0.3375000000000001 0.2875 0.3375000000000001
0 0.22890625 0.4222222222222222 0.19218750000000004 0.4222222222222222 0.19218750000000004 0.49583333333333335 0.22890625 0.49583333333333335
0 0.15312500000000004 0.43333333333333335 0.12109375000000004 0.43333333333333335 0.12109375000000004 0.5 0.15312500000000004 0.5
0 0.19140625000000006 0.425 0.15703125000000004 0.425 0.15703125000000004 0.49722222222222223 0.19140625000000006 0.49722222222222223
0 0.40234375 0.3430555555555556 0.35390625 0.3430555555555556 0.35390625 0.4319444444444445 0.40234375 0.4319444444444446