0 0.23359375000000004 0.6138888888888889 0.19531250000000006 0.6138888888888889 0.19531250000000006 0.6861111111111111 0.2335937500000001 0.6861111111111111
0 0.29140625000000003 0.6347222222222222 0.253125 0.6347222222222222 0.25312500000000004 0.7055555555555556 0.2914062500000001 0.7055555555555556
0 0.32109375000000007 0.5861111111111111 0.2859375 0.5861111111111111 0.28593750000000007 0.6555555555555556 0.32109375000000007 0.6555555555555556
0 0.40078125 0.6180555555555557 0.36328125 0.6180555555555557 0.36328125000000006 0.690277777777778 0.40078125 0.690277777777778
0 0.4953125 0.4777777777777779 0.434375 0.4777777777777779 0.434375 0.5916666666666668 0.4953125 0.5916666666666668
0 0.45625 0.7986111111111112 0.4203125 0.7986111111111112 0.4203125 0.8680555555555556 0.45625 0.8680555555555556
0 0.52578125 0.7416666666666667 0.49921875 0.7416666666666667 0.49921875 0.8013888888888889 0.52578125 0.8013888888888889
0 0.58125 0.8138888888888889 0.5578125 0.8138888888888889 0.5578125 0.8486111111111111 0.58125 0.8486111111111111
0 0.628125 0.7236111111111111 0.603125 0.7236111111111111 0.603125 0.7805555555555556 0.628125 0.7805555555555556
0 0.64140625 0.8111111111111111 0.615625 0.8111111111111111 0.615625 0.8680555555555556 0.64140625 0.8680555555555556
0 0.67421875 0.8152777777777778 0.6546875 0.8152777777777778 0.6546875 0.8652777777777778 0.67421875 0.8652777777777778
0 0.66015625 0.688888888888889 0.63046875 0.688888888888889 0.63046875 0.7527777777777778 0.66015625 0.7527777777777778
0 0.66328125 0.7680555555555556 0.63984375 0.7680555555555556 0.63984375 0.8180555555555555 0.66328125 0.8180555555555555
0 0.75625 0.7750000000000004 0.72734375 0.7750000000000004 0.72734375 0.8347222222222226 0.75625 0.8347222222222226
0 0.68984375 0.6916666666666669 0.66484375 0.6916666666666669 0.66484375 0.7680555555555556 0.68984375 0.7680555555555556
0 0.753125 0.716666666666667 0.72578125 0.716666666666667 0.72578125 0.7736111111111115 0.753125 0.7736111111111115
0 0.80234375 0.7152777777777781 0.77421875 0.7152777777777781 0.77421875 0.7694444444444447 0.80234375 0.7694444444444447
0 0.4921875 0.7680555555555556 0.4609375 0.7680555555555556 0.4609375 0.8319444444444445 0.4921875 0.8319444444444445
0 0.53203125 0.7986111111111112 0.50703125 0.7986111111111112 0.50703125 0.8458333333333333 0.53203125 0.8458333333333333
0 0.584375 0.7069444444444446 0.54765625 0.7069444444444446 0.54765625 0.8097222222222222 0.584375 0.8097222222222222
0 0.7046875 0.7736111111111111 0.67734375 0.7736111111111111 0.67734375 0.8319444444444445 0.7046875 0.8319444444444445
0 0.78671875 0.6500000000000001 0.75703125 0.6500000000000001 0.75703125 0.7138888888888892 0.78671875 0.7138888888888892
0 0.85703125 0.6819444444444446 0.83125 0.6819444444444446 0.83125 0.7402777777777781 0.85703125 0.7402777777777781
0 0.8203125 0.6666666666666669 0.79375 0.6666666666666669 0.79375 0.729166666666667 0.8203125 0.729166666666667
0 0.61953125 0.6319444444444446 0.5796875 0.6319444444444446 0.5796875 0.7069444444444446 0.61953125 0.7069444444444446