0 0.240625 0.27777777777777785 0.2015625 0.27777777777777785 0.2015625 0.35277777777777786 0.240625 0.35277777777777786
0 0.29921875 0.2666666666666667 0.259375 0.2666666666666667 0.259375 0.33888888888888896 0.29921875 0.33888888888888896
0 0.3265625 0.31944444444444453 0.290625 0.31944444444444453 0.290625 0.39166666666666666 0.3265625 0.39166666666666666
0 0.4078125 0.2958333333333334 0.36953125 0.2958333333333334 0.36953125 0.3708333333333335 0.4078125 0.3708333333333335
0 0.49765625 0.40277777777777796 0.43515625 0.40277777777777796 0.43515625 0.5208333333333335 0.49765625 0.5208333333333335
0 0.4703125 0.1250000000000001 0.4328125 0.12500000000000008 0.4328125 0.19583333333333341 0.4703125 0.19583333333333341
0 0.53671875 0.20000000000000007 0.50859375 0.20000000000000007 0.50859375 0.26250000000000007 0.53671875 0.26250000000000007
0 0.59375 0.16111111111111123 0.56953125 0.16111111111111123 0.56953125 0.19722222222222238 0.59375 0.19722222222222238
0 0.63828125 0.2347222222222224 0.6125 0.2347222222222224 0.6125 0.29305555555555574 0.63828125 0.29305555555555574
0 0.6546875 0.14861111111111125 0.628125 0.14861111111111122 0.628125 0.2069444444444446 0.6546875 0.2069444444444446
0 0.6875 0.1569444444444446 0.66640625 0.1569444444444446 0.66640625 0.20833333333333348 0.6875 0.20833333333333348
0 0.66875 0.26527777777777795 0.6375 0.26527777777777795 0.6375 0.3305555555555557 0.66875 0.3305555555555557
0 0.675 0.20138888888888903 0.65078125 0.20138888888888903 0.65078125 0.25277777777777793 0.675 0.25277777777777793
0 0.76796875 0.1958333333333335 0.73828125 0.1958333333333335 0.73828125 0.25833333333333347 0.76796875 0.25833333333333347
0 0.69921875 0.2541666666666668 0.67265625 0.2541666666666668 0.67265625 0.3319444444444446 0.69921875 0.3319444444444446
0 0.76328125 0.2569444444444446 0.734375 0.2569444444444446 0.734375 0.31527777777777793 0.76328125 0.31527777777777793
0 0.81171875 0.26666666666666683 0.78203125 0.26666666666666683 0.78203125 0.32222222222222235 0.81171875 0.32222222222222235
0 0.5046875 0.16527777777777788 0.47265625 0.16527777777777788 0.47265625 0.23055555555555562 0.5046875 0.23055555555555562
0 0.54453125 0.15694444444444455 0.51875 0.15694444444444455 0.51875 0.20555555555555569 0.54453125 0.2055555555555557
0 0.5953125 0.19861111111111127 0.55703125 0.19861111111111127 0.55703125 0.3041666666666668 0.5953125 0.3041666666666668
0 0.71640625 0.1930555555555557 0.68828125 0.1930555555555557 0.68828125 0.25277777777777793 0.71640625 0.25277777777777793
0 0.79375 0.3194444444444446 0.76328125 0.3194444444444446 0.76328125 0.38472222222222235 0.79375 0.38472222222222235
0 0.86484375 0.3027777777777779 0.83828125 0.3027777777777779 0.83828125 0.36250000000000016 0.86484375 0.36250000000000016
0 0.828125 0.3097222222222224 0.8 0.3097222222222224 0.8 0.3736111111111113 0.828125 0.3736111111111113
0 0.62734375 0.3069444444444446 0.5859375 0.3069444444444446 0.5859375 0.38333333333333347 0.62734375 0.38333333333333347