0 0.2453125 0.2597222222222223 0.2046875 0.2597222222222223 0.2046875 0.3361111111111112 0.2453125 0.3361111111111112
0 0.3046875 0.251388888888889 0.26328125 0.251388888888889 0.26328125 0.32638888888888895 0.3046875 0.32638888888888895
0 0.33046875 0.3069444444444445 0.29296875 0.3069444444444445 0.29296875 0.38055555555555554 0.33046875 0.38055555555555554
0 0.41171875 0.2875000000000001 0.371875 0.2875000000000001 0.371875 0.3652777777777779 0.41171875 0.3652777777777779
0 0.5 0.39861111111111125 0.43515625 0.39861111111111125 0.43515625 0.5194444444444446 0.5 0.5194444444444446
0 0.47734375 0.12083333333333343 0.43828125 0.12083333333333342 0.43828125 0.19444444444444453 0.47734375 0.19444444444444453
0 0.54296875 0.20138888888888898 0.5140625 0.20138888888888898 0.5140625 0.26527777777777783 0.54296875 0.26527777777777783
0 0.60078125 0.16527777777777788 0.57578125 0.16527777777777788 0.57578125 0.20277777777777795 0.60078125 0.20277777777777795
0 0.64375 0.24166666666666684 0.61640625 0.24166666666666684 0.61640625 0.30138888888888904 0.64375 0.30138888888888904
0 0.66171875 0.15694444444444458 0.634375 0.15694444444444455 0.634375 0.2166666666666668 0.66171875 0.2166666666666668
0 0.69453125 0.16666666666666682 0.67265625 0.16666666666666682 0.67265625 0.2194444444444446 0.69453125 0.2194444444444446
0 0.6734375 0.27361111111111125 0.64140625 0.27361111111111125 0.64140625 0.34166666666666684 0.6734375 0.34166666666666684
0 0.68046875 0.21111111111111128 0.65546875 0.21111111111111128 0.65546875 0.26388888888888906 0.68046875 0.26388888888888906
0 0.7734375 0.21111111111111128 0.7421875 0.21111111111111128 0.7421875 0.27500000000000013 0.7734375 0.27500000000000013
0 0.703125 0.26527777777777795 0.67578125 0.26527777777777795 0.67578125 0.3444444444444446 0.703125 0.3444444444444446
0 0.76796875 0.2708333333333335 0.73828125 0.2708333333333335 0.73828125 0.3305555555555557 0.76796875 0.3305555555555557
0 0.81640625 0.2847222222222224 0.7859375 0.2847222222222224 0.7859375 0.34166666666666684 0.81640625 0.34166666666666684
0 0.5109375 0.163888888888889 0.47734375 0.163888888888889 0.47734375 0.23055555555555562 0.5109375 0.23055555555555562
0 0.5515625 0.15833333333333346 0.525 0.15833333333333346 0.525 0.20833333333333345 0.5515625 0.20833333333333348
0 0.6015625 0.20277777777777795 0.5609375 0.20277777777777795 0.5609375 0.3097222222222224 0.6015625 0.3097222222222224
0 0.72265625 0.20416666666666683 0.69296875 0.20416666666666683 0.69296875 0.26666666666666683 0.72265625 0.26666666666666683
0 0.79765625 0.33611111111111125 0.765625 0.33611111111111125 0.765625 0.40277777777777796 0.79765625 0.40277777777777796
0 0.86875 0.3236111111111113 0.84140625 0.3236111111111113 0.84140625 0.38472222222222235 0.86875 0.38472222222222235
0 0.83125 0.32777777777777795 0.80234375 0.32777777777777795 0.80234375 0.3930555555555557 0.83125 0.3930555555555557
0 0.63046875 0.3111111111111113 0.5875 0.3111111111111113 0.5875 0.39027777777777795 0.63046875 0.39027777777777795