0 0.23359375 0.313888888888889 0.1953125 0.313888888888889 0.19531250000000003 0.3861111111111111 0.23359375 0.3861111111111111
0 0.29140625 0.2944444444444445 0.253125 0.2944444444444445 0.253125 0.36527777777777776 0.29140625 0.36527777777777776
0 0.32109375 0.3444444444444445 0.2859375 0.3444444444444445 0.2859375 0.41388888888888886 0.32109375 0.41388888888888886
0 0.3984375 0.3069444444444445 0.3578125 0.3069444444444445 0.3578125 0.3847222222222223 0.3984375 0.38472222222222235
0 0.48515625 0.36111111111111127 0.42421875 0.36111111111111127 0.42421875 0.47500000000000014 0.48515625 0.47500000000000014
0 0.45625 0.13194444444444453 0.4203125 0.13194444444444453 0.4203125 0.20138888888888898 0.45625 0.20138888888888898
0 0.5359375 0.15138888888888902 0.51171875 0.15138888888888902 0.51171875 0.2097222222222223 0.5359375 0.2097222222222223
0 0.57734375 0.14861111111111122 0.55390625 0.14861111111111122 0.55390625 0.1833333333333335 0.57734375 0.1833333333333335
0 0.628125 0.2208333333333335 0.603125 0.2208333333333335 0.603125 0.27777777777777796 0.628125 0.27777777777777796
0 0.64140625 0.13333333333333347 0.615625 0.13333333333333344 0.615625 0.19027777777777793 0.64140625 0.19027777777777793
0 0.67421875 0.13611111111111127 0.6546875 0.13611111111111127 0.6546875 0.18611111111111128 0.67421875 0.18611111111111128
0 0.66015625 0.24722222222222237 0.63046875 0.24722222222222237 0.63046875 0.3111111111111113 0.66015625 0.3111111111111113
0 0.66875 0.18472222222222237 0.6453125 0.18472222222222237 0.6453125 0.2347222222222224 0.66875 0.2347222222222224
0 0.75625 0.16666666666666682 0.72734375 0.16666666666666682 0.72734375 0.22638888888888906 0.75625 0.22638888888888906
0 0.70078125 0.2319444444444446 0.66484375 0.2319444444444446 0.66484375 0.3166666666666668 0.70078125 0.3166666666666668
0 0.753125 0.22638888888888906 0.72578125 0.22638888888888906 0.72578125 0.2833333333333335 0.753125 0.2833333333333335
0 0.80234375 0.2319444444444446 0.77421875 0.2319444444444446 0.77421875 0.28611111111111126 0.80234375 0.28611111111111126
0 0.49453125 0.16944444444444456 0.46328125 0.16944444444444456 0.46328125 0.23333333333333342 0.49453125 0.23333333333333342
0 0.5234375 0.18888888888888897 0.49921875 0.18888888888888897 0.49921875 0.2527777777777779 0.5234375 0.2527777777777779
0 0.5828125 0.19027777777777793 0.54609375 0.19027777777777793 0.54609375 0.29305555555555574 0.5828125 0.29305555555555574
0 0.70078125 0.1694444444444446 0.6734375 0.1694444444444446 0.6734375 0.22777777777777794 0.70078125 0.22777777777777794
0 0.8078125 0.3194444444444446 0.778125 0.3194444444444446 0.778125 0.38333333333333347 0.8078125 0.38333333333333347
0 0.85703125 0.2611111111111113 0.83125 0.2611111111111113 0.83125 0.3194444444444446 0.85703125 0.3194444444444446
0 0.8203125 0.27222222222222237 0.79375 0.27222222222222237 0.79375 0.33472222222222237 0.8203125 0.33472222222222237
0 0.61953125 0.29166666666666685 0.5796875 0.29166666666666685 0.5796875 0.3666666666666668 0.61953125 0.3666666666666668