0 0.228125 0.5569444444444445 0.18593750000000003 0.5569444444444445 0.18593750000000003 0.6361111111111111 0.228125 0.6361111111111111
0 0.28437500000000004 0.5888888888888889 0.2421875 0.5888888888888889 0.24218750000000006 0.6666666666666666 0.2843750000000001 0.6666666666666666
0 0.3171875 0.5472222222222223 0.278125 0.5472222222222223 0.278125 0.6222222222222222 0.3171875 0.6222222222222222
0 0.3921875 0.588888888888889 0.34765625 0.5888888888888889 0.34765625000000006 0.6736111111111112 0.3921875000000001 0.6736111111111113
0 0.48359375 0.5111111111111113 0.41640625 0.5111111111111113 0.41640625 0.6347222222222224 0.48359375 0.6347222222222224
0 0.43828125 0.7833333333333333 0.3984375000000001 0.7833333333333333 0.3984375000000001 0.8583333333333333 0.43828125 0.8583333333333333
0 0.51875 0.7916666666666666 0.490625 0.7916666666666666 0.490625 0.8541666666666666 0.51875 0.8541666666666666
0 0.5578125 0.825 0.5328125 0.825 0.5328125 0.8638888888888889 0.5578125 0.8638888888888889
0 0.6140625 0.7416666666666667 0.5859375 0.7416666666666667 0.5859375 0.8027777777777778 0.6140625 0.8027777777777778
0 0.62265625 0.8305555555555556 0.59375 0.8305555555555556 0.59375 0.8916666666666667 0.62265625 0.8916666666666667
0 0.6546875 0.8416666666666667 0.63203125 0.8416666666666667 0.63203125 0.8944444444444445 0.6546875 0.8944444444444445
0 0.64765625 0.7125 0.6140625 0.7125 0.6140625 0.7819444444444444 0.64765625 0.7819444444444444
0 0.6515625 0.7916666666666666 0.62578125 0.7916666666666666 0.62578125 0.8444444444444444 0.6515625 0.8444444444444444
0 0.73828125 0.815277777777778 0.70625 0.8152777777777778 0.70625 0.8805555555555558 0.73828125 0.8805555555555559
0 0.68828125 0.7138888888888889 0.64765625 0.7138888888888889 0.64765625 0.8041666666666667 0.68828125 0.8041666666666667
0 0.7390625 0.7583333333333335 0.70859375 0.7583333333333333 0.70859375 0.8194444444444446 0.7390625 0.8194444444444448
0 0.78828125 0.7652777777777781 0.75703125 0.7652777777777781 0.75703125 0.8236111111111114 0.78828125 0.8236111111111114
0 0.47890625 0.7597222222222222 0.44453125 0.7597222222222222 0.44453125 0.8277777777777777 0.47890625 0.8277777777777777
0 0.50859375 0.7458333333333333 0.48046875 0.7458333333333333 0.48046875 0.8138888888888889 0.50859375 0.8138888888888889
0 0.5703125 0.7138888888888889 0.528125 0.7138888888888889 0.528125 0.8236111111111111 0.5703125 0.8236111111111111
0 0.68359375 0.8027777777777778 0.653125 0.8027777777777778 0.653125 0.8666666666666667 0.68359375 0.8666666666666667
0 0.79921875 0.6680555555555557 0.76640625 0.6680555555555557 0.76640625 0.7361111111111114 0.79921875 0.7361111111111114
0 0.84375 0.7430555555555559 0.81484375 0.7430555555555559 0.81484375 0.8055555555555559 0.84375 0.8055555555555559
0 0.809375 0.7208333333333337 0.77890625 0.7208333333333337 0.77890625 0.7875000000000003 0.809375 0.7875000000000003
0 0.6109375 0.6472222222222224 0.56640625 0.6472222222222224 0.56640625 0.7291666666666666 0.6109375 0.7291666666666666