0 0.80859375 0.5944444444444446 0.76953125 0.5944444444444446 0.76953125 0.6694444444444446 0.80859375 0.6694444444444446
0 0.7515625 0.6194444444444446 0.71171875 0.6194444444444446 0.71171875 0.6916666666666669 0.7515625 0.6916666666666669
0 0.7171875 0.5736111111111113 0.68125 0.5736111111111113 0.68125 0.6458333333333335 0.7171875 0.6458333333333335
0 0.6421875 0.6069444444444446 0.6 0.6069444444444446 0.6 0.6875000000000001 0.6421875 0.6875000000000001
0 0.57890625 0.5208333333333335 0.51640625 0.5208333333333335 0.51640625 0.6388888888888891 0.57890625 0.6388888888888891
0 0.5875 0.7944444444444444 0.55 0.7944444444444444 0.55 0.8652777777777778 0.5875 0.8652777777777778
0 0.48828125 0.7861111111111111 0.4625 0.7861111111111111 0.4625 0.8458333333333333 0.48828125 0.8458333333333333
0 0.45390625 0.8208333333333333 0.4296875 0.8208333333333333 0.4296875 0.8569444444444444 0.45390625 0.8569444444444444
0 0.40234375 0.7305555555555555 0.3765625000000001 0.7305555555555555 0.3765625000000001 0.7888888888888889 0.40234375 0.7888888888888889
0 0.39140625000000007 0.8180555555555555 0.3648437500000001 0.8180555555555555 0.3648437500000001 0.8763888888888889 0.39140625000000007 0.8763888888888889
0 0.3531250000000001 0.8236111111111111 0.3320312500000001 0.8236111111111111 0.3320312500000001 0.875 0.3531250000000001 0.875
0 0.3703125000000001 0.7638888888888888 0.3375000000000001 0.7638888888888888 0.3375000000000001 0.8291666666666667 0.3703125000000001 0.8291666666666667
0 0.2796875000000001 0.7875 0.2500000000000001 0.7875 0.2500000000000001 0.85 0.2796875000000001 0.85
0 0.3414062500000001 0.6930555555555555 0.3039062500000001 0.6930555555555555 0.3039062500000001 0.7805555555555556 0.3414062500000001 0.7805555555555556
0 0.2796875000000001 0.7305555555555555 0.25078125000000007 0.7305555555555555 0.25078125000000007 0.7888888888888889 0.2796875000000001 0.7888888888888889
0 0.23203125000000008 0.7319444444444444 0.2023437500000001 0.7319444444444444 0.2023437500000001 0.7875 0.23203125000000008 0.7875
0 0.54296875 0.7625 0.5109375 0.7625 0.5109375 0.8277777777777777 0.54296875 0.8277777777777777
0 0.50625 0.7430555555555556 0.4734375 0.7430555555555556 0.4734375 0.8083333333333333 0.50625 0.8083333333333333
0 0.46328125 0.7152777777777778 0.425 0.7152777777777778 0.425 0.8208333333333333 0.46328125 0.8208333333333333
0 0.2406250000000001 0.6583333333333333 0.2101562500000001 0.6583333333333333 0.2101562500000001 0.7236111111111111 0.2406250000000001 0.7236111111111111
0 0.17343750000000005 0.7027777777777777 0.14687500000000003 0.7027777777777777 0.14687500000000003 0.7625 0.17343750000000005 0.7625
0 0.21250000000000008 0.6875 0.18437500000000004 0.6875 0.18437500000000004 0.7513888888888889 0.21250000000000008 0.7513888888888889
0 0.425 0.6388888888888891 0.38359375 0.6388888888888891 0.38359375000000007 0.7152777777777778 0.425 0.7152777777777778