0 0.7859375 0.7361111111111114 0.74140625 0.7361111111111114 0.74140625 0.8180555555555559 0.7859375 0.8180555555555559
0 0.71484375 0.7111111111111111 0.6703125 0.7111111111111111 0.6703125 0.7916666666666666 0.71484375 0.7916666666666666
0 0.7015625 0.6250000000000001 0.64921875 0.6250000000000001 0.64921875 0.7305555555555555 0.7015625 0.7305555555555555
0 0.62109375 0.6500000000000001 0.5734375 0.6500000000000001 0.5734375 0.7388888888888889 0.62109375 0.7388888888888889
0 0.5765625 0.540277777777778 0.50625 0.540277777777778 0.50625 0.6708333333333335 0.5765625 0.6708333333333335
0 0.54609375 0.8111111111111111 0.50390625 0.8111111111111111 0.50390625 0.8902777777777777 0.54609375 0.8902777777777777
0 0.4515625 0.7652777777777777 0.421875 0.7652777777777777 0.421875 0.8291666666666667 0.4515625 0.8291666666666667
0 0.4109375 0.7736111111111111 0.3812500000000001 0.7736111111111111 0.3812500000000001 0.8236111111111111 0.4109375 0.8236111111111111
0 0.3890625000000001 0.6763888888888889 0.3492187500000001 0.6763888888888889 0.3492187500000001 0.7625 0.3890625000000001 0.7625
0 0.3500000000000001 0.7527777777777778 0.3195312500000001 0.7527777777777778 0.3195312500000001 0.8152777777777778 0.3500000000000001 0.8152777777777778
0 0.3117187500000001 0.7444444444444445 0.2875000000000001 0.7444444444444445 0.2875000000000001 0.8 0.3117187500000001 0.8
0 0.33671875000000007 0.6888888888888889 0.2992187500000001 0.6888888888888889 0.2992187500000001 0.7611111111111111 0.33671875000000007 0.7611111111111111
0 0.24375000000000008 0.6736111111111112 0.2093750000000001 0.6736111111111112 0.2093750000000001 0.7416666666666667 0.24375000000000008 0.7416666666666667
0 0.31718750000000007 0.6055555555555555 0.27421875 0.6055555555555555 0.27421875000000007 0.7 0.31718750000000007 0.7
0 0.26484375000000004 0.6222222222222222 0.22890625 0.6222222222222222 0.22890625000000003 0.6986111111111111 0.2648437500000001 0.6986111111111111
0 0.21796875000000004 0.6138888888888889 0.18515625000000005 0.6138888888888889 0.18515625000000005 0.675 0.2179687500000001 0.675
0 0.5046875 0.7611111111111111 0.46796875 0.7611111111111111 0.46796875 0.8333333333333334 0.5046875 0.8333333333333334
0 0.45390625 0.6958333333333335 0.41640625 0.6958333333333335 0.41640625 0.7680555555555556 0.45390625 0.7680555555555556
0 0.41796875 0.7097222222222224 0.3789062500000001 0.7097222222222224 0.3789062500000001 0.7888888888888889 0.41796875 0.7888888888888889
0 0.23671875 0.5458333333333333 0.20078125 0.5458333333333333 0.20078125 0.6208333333333333 0.23671875 0.6208333333333333
0 0.15390625000000005 0.5458333333333333 0.12343750000000005 0.5458333333333333 0.12343750000000005 0.6111111111111112 0.15390625000000005 0.6111111111111112
0 0.19375000000000003 0.5472222222222223 0.16171875000000005 0.5472222222222223 0.16171875000000005 0.6166666666666667 0.19375000000000003 0.6166666666666667
0 0.40625 0.588888888888889 0.359375 0.5888888888888889 0.35937500000000006 0.6736111111111112 0.40625 0.6736111111111113
0 0.3000000000000001 0.6847222222222222 0.2632812500000001 0.6847222222222222 0.2632812500000001 0.7597222222222222 0.3000000000000001 0.7597222222222222
0 0.66796875 0.7375 0.6234375 0.7375 0.6234375 0.8236111111111111 0.66796875 0.8236111111111111
