0 0.81875 0.540277777777778 0.775 0.540277777777778 0.775 0.6222222222222223 0.81875 0.6222222222222223
0 0.76640625 0.5861111111111112 0.72265625 0.5861111111111112 0.72265625 0.6666666666666669 0.76640625 0.6666666666666669
0 0.725 0.501388888888889 0.6734375 0.501388888888889 0.6734375 0.6069444444444446 0.725 0.6069444444444446
0 0.65390625 0.5763888888888891 0.60703125 0.5763888888888891 0.60703125 0.6638888888888891 0.65390625 0.6638888888888891
0 0.59296875 0.502777777777778 0.5234375 0.502777777777778 0.5234375 0.6319444444444446 0.59296875 0.6319444444444446
0 0.6140625 0.7722222222222223 0.57265625 0.7722222222222223 0.57265625 0.85 0.6140625 0.85
0 0.52109375 0.7847222222222222 0.4921875 0.7847222222222222 0.4921875 0.8486111111111111 0.52109375 0.8486111111111111
0 0.478125 0.8194444444444444 0.4484375 0.8194444444444444 0.4484375 0.8694444444444445 0.478125 0.8694444444444445
0 0.44140625 0.7458333333333333 0.40234375 0.7458333333333333 0.40234375 0.8319444444444445 0.44140625 0.8319444444444445
0 0.41796875 0.8402777777777778 0.3882812500000001 0.8402777777777778 0.3882812500000001 0.9027777777777778 0.41796875 0.9027777777777778
0 0.37968750000000007 0.8541666666666666 0.3554687500000001 0.8541666666666666 0.3554687500000001 0.9083333333333333 0.37968750000000007 0.9083333333333333
0 0.3937500000000001 0.7916666666666666 0.3570312500000001 0.7916666666666666 0.3570312500000001 0.8625 0.3937500000000001 0.8625
0 0.3031250000000001 0.8333333333333334 0.2695312500000001 0.8333333333333334 0.2695312500000001 0.9013888888888889 0.3031250000000001 0.9013888888888889
0 0.3609375000000001 0.7263888888888889 0.3187500000000001 0.7263888888888889 0.3187500000000001 0.8194444444444444 0.3609375000000001 0.8194444444444444
0 0.31328125000000007 0.7736111111111111 0.27812500000000007 0.7736111111111111 0.27812500000000007 0.8486111111111111 0.31328125000000007 0.8486111111111111
0 0.2671875000000001 0.7944444444444444 0.23437500000000008 0.7944444444444444 0.23437500000000008 0.8555555555555555 0.2671875000000001 0.8555555555555555
0 0.565625 0.75 0.5296875 0.75 0.5296875 0.8208333333333333 0.565625 0.8208333333333333
0 0.528125 0.7430555555555556 0.49140625 0.7430555555555556 0.49140625 0.8138888888888889 0.528125 0.8138888888888889
0 0.4828125 0.7555555555555555 0.44453125 0.7555555555555555 0.44453125 0.8333333333333334 0.4828125 0.8333333333333334
0 0.2718750000000001 0.7194444444444444 0.2367187500000001 0.7194444444444444 0.2367187500000001 0.7944444444444444 0.2718750000000001 0.7944444444444444
0 0.19375000000000003 0.7722222222222223 0.16328125000000004 0.7722222222222223 0.16328125000000004 0.8361111111111111 0.19375000000000003 0.8361111111111111
0 0.2328125000000001 0.7472222222222222 0.20078125000000008 0.7472222222222222 0.20078125000000008 0.8166666666666667 0.2328125000000001 0.8166666666666667
0 0.43984375 0.6541666666666668 0.3937500000000001 0.6541666666666668 0.3937500000000001 0.7388888888888889 0.43984375 0.7388888888888889
0 0.3593750000000001 0.8097222222222222 0.3226562500000001 0.8097222222222222 0.3226562500000001 0.8847222222222222 0.3593750000000001 0.8847222222222222
0 0.71015625 0.6291666666666669 0.66640625 0.6291666666666669 0.66640625 0.7138888888888889 0.71015625 0.7138888888888889