0 0.8015625 0.6444444444444446 0.76328125 0.6444444444444446 0.76328125 0.716666666666667 0.8015625 0.716666666666667
0 0.7453125 0.6708333333333335 0.70703125 0.6708333333333335 0.70703125 0.7416666666666668 0.7453125 0.741666666666667
0 0.71171875 0.5736111111111113 0.66796875 0.5736111111111113 0.66796875 0.6680555555555557 0.71171875 0.6680555555555557
0 0.63515625 0.6222222222222223 0.59453125 0.6222222222222223 0.59453125 0.7000000000000002 0.63515625 0.7000000000000002
0 0.58046875 0.5291666666666668 0.51953125 0.5291666666666668 0.51953125 0.6430555555555557 0.58046875 0.6430555555555557
0 0.5765625 0.8013888888888889 0.540625 0.8013888888888889 0.540625 0.8708333333333333 0.5765625 0.8708333333333333
0 0.484375 0.7847222222222222 0.46015625 0.7847222222222222 0.46015625 0.8430555555555556 0.484375 0.8430555555555556
0 0.43984375 0.8041666666666667 0.4140625 0.8041666666666667 0.4140625 0.8472222222222222 0.43984375 0.8472222222222222
0 0.409375 0.7180555555555556 0.3765625000000001 0.7180555555555556 0.3765625000000001 0.7958333333333333 0.409375 0.7958333333333333
0 0.3781250000000001 0.8027777777777778 0.35234375000000007 0.8027777777777778 0.35234375000000007 0.8597222222222223 0.3781250000000001 0.8597222222222223
0 0.3390625000000001 0.8041666666666667 0.3195312500000001 0.8041666666666667 0.3195312500000001 0.8541666666666666 0.3390625000000001 0.8541666666666666
0 0.3585937500000001 0.7458333333333333 0.3265625000000001 0.7458333333333333 0.3265625000000001 0.8097222222222222 0.3585937500000001 0.8097222222222222
0 0.2656250000000001 0.7583333333333333 0.2367187500000001 0.7583333333333333 0.2367187500000001 0.8180555555555555 0.2656250000000001 0.8180555555555555
0 0.3312500000000001 0.6722222222222223 0.2953125000000001 0.6722222222222223 0.2953125000000001 0.7569444444444444 0.3312500000000001 0.7569444444444444
0 0.2812500000000001 0.7013888888888888 0.2515625000000001 0.7013888888888888 0.2515625000000001 0.7694444444444445 0.2812500000000001 0.7694444444444445
0 0.23437500000000008 0.7069444444444445 0.2062500000000001 0.7069444444444445 0.2062500000000001 0.7611111111111111 0.23437500000000008 0.7611111111111111
0 0.53125 0.7652777777777777 0.5 0.7652777777777777 0.5 0.8291666666666667 0.53125 0.8291666666666667
0 0.4953125 0.7444444444444445 0.46328125 0.7444444444444445 0.46328125 0.8083333333333333 0.4953125 0.8083333333333333
0 0.4484375 0.7416666666666667 0.415625 0.7416666666666667 0.415625 0.8125 0.4484375 0.8125
0 0.24609375000000006 0.6361111111111111 0.21640625 0.6361111111111111 0.21640625000000005 0.7027777777777777 0.24609375000000008 0.7027777777777777
0 0.16484375000000004 0.6611111111111111 0.13906250000000003 0.6611111111111111 0.13906250000000003 0.7194444444444444 0.16484375000000004 0.7194444444444444
0 0.2054687500000001 0.65 0.17890625000000004 0.65 0.17890625000000004 0.7125 0.2054687500000001 0.7125
0 0.4171875 0.627777777777778 0.37734375 0.627777777777778 0.37734375000000003 0.702777777777778 0.4171875 0.702777777777778
0 0.3226562500000001 0.7527777777777778 0.2914062500000001 0.7527777777777778 0.2914062500000001 0.8194444444444444 0.3226562500000001 0.8194444444444444
0 0.6859375 0.6930555555555558 0.64765625 0.6930555555555558 0.64765625 0.7694444444444445 0.6859375 0.7694444444444445