0 0.2359375 0.38333333333333336 0.19218750000000004 0.38333333333333336 0.19218750000000004 0.4652777777777778 0.2359375 0.4652777777777778
0 0.28046875 0.34583333333333344 0.23671875 0.34583333333333344 0.23671875 0.4263888888888889 0.28046875 0.4263888888888889
0 0.32578125 0.3861111111111111 0.27421875 0.3861111111111111 0.27421875 0.49166666666666664 0.32578125 0.49166666666666664
0 0.39375 0.3375000000000001 0.346875 0.3375000000000001 0.346875 0.4250000000000001 0.39375 0.42500000000000016
0 0.4765625 0.3680555555555557 0.40703125 0.3680555555555557 0.40703125 0.4972222222222224 0.4765625 0.4972222222222224
0 0.42734375 0.15138888888888896 0.3859375 0.15138888888888896 0.3859375 0.22916666666666674 0.42734375 0.22916666666666674
0 0.5078125 0.15138888888888902 0.47890625 0.15138888888888902 0.47890625 0.21527777777777785 0.5078125 0.21527777777777785
0 0.55 0.13611111111111124 0.5203125 0.13611111111111124 0.5203125 0.18611111111111123 0.55 0.18611111111111128
0 0.596875 0.15694444444444455 0.5578125 0.15694444444444455 0.5578125 0.24305555555555572 0.596875 0.24305555555555572
0 0.6125 0.09861111111111123 0.5828125 0.09861111111111123 0.5828125 0.16111111111111123 0.6125 0.16111111111111123
0 0.64453125 0.0916666666666668 0.6203125 0.09166666666666679 0.6203125 0.14583333333333348 0.64453125 0.14583333333333348
0 0.6421875 0.13888888888888903 0.60546875 0.138888888888889 0.60546875 0.2097222222222224 0.6421875 0.2097222222222224
0 0.73046875 0.09861111111111127 0.696875 0.09861111111111127 0.696875 0.16666666666666682 0.73046875 0.16666666666666682
0 0.68125 0.18055555555555572 0.6390625 0.18055555555555572 0.6390625 0.27361111111111125 0.68125 0.27361111111111125
0 0.721875 0.15277777777777793 0.68671875 0.15277777777777793 0.68671875 0.22777777777777794 0.721875 0.22777777777777794
0 0.76640625 0.1444444444444446 0.73359375 0.1444444444444446 0.73359375 0.2055555555555557 0.76640625 0.2055555555555557
0 0.47109375 0.17916666666666675 0.43515625 0.17916666666666675 0.43515625 0.25000000000000006 0.47109375 0.25000000000000006
0 0.509375 0.18750000000000008 0.47265625 0.18750000000000008 0.47265625 0.2583333333333334 0.509375 0.2583333333333334
0 0.76328125 0.2055555555555557 0.728125 0.2055555555555557 0.728125 0.2805555555555557 0.76328125 0.2805555555555557
0 0.8375 0.16388888888888906 0.80703125 0.16388888888888906 0.80703125 0.22777777777777794 0.8375 0.22777777777777794
0 0.79921875 0.1833333333333335 0.7671875 0.1833333333333335 0.7671875 0.25277777777777793 0.79921875 0.25277777777777793
0 0.60625 0.2611111111111113 0.56015625 0.2611111111111113 0.56015625 0.3458333333333335 0.60625 0.3458333333333335
0 0.67109375 0.11250000000000014 0.634375 0.11250000000000011 0.634375 0.18750000000000017 0.67109375 0.18750000000000017
0 0.33359375 0.29166666666666674 0.28984375 0.29166666666666674 0.28984375 0.3763888888888889 0.33359375 0.3763888888888889
