0 0.22890625 0.37083333333333335 0.18671875000000004 0.37083333333333335 0.18671875000000004 0.45 0.22890625 0.45
0 0.26875 0.3361111111111112 0.22578125 0.3361111111111112 0.22578125 0.41388888888888886 0.26875 0.41388888888888886
0 0.32578125 0.375 0.27578125 0.375 0.27578125 0.4777777777777778 0.32578125 0.4777777777777778
0 0.3953125 0.33055555555555566 0.35 0.33055555555555566 0.35 0.41666666666666674 0.3953125 0.41666666666666685
0 0.47734375 0.3666666666666668 0.409375 0.3666666666666668 0.409375 0.4930555555555557 0.47734375 0.4930555555555557
0 0.43359375 0.14583333333333343 0.39296875 0.14583333333333343 0.39296875 0.2222222222222223 0.43359375 0.2222222222222223
0 0.5140625 0.1527777777777779 0.4859375 0.1527777777777779 0.4859375 0.21527777777777785 0.5140625 0.21527777777777785
0 0.553125 0.13472222222222235 0.52421875 0.13472222222222235 0.52421875 0.18333333333333346 0.553125 0.1833333333333335
0 0.60234375 0.16250000000000012 0.5640625 0.16250000000000012 0.5640625 0.24722222222222237 0.60234375 0.24722222222222237
0 0.61875 0.10555555555555568 0.58984375 0.10555555555555568 0.58984375 0.1666666666666668 0.61875 0.1666666666666668
0 0.6515625 0.10000000000000014 0.62890625 0.10000000000000012 0.62890625 0.1541666666666668 0.6515625 0.1541666666666668
0 0.6484375 0.14722222222222237 0.6125 0.14722222222222234 0.6125 0.2166666666666668 0.6484375 0.2166666666666668
0 0.7390625 0.11388888888888905 0.70625 0.11388888888888905 0.70625 0.17916666666666684 0.7390625 0.17916666666666684
0 0.6875 0.19027777777777793 0.646875 0.19027777777777793 0.646875 0.2819444444444446 0.6875 0.2819444444444446
0 0.72734375 0.16666666666666682 0.69296875 0.16666666666666682 0.69296875 0.24027777777777792 0.72734375 0.24027777777777792
0 0.771875 0.16111111111111126 0.73984375 0.16111111111111126 0.73984375 0.2208333333333335 0.771875 0.2208333333333335
0 0.4765625 0.17777777777777787 0.44140625 0.17777777777777787 0.44140625 0.2472222222222223 0.4765625 0.2472222222222223
0 0.51171875 0.18888888888888897 0.47578125 0.18888888888888897 0.47578125 0.2583333333333334 0.51171875 0.2583333333333334
0 0.77265625 0.21805555555555572 0.73828125 0.21805555555555572 0.73828125 0.29166666666666685 0.77265625 0.29166666666666685
0 0.80390625 0.20277777777777795 0.7734375 0.20277777777777795 0.7734375 0.2708333333333335 0.80390625 0.2708333333333335
0 0.609375 0.2680555555555557 0.56484375 0.2680555555555557 0.56484375 0.35000000000000014 0.609375 0.35000000000000014
0 0.67734375 0.12361111111111127 0.6421875 0.12361111111111127 0.6421875 0.19722222222222238 0.67734375 0.19722222222222238
0 0.3359375 0.2805555555555556 0.29296875 0.2805555555555556 0.29296875 0.3638888888888889 0.3359375 0.3638888888888889
0 0.565625 0.176388888888889 0.53046875 0.176388888888889 0.53046875 0.24305555555555566 0.565625 0.24305555555555572
