0 0.803125 0.31250000000000017 0.76484375 0.31250000000000017 0.76484375 0.38472222222222235 0.803125 0.38472222222222235
0 0.76171875 0.2847222222222224 0.7234375 0.2847222222222224 0.7234375 0.35555555555555574 0.76171875 0.35555555555555574
0 0.71484375 0.33750000000000013 0.67109375 0.33750000000000013 0.67109375 0.4319444444444446 0.71484375 0.4319444444444446
0 0.63828125 0.3069444444444446 0.59765625 0.3069444444444446 0.59765625 0.38472222222222235 0.63828125 0.38472222222222235
0 0.58203125 0.36111111111111127 0.52109375 0.36111111111111127 0.52109375 0.47500000000000014 0.58203125 0.47500000000000014
0 0.5828125 0.13333333333333344 0.546875 0.13333333333333344 0.546875 0.20277777777777795 0.5828125 0.20277777777777795
0 0.490625 0.15694444444444455 0.46640625 0.15694444444444455 0.46640625 0.21527777777777785 0.490625 0.21527777777777785
0 0.4515625 0.1486111111111112 0.42578125 0.1486111111111112 0.42578125 0.19166666666666674 0.4515625 0.19166666666666674
0 0.4140625 0.1861111111111112 0.38125 0.1861111111111112 0.38125 0.26388888888888895 0.4140625 0.26388888888888895
0 0.384375 0.13333333333333341 0.35859375 0.13333333333333341 0.35859375 0.19027777777777785 0.384375 0.19027777777777785
0 0.3453125 0.13611111111111118 0.32578125 0.13611111111111118 0.32578125 0.1861111111111112 0.3453125 0.1861111111111112
0 0.365625 0.18055555555555564 0.33359375 0.18055555555555564 0.33359375 0.24444444444444452 0.365625 0.24444444444444452
0 0.26953125 0.1666666666666667 0.240625 0.1666666666666667 0.240625 0.22638888888888897 0.26953125 0.22638888888888897
0 0.334375 0.23194444444444454 0.2984375 0.23194444444444454 0.2984375 0.31666666666666676 0.334375 0.31666666666666676
0 0.2859375 0.21666666666666676 0.25625 0.21666666666666676 0.25625 0.2847222222222223 0.2859375 0.2847222222222223
0 0.2390625 0.2222222222222223 0.2109375 0.2222222222222223 0.2109375 0.27638888888888896 0.2390625 0.27638888888888896
0 0.5375 0.17361111111111122 0.50625 0.17361111111111122 0.50625 0.23750000000000007 0.5375 0.23750000000000007
0 0.50390625 0.19305555555555565 0.471875 0.19305555555555565 0.471875 0.25694444444444453 0.50390625 0.25694444444444453
0 0.2453125 0.27916666666666673 0.215625 0.27916666666666673 0.215625 0.34583333333333344 0.2453125 0.34583333333333344
0 0.209375 0.26944444444444454 0.1828125 0.26944444444444454 0.18281250000000002 0.33194444444444454 0.209375 0.33194444444444454
0 0.42109375 0.29166666666666674 0.38125 0.29166666666666674 0.38125 0.3666666666666668 0.42109375 0.3666666666666668
0 0.334375 0.16388888888888897 0.303125 0.16388888888888897 0.303125 0.23055555555555562 0.334375 0.23055555555555562
0 0.69140625 0.2458333333333335 0.653125 0.2458333333333335 0.653125 0.32222222222222235 0.69140625 0.32222222222222235
0 0.4484375 0.19166666666666674 0.4171875 0.19166666666666674 0.4171875 0.2527777777777779 0.4484375 0.2527777777777779
