0 0.23046875 0.35416666666666674 0.18906250000000005 0.35416666666666674 0.18906250000000005 0.43194444444444446 0.23046875 0.43194444444444446
0 0.275 0.32638888888888895 0.23359375 0.32638888888888895 0.23359375 0.4027777777777778 0.275 0.4027777777777778
0 0.33671875 0.38333333333333336 0.28828125 0.38333333333333336 0.28828125 0.48333333333333334 0.33671875 0.48333333333333334
0 0.396875 0.31250000000000006 0.35234375 0.31250000000000006 0.35234375 0.3958333333333334 0.396875 0.3958333333333335
0 0.47734375 0.36388888888888904 0.41171875 0.36388888888888904 0.41171875 0.48611111111111127 0.47734375 0.48611111111111127
0 0.4390625 0.14305555555555563 0.4 0.14305555555555563 0.4 0.21666666666666676 0.4390625 0.21666666666666676
0 0.51953125 0.1527777777777779 0.4921875 0.1527777777777779 0.4921875 0.21388888888888896 0.51953125 0.21388888888888896
0 0.559375 0.13750000000000012 0.53125 0.13750000000000012 0.53125 0.18472222222222234 0.559375 0.18472222222222237
0 0.6171875 0.16527777777777788 0.58046875 0.16527777777777788 0.58046875 0.24722222222222237 0.6171875 0.24722222222222237
0 0.62578125 0.11250000000000011 0.59765625 0.11250000000000011 0.59765625 0.17222222222222233 0.62578125 0.17222222222222233
0 0.65859375 0.11527777777777791 0.6328125 0.1152777777777779 0.6328125 0.16388888888888903 0.65859375 0.16388888888888906
0 0.65390625 0.15694444444444458 0.61875 0.15694444444444455 0.61875 0.22500000000000014 0.65390625 0.22500000000000014
0 0.7453125 0.12777777777777793 0.71328125 0.12777777777777793 0.71328125 0.19166666666666682 0.7453125 0.19166666666666682
0 0.684375 0.20277777777777795 0.6515625 0.20277777777777795 0.6515625 0.2805555555555557 0.684375 0.2805555555555557
0 0.7328125 0.18055555555555572 0.7 0.18055555555555572 0.7 0.25277777777777793 0.7328125 0.25277777777777793
0 0.7703125 0.18611111111111128 0.73984375 0.18611111111111128 0.73984375 0.24305555555555572 0.7703125 0.24305555555555572
0 0.47265625 0.17638888888888898 0.43828125 0.17638888888888896 0.43828125 0.24444444444444452 0.47265625 0.24444444444444452
0 0.5171875 0.19027777777777785 0.48203125 0.19027777777777785 0.48203125 0.2583333333333334 0.5171875 0.2583333333333334
0 0.7765625 0.23611111111111127 0.74375 0.23611111111111127 0.74375 0.3069444444444446 0.7765625 0.3069444444444446
0 0.80625 0.2208333333333335 0.7765625 0.2208333333333335 0.7765625 0.28750000000000014 0.80625 0.28750000000000014
0 0.6125 0.27500000000000013 0.56875 0.27500000000000013 0.56875 0.35555555555555574 0.6125 0.35555555555555574
0 0.68359375 0.1333333333333335 0.64921875 0.1333333333333335 0.64921875 0.2055555555555557 0.68359375 0.2055555555555557
0 0.33671875 0.2708333333333334 0.2953125 0.2708333333333334 0.2953125 0.35277777777777786 0.33671875 0.35277777777777786
0 0.57109375 0.18055555555555566 0.53671875 0.18055555555555564 0.53671875 0.24583333333333346 0.57109375 0.2458333333333335
