0 0.790625 0.688888888888889 0.7484375 0.688888888888889 0.7484375 0.7680555555555558 0.790625 0.7680555555555558
0 0.721875 0.7277777777777777 0.67890625 0.7277777777777777 0.67890625 0.8055555555555556 0.721875 0.8055555555555556
0 0.64765625 0.7180555555555556 0.61171875 0.7180555555555556 0.61171875 0.7916666666666666 0.64765625 0.7916666666666666
0 0.696875 0.6361111111111113 0.6578125 0.6361111111111113 0.6578125 0.7125 0.696875 0.7125
0 0.621875 0.6333333333333335 0.58046875 0.6333333333333335 0.58046875 0.7138888888888889 0.621875 0.7138888888888889
0 0.5796875 0.5097222222222224 0.51953125 0.5097222222222224 0.51953125 0.6319444444444446 0.5796875 0.6319444444444446
0 0.55390625 0.8152777777777778 0.52265625 0.8152777777777778 0.52265625 0.8777777777777778 0.55390625 0.8777777777777778
0 0.50390625 0.8125 0.4765625 0.8125 0.4765625 0.8638888888888889 0.50390625 0.8638888888888889
0 0.48203125 0.7527777777777778 0.45546875 0.7527777777777778 0.45546875 0.8152777777777778 0.48203125 0.8152777777777778
0 0.46875 0.8277777777777777 0.446875 0.8277777777777777 0.446875 0.8708333333333333 0.46875 0.8708333333333333
0 0.4140625 0.7861111111111111 0.3882812500000001 0.7861111111111111 0.3882812500000001 0.8263888888888888 0.4140625 0.8263888888888888
0 0.38359375000000007 0.7041666666666667 0.3546875000000001 0.7041666666666667 0.3546875000000001 0.7652777777777777 0.38359375000000007 0.7652777777777777
0 0.3515625000000001 0.7638888888888888 0.3265625000000001 0.7638888888888888 0.3265625000000001 0.8152777777777778 0.3515625000000001 0.8152777777777778
0 0.3187500000000001 0.7694444444444445 0.2960937500000001 0.7694444444444445 0.2960937500000001 0.8236111111111111 0.3187500000000001 0.8236111111111111
0 0.35468750000000004 0.6430555555555556 0.32109375 0.6430555555555556 0.32109375000000007 0.7125 0.3546875000000001 0.7125
0 0.3265625000000001 0.7138888888888889 0.3000000000000001 0.7138888888888889 0.3000000000000001 0.7680555555555556 0.3265625000000001 0.7680555555555556
0 0.2515625000000001 0.7013888888888888 0.21875000000000008 0.7013888888888888 0.21875000000000008 0.7666666666666667 0.2515625000000001 0.7666666666666667
0 0.3164062500000001 0.6555555555555556 0.2914062500000001 0.6555555555555556 0.2914062500000001 0.7180555555555556 0.3164062500000001 0.7180555555555556
0 0.25703125000000004 0.6402777777777777 0.22578125 0.6402777777777777 0.22578125000000004 0.7027777777777777 0.2570312500000001 0.7027777777777777
0 0.20468750000000005 0.6402777777777777 0.18125000000000005 0.6402777777777777 0.18125000000000005 0.6875 0.20468750000000008 0.6875
0 0.50390625 0.7611111111111111 0.47734375 0.7611111111111111 0.47734375 0.8208333333333333 0.50390625 0.8208333333333333
0 0.46484375 0.775 0.44140625 0.775 0.44140625 0.8291666666666667 0.46484375 0.8291666666666667
0 0.421875 0.7347222222222223 0.3890625000000001 0.7347222222222223 0.3890625000000001 0.7972222222222223 0.421875 0.7972222222222223
0 0.3000000000000001 0.7180555555555556 0.2687500000000001 0.7180555555555556 0.2687500000000001 0.7819444444444444 0.3000000000000001 0.7819444444444444
0 0.23046875 0.5666666666666667 0.19687500000000005 0.5666666666666667 0.19687500000000005 0.6361111111111111 0.23046875 0.6361111111111111
0 0.17187500000000006 0.5902777777777778 0.14296875000000003 0.5902777777777778 0.14296875000000003 0.6527777777777778 0.17187500000000006 0.6527777777777778
0 0.20078125 0.5763888888888888 0.17343750000000005 0.5763888888888888 0.17343750000000005 0.6444444444444445 0.20078125 0.6444444444444445
