0 0.82109375 0.48055555555555574 0.775 0.48055555555555574 0.775 0.5666666666666669 0.82109375 0.5666666666666669
0 0.76640625 0.563888888888889 0.71953125 0.563888888888889 0.71953125 0.6486111111111112 0.76640625 0.6486111111111112
0 0.6953125 0.6055555555555557 0.65546875 0.6055555555555557 0.65546875 0.6833333333333335 0.6953125 0.6833333333333335
0 0.7234375 0.4958333333333335 0.68046875 0.4958333333333335 0.68046875 0.577777777777778 0.7234375 0.577777777777778
0 0.65390625 0.5472222222222224 0.60859375 0.5472222222222224 0.60859375 0.6333333333333335 0.65390625 0.6333333333333335
0 0.59453125 0.46527777777777796 0.528125 0.46527777777777796 0.528125 0.5958333333333334 0.59453125 0.5958333333333334
0 0.628125 0.7583333333333333 0.59375 0.7583333333333333 0.59375 0.825 0.628125 0.825
0 0.5796875 0.7902777777777777 0.55 0.7902777777777777 0.55 0.8458333333333333 0.5796875 0.8458333333333333
0 0.5484375 0.75 0.51875 0.75 0.51875 0.8166666666666667 0.5484375 0.8166666666666667
0 0.55 0.8277777777777777 0.52578125 0.8277777777777777 0.52578125 0.8736111111111111 0.55 0.8736111111111111
0 0.48984375 0.8277777777777777 0.4625 0.8277777777777777 0.4625 0.8722222222222222 0.48984375 0.8722222222222222
0 0.44765625 0.775 0.415625 0.775 0.415625 0.8402777777777778 0.44765625 0.8402777777777778
0 0.4296875 0.85 0.4015625 0.85 0.4015625 0.9041666666666667 0.4296875 0.9041666666666667
0 0.40078125 0.8791666666666667 0.3750000000000001 0.8791666666666667 0.3750000000000001 0.9361111111111111 0.40078125 0.9361111111111111
0 0.40859375 0.7388888888888889 0.3710937500000001 0.7388888888888889 0.3710937500000001 0.8138888888888889 0.40859375 0.8138888888888889
0 0.3960937500000001 0.8222222222222222 0.3671875000000001 0.8222222222222222 0.3671875000000001 0.8805555555555555 0.3960937500000001 0.8805555555555555
0 0.32500000000000007 0.8638888888888889 0.2890625000000001 0.8638888888888889 0.2890625000000001 0.9347222222222222 0.32500000000000007 0.9347222222222222
0 0.3742187500000001 0.7763888888888889 0.3460937500000001 0.7763888888888889 0.3460937500000001 0.8416666666666667 0.3742187500000001 0.8416666666666667
0 0.3164062500000001 0.8041666666666667 0.28203125000000007 0.8041666666666667 0.28203125000000007 0.8708333333333333 0.3164062500000001 0.8708333333333333
0 0.26640625000000007 0.8388888888888889 0.2406250000000001 0.8388888888888889 0.2406250000000001 0.8902777777777777 0.26640625000000007 0.8902777777777777
0 0.56953125 0.7430555555555556 0.53984375 0.7430555555555556 0.53984375 0.8069444444444445 0.56953125 0.8069444444444445
0 0.53671875 0.7819444444444444 0.5109375 0.7819444444444444 0.5109375 0.8388888888888889 0.53671875 0.8388888888888889
0 0.48984375 0.7777777777777778 0.45390625 0.7777777777777778 0.45390625 0.8444444444444444 0.48984375 0.8444444444444444
0 0.3734375000000001 0.8458333333333333 0.3390625000000001 0.8458333333333333 0.3390625000000001 0.9138888888888889 0.3734375000000001 0.9138888888888889
0 0.2773437500000001 0.7555555555555555 0.2406250000000001 0.7555555555555555 0.2406250000000001 0.8291666666666667 0.2773437500000001 0.8291666666666667
0 0.2273437500000001 0.8166666666666667 0.19531250000000006 0.8166666666666667 0.19531250000000006 0.8833333333333333 0.2273437500000001 0.8833333333333333
0 0.25078125000000007 0.7833333333333333 0.22031250000000008 0.7833333333333333 0.22031250000000008 0.8541666666666666 0.25078125000000007 0.8541666666666666
