0 0.234375 0.30555555555555564 0.196875 0.30555555555555564 0.19687500000000002 0.3763888888888889 0.234375 0.3763888888888889
0 0.3 0.26250000000000007 0.26171875 0.26250000000000007 0.26171875 0.33194444444444454 0.3 0.33194444444444454
0 0.3609375 0.2472222222222223 0.33125 0.2472222222222223 0.33125 0.33194444444444454 0.3609375 0.33194444444444454
0 0.3375 0.34027777777777785 0.2921875 0.34027777777777785 0.2921875 0.4236111111111111 0.3375 0.4236111111111111
0 0.4 0.30277777777777787 0.36328125 0.30277777777777787 0.36328125 0.37500000000000017 0.4 0.37500000000000017
0 0.47890625 0.35555555555555574 0.4265625 0.35555555555555574 0.4265625 0.46527777777777796 0.47890625 0.46527777777777796
0 0.45390625 0.14583333333333343 0.4265625 0.14583333333333343 0.4265625 0.20138888888888898 0.45390625 0.20138888888888898
0 0.5234375 0.19166666666666674 0.5015625 0.19166666666666674 0.5015625 0.25000000000000006 0.5234375 0.25000000000000006
0 0.5734375 0.13750000000000012 0.54765625 0.13750000000000012 0.54765625 0.1833333333333335 0.5734375 0.1833333333333335
0 0.62578125 0.20138888888888903 0.6015625 0.20138888888888903 0.6015625 0.2569444444444446 0.62578125 0.2569444444444446
0 0.64375 0.13750000000000015 0.61796875 0.13750000000000012 0.61796875 0.19861111111111127 0.64375 0.19861111111111127
0 0.6765625 0.13611111111111127 0.6546875 0.13611111111111127 0.6546875 0.19027777777777793 0.6765625 0.19027777777777793
0 0.6703125 0.18611111111111128 0.64375 0.18611111111111128 0.64375 0.24027777777777792 0.6703125 0.24027777777777792
0 0.7515625 0.1708333333333335 0.72265625 0.1708333333333335 0.72265625 0.2305555555555557 0.7515625 0.2305555555555557
0 0.69765625 0.24722222222222237 0.6671875 0.24722222222222237 0.6671875 0.32083333333333347 0.69765625 0.32083333333333347
0 0.74765625 0.23611111111111127 0.7203125 0.23611111111111127 0.7203125 0.29166666666666685 0.74765625 0.29166666666666685
0 0.7875 0.23888888888888904 0.7625 0.23888888888888904 0.7625 0.2944444444444446 0.7875 0.2944444444444446
0 0.49140625 0.1666666666666668 0.46796875 0.1666666666666668 0.46796875 0.2222222222222223 0.49140625 0.2222222222222223
0 0.53515625 0.15555555555555567 0.515625 0.15555555555555567 0.515625 0.20555555555555563 0.53515625 0.20555555555555563
0 0.5796875 0.18888888888888905 0.55078125 0.18888888888888905 0.55078125 0.2444444444444446 0.5796875 0.2444444444444446
0 0.78671875 0.2972222222222224 0.7578125 0.2972222222222224 0.7578125 0.3597222222222224 0.78671875 0.3597222222222224
0 0.81484375 0.2833333333333335 0.7921875 0.2833333333333335 0.7921875 0.3458333333333335 0.81484375 0.3458333333333335
0 0.62109375 0.28750000000000014 0.58125 0.28750000000000014 0.58125 0.3680555555555557 0.62109375 0.3680555555555557