0 0.803125 0.6236111111111112 0.765625 0.6236111111111112 0.765625 0.6944444444444446 0.803125 0.6944444444444446
0 0.73828125 0.6680555555555557 0.70078125 0.6680555555555557 0.70078125 0.7375000000000002 0.73828125 0.7375000000000003
0 0.66875 0.6680555555555557 0.6390625 0.6680555555555557 0.6390625 0.7527777777777778 0.66875 0.7527777777777778
0 0.7078125 0.5763888888888891 0.6625 0.5763888888888891 0.6625 0.6597222222222224 0.7078125 0.6597222222222224
0 0.63671875 0.626388888888889 0.6 0.626388888888889 0.6 0.6986111111111113 0.63671875 0.6986111111111113
0 0.57421875 0.5347222222222224 0.521875 0.5347222222222224 0.521875 0.6444444444444446 0.57421875 0.6444444444444446
0 0.5734375 0.7986111111111112 0.54609375 0.7986111111111112 0.54609375 0.8541666666666666 0.5734375 0.8541666666666666
0 0.4984375 0.75 0.4765625 0.75 0.4765625 0.8083333333333333 0.4984375 0.8083333333333333
0 0.45234375 0.8180555555555555 0.42734375 0.8180555555555555 0.42734375 0.8625 0.45234375 0.8625
0 0.3984375000000001 0.7430555555555556 0.3742187500000001 0.7430555555555556 0.3742187500000001 0.7986111111111112 0.3984375000000001 0.7986111111111112
0 0.3828125000000001 0.8013888888888889 0.3570312500000001 0.8013888888888889 0.3570312500000001 0.8625 0.3828125000000001 0.8625
0 0.3453125000000001 0.8111111111111111 0.3234375000000001 0.8111111111111111 0.3234375000000001 0.8638888888888889 0.3453125000000001 0.8638888888888889
0 0.35625000000000007 0.7597222222222222 0.3296875000000001 0.7597222222222222 0.3296875000000001 0.8138888888888889 0.35625000000000007 0.8138888888888889
0 0.2773437500000001 0.7694444444444445 0.2492187500000001 0.7694444444444445 0.2492187500000001 0.8291666666666667 0.2773437500000001 0.8291666666666667
0 0.33281250000000007 0.6805555555555556 0.3023437500000001 0.6805555555555556 0.3023437500000001 0.7527777777777778 0.33281250000000007 0.7527777777777778
0 0.2796875000000001 0.7083333333333334 0.2523437500000001 0.7083333333333334 0.2523437500000001 0.7638888888888888 0.2796875000000001 0.7638888888888888
0 0.2375000000000001 0.7055555555555556 0.21250000000000008 0.7055555555555556 0.21250000000000008 0.7611111111111111 0.2375000000000001 0.7611111111111111
0 0.53203125 0.7777777777777778 0.509375 0.7777777777777778 0.509375 0.8333333333333334 0.53203125 0.8333333333333334
0 0.484375 0.7944444444444444 0.46484375 0.7944444444444444 0.46484375 0.8444444444444444 0.484375 0.8444444444444444
0 0.44921875 0.7555555555555555 0.4203125 0.7555555555555555 0.4203125 0.8111111111111111 0.44921875 0.8111111111111111
0 0.24296875000000004 0.6402777777777777 0.2140625 0.6402777777777777 0.21406250000000004 0.7027777777777777 0.2429687500000001 0.7027777777777777
0 0.2078125000000001 0.6555555555555556 0.18515625000000005 0.6555555555555556 0.18515625000000005 0.7180555555555556 0.2078125000000001 0.7180555555555556
0 0.41953125 0.6319444444444446 0.3796875 0.6319444444444446 0.37968750000000007 0.7125 0.41953125 0.7125