0 0.80234375 0.6319444444444446 0.7640625 0.6319444444444446 0.7640625 0.7041666666666668 0.80234375 0.7041666666666668
0 0.73671875 0.6736111111111113 0.6984375 0.6736111111111113 0.6984375 0.7444444444444446 0.73671875 0.7444444444444448
0 0.6671875 0.6722222222222224 0.63671875 0.6722222222222224 0.63671875 0.7583333333333333 0.6671875 0.7583333333333333
0 0.70703125 0.5819444444444446 0.6609375 0.5819444444444446 0.6609375 0.6666666666666669 0.70703125 0.6666666666666669
0 0.63515625 0.6291666666666669 0.59765625 0.6291666666666669 0.59765625 0.7013888888888891 0.63515625 0.7013888888888891
0 0.5734375 0.5361111111111113 0.5203125 0.5361111111111113 0.5203125 0.6472222222222224 0.5734375 0.6472222222222224
0 0.5703125 0.8 0.54296875 0.8 0.54296875 0.8569444444444444 0.5703125 0.8569444444444444
0 0.49609375 0.75 0.4734375 0.75 0.4734375 0.8083333333333333 0.49609375 0.8083333333333333
0 0.44921875 0.8152777777777778 0.4234375 0.8152777777777778 0.4234375 0.8611111111111112 0.44921875 0.8611111111111112
0 0.3960937500000001 0.7388888888888889 0.3710937500000001 0.7388888888888889 0.3710937500000001 0.7958333333333333 0.3960937500000001 0.7958333333333333
0 0.37968750000000007 0.7972222222222223 0.3531250000000001 0.7972222222222223 0.3531250000000001 0.8597222222222223 0.37968750000000007 0.8597222222222223
0 0.3429687500000001 0.8055555555555556 0.3203125000000001 0.8055555555555556 0.3203125000000001 0.8597222222222223 0.3429687500000001 0.8597222222222223
0 0.3539062500000001 0.7541666666666667 0.3273437500000001 0.7541666666666667 0.3273437500000001 0.8097222222222222 0.3539062500000001 0.8097222222222222
0 0.2750000000000001 0.7625 0.24609375000000008 0.7625 0.24609375000000008 0.8222222222222222 0.2750000000000001 0.8222222222222222
0 0.3312500000000001 0.6736111111111112 0.3000000000000001 0.6736111111111112 0.3000000000000001 0.7472222222222222 0.3312500000000001 0.7472222222222222
0 0.27812500000000007 0.7 0.25078125000000007 0.7 0.25078125000000007 0.7569444444444444 0.27812500000000007 0.7569444444444444
0 0.23593750000000008 0.6972222222222222 0.2101562500000001 0.6972222222222222 0.2101562500000001 0.7527777777777778 0.23593750000000008 0.7527777777777778
0 0.52890625 0.7791666666666667 0.50546875 0.7791666666666667 0.50546875 0.8347222222222223 0.52890625 0.8347222222222223
0 0.48125 0.7930555555555555 0.46171875 0.7930555555555555 0.46171875 0.8444444444444444 0.48125 0.8444444444444444
0 0.446875 0.7527777777777778 0.4171875 0.7527777777777778 0.4171875 0.8097222222222222 0.446875 0.8097222222222222
0 0.24140625000000004 0.6319444444444444 0.21171875 0.6319444444444444 0.21171875000000004 0.6958333333333333 0.2414062500000001 0.6958333333333333
0 0.20625000000000004 0.6444444444444445 0.18359375000000006 0.6444444444444445 0.18359375000000006 0.7083333333333334 0.2062500000000001 0.7083333333333334
0 0.41796875 0.627777777777778 0.37734375 0.627777777777778 0.37734375000000003 0.7097222222222224 0.41796875 0.7097222222222224