0 0.80859375 0.3305555555555557 0.76953125 0.3305555555555557 0.76953125 0.4055555555555557 0.80859375 0.4055555555555557
0 0.7453125 0.2819444444444446 0.70546875 0.2819444444444446 0.70546875 0.35416666666666685 0.7453125 0.35416666666666685
0 0.67578125 0.2611111111111113 0.64375 0.2611111111111113 0.64375 0.34861111111111126 0.67578125 0.34861111111111126
0 0.7125 0.35555555555555574 0.66484375 0.35555555555555574 0.66484375 0.4430555555555557 0.7125 0.4430555555555557
0 0.6421875 0.31250000000000017 0.60390625 0.31250000000000017 0.60390625 0.3875000000000002 0.6421875 0.3875000000000002
0 0.578125 0.3569444444444446 0.52265625 0.3569444444444446 0.52265625 0.4722222222222224 0.578125 0.4722222222222224
0 0.58359375 0.1500000000000001 0.5546875 0.1500000000000001 0.5546875 0.20833333333333348 0.58359375 0.20833333333333348
0 0.5078125 0.19027777777777785 0.484375 0.19027777777777785 0.484375 0.25000000000000006 0.5078125 0.25000000000000006
0 0.46328125 0.13194444444444453 0.43671875 0.13194444444444453 0.43671875 0.17916666666666675 0.46328125 0.17916666666666675
0 0.4078125 0.19027777777777785 0.38203125 0.19027777777777785 0.38203125 0.2486111111111112 0.4078125 0.2486111111111112
0 0.39296875 0.12500000000000008 0.365625 0.12500000000000008 0.365625 0.18888888888888897 0.39296875 0.18888888888888897
0 0.35625 0.12083333333333342 0.3328125 0.12083333333333342 0.3328125 0.17638888888888896 0.35625 0.17638888888888896
0 0.365625 0.17083333333333342 0.3375 0.17083333333333342 0.3375 0.22777777777777786 0.365625 0.22777777777777786
0 0.2875 0.14722222222222228 0.2578125 0.14722222222222225 0.2578125 0.2097222222222223 0.2875 0.2097222222222223
0 0.340625 0.23055555555555562 0.3078125 0.23055555555555562 0.3078125 0.30555555555555564 0.340625 0.30555555555555564
0 0.28828125 0.21388888888888896 0.259375 0.21388888888888896 0.259375 0.2722222222222223 0.28828125 0.2722222222222223
0 0.24609375 0.21388888888888896 0.21953125 0.21388888888888896 0.21953125 0.2708333333333334 0.24609375 0.2708333333333334
0 0.54140625 0.16805555555555568 0.5171875 0.16805555555555568 0.5171875 0.2250000000000001 0.54140625 0.2250000000000001
0 0.49453125 0.1527777777777779 0.4734375 0.1527777777777779 0.4734375 0.20555555555555563 0.49453125 0.20555555555555563
0 0.45859375 0.18194444444444452 0.428125 0.18194444444444452 0.428125 0.24027777777777787 0.45859375 0.24027777777777787
0 0.2484375 0.2708333333333334 0.21796875 0.2708333333333334 0.21796875 0.3361111111111112 0.2484375 0.3361111111111112
0 0.21484375 0.25416666666666676 0.190625 0.25416666666666676 0.190625 0.31805555555555565 0.21484375 0.31805555555555565
0 0.425 0.27777777777777785 0.38359375 0.27777777777777785 0.38359375 0.36111111111111127 0.425 0.36111111111111127