0 0.234375 0.30555555555555564 0.196875 0.30555555555555564 0.19687500000000002 0.3763888888888889 0.234375 0.3763888888888889
0 0.28515625 0.2847222222222223 0.24765625 0.2847222222222223 0.24765625 0.35416666666666674 0.28515625 0.35416666666666674
0 0.35078125 0.2527777777777779 0.31484375 0.2527777777777779 0.31484375 0.34027777777777785 0.35078125 0.34027777777777785
0 0.3375 0.3333333333333334 0.2921875 0.3333333333333334 0.2921875 0.4166666666666667 0.3375 0.4166666666666667
0 0.4 0.30277777777777787 0.36328125 0.30277777777777787 0.36328125 0.37500000000000017 0.4 0.37500000000000017
0 0.46796875 0.3500000000000001 0.415625 0.3500000000000001 0.415625 0.45972222222222237 0.46796875 0.45972222222222237
0 0.45390625 0.14583333333333343 0.4265625 0.14583333333333343 0.4265625 0.20138888888888898 0.45390625 0.20138888888888898
0 0.5390625 0.20694444444444451 0.51015625 0.20694444444444451 0.51015625 0.26944444444444454 0.5390625 0.26944444444444454
0 0.56796875 0.1402777777777779 0.54296875 0.1402777777777779 0.54296875 0.18611111111111123 0.56796875 0.18611111111111128
0 0.62578125 0.20138888888888903 0.6015625 0.20138888888888903 0.6015625 0.2569444444444446 0.62578125 0.2569444444444446
0 0.64375 0.13750000000000015 0.61796875 0.13750000000000012 0.61796875 0.19861111111111127 0.64375 0.19861111111111127
0 0.678125 0.13611111111111127 0.65625 0.13611111111111127 0.65625 0.19027777777777793 0.678125 0.19027777777777793
0 0.6703125 0.18611111111111128 0.64375 0.18611111111111128 0.64375 0.24027777777777792 0.6703125 0.24027777777777792
0 0.7546875 0.1722222222222224 0.7265625 0.1722222222222224 0.7265625 0.2319444444444446 0.7546875 0.2319444444444446
0 0.696875 0.2305555555555557 0.66640625 0.2305555555555557 0.66640625 0.3027777777777779 0.696875 0.3027777777777779
0 0.75078125 0.23750000000000016 0.7234375 0.23750000000000016 0.7234375 0.29305555555555574 0.75078125 0.29305555555555574
0 0.7875 0.23888888888888904 0.7625 0.23888888888888904 0.7625 0.2944444444444446 0.7875 0.2944444444444446
0 0.48671875 0.16944444444444456 0.46328125 0.16944444444444456 0.46328125 0.22361111111111118 0.48671875 0.22361111111111118
0 0.53515625 0.15555555555555567 0.515625 0.15555555555555567 0.515625 0.20555555555555563 0.53515625 0.20555555555555563
0 0.58046875 0.19027777777777793 0.55234375 0.19027777777777793 0.55234375 0.2458333333333335 0.58046875 0.2458333333333335
0 0.78671875 0.29861111111111127 0.7578125 0.29861111111111127 0.7578125 0.36111111111111127 0.78671875 0.36111111111111127
0 0.81484375 0.2833333333333335 0.7921875 0.2833333333333335 0.7921875 0.3458333333333335 0.81484375 0.3458333333333335
0 0.62109375 0.28750000000000014 0.58125 0.28750000000000014 0.58125 0.3680555555555557 0.62109375 0.3680555555555557