0 0.80703125 0.6041666666666669 0.76796875 0.6041666666666669 0.76796875 0.6777777777777779 0.80703125 0.6777777777777779
0 0.75625 0.6305555555555558 0.7171875 0.6305555555555558 0.7171875 0.702777777777778 0.75625 0.702777777777778
0 0.690625 0.6486111111111112 0.65234375 0.6486111111111112 0.65234375 0.7375 0.690625 0.7375
0 0.7109375 0.5708333333333335 0.6640625 0.5708333333333335 0.6640625 0.6569444444444446 0.7109375 0.6569444444444446
0 0.63984375 0.6180555555555557 0.60234375 0.6180555555555557 0.60234375 0.6916666666666669 0.63984375 0.6916666666666669
0 0.5875 0.5361111111111113 0.5328125 0.5361111111111113 0.5328125 0.6486111111111112 0.5875 0.6486111111111112
0 0.58046875 0.7944444444444444 0.55234375 0.7944444444444444 0.55234375 0.8513888888888889 0.58046875 0.8513888888888889
0 0.49609375 0.7319444444444444 0.465625 0.7319444444444444 0.465625 0.7958333333333333 0.49609375 0.7958333333333333
0 0.46484375 0.8166666666666667 0.43828125 0.8166666666666667 0.43828125 0.8638888888888889 0.46484375 0.8638888888888889
0 0.4046875 0.7486111111111111 0.3789062500000001 0.7486111111111111 0.3789062500000001 0.8055555555555556 0.4046875 0.8055555555555556
0 0.3898437500000001 0.8083333333333333 0.3632812500000001 0.8083333333333333 0.3632812500000001 0.8708333333333333 0.3898437500000001 0.8708333333333333
0 0.3507812500000001 0.8208333333333333 0.3281250000000001 0.8208333333333333 0.3281250000000001 0.875 0.3507812500000001 0.875
0 0.3625000000000001 0.7694444444444445 0.3351562500000001 0.7694444444444445 0.3351562500000001 0.825 0.3625000000000001 0.825
0 0.2804687500000001 0.7833333333333333 0.25078125000000007 0.7833333333333333 0.25078125000000007 0.8444444444444444 0.2804687500000001 0.8444444444444444
0 0.3390625000000001 0.7069444444444445 0.3070312500000001 0.7069444444444445 0.3070312500000001 0.7819444444444444 0.3390625000000001 0.7819444444444444
0 0.28203125000000007 0.7222222222222222 0.2539062500000001 0.7222222222222222 0.2539062500000001 0.7791666666666667 0.28203125000000007 0.7791666666666667
0 0.2429687500000001 0.7222222222222222 0.2171875000000001 0.7222222222222222 0.2171875000000001 0.7791666666666667 0.2429687500000001 0.7791666666666667
0 0.54296875 0.7736111111111111 0.51953125 0.7736111111111111 0.51953125 0.8305555555555556 0.54296875 0.8305555555555556
0 0.490625 0.7958333333333333 0.4703125 0.7958333333333333 0.4703125 0.8472222222222222 0.490625 0.8472222222222222
0 0.45390625 0.7583333333333333 0.42421875 0.7583333333333333 0.42421875 0.8152777777777778 0.45390625 0.8152777777777778
0 0.2468750000000001 0.6555555555555556 0.2171875000000001 0.6555555555555556 0.2171875000000001 0.7194444444444444 0.2468750000000001 0.7194444444444444
0 0.21250000000000008 0.6736111111111112 0.18906250000000005 0.6736111111111112 0.18906250000000005 0.7375 0.21250000000000008 0.7375
0 0.4234375 0.6375000000000002 0.38203125 0.6375000000000002 0.38203125000000004 0.7194444444444444 0.4234375 0.7194444444444444