0 0.26875 0.18194444444444452 0.22265625 0.18194444444444452 0.22265625 0.2666666666666667 0.26875 0.2666666666666667
0 0.3234375 0.17638888888888896 0.27734375 0.17638888888888896 0.27734375 0.2597222222222223 0.3234375 0.2597222222222223
0 0.3890625 0.18055555555555564 0.3421875 0.18055555555555564 0.3421875 0.2805555555555556 0.3890625 0.2805555555555556
0 0.36484375 0.25000000000000006 0.31015625 0.25000000000000006 0.31015625 0.3500000000000001 0.36484375 0.3500000000000001
0 0.43046875 0.25000000000000006 0.38515625 0.25000000000000006 0.38515625 0.3347222222222223 0.43046875 0.3347222222222223
0 0.490625 0.32638888888888895 0.4234375 0.32638888888888895 0.4234375 0.46250000000000013 0.490625 0.46250000000000013
0 0.503125 0.1250000000000001 0.46953125 0.1250000000000001 0.46953125 0.19027777777777785 0.503125 0.19027777777777785
0 0.57109375 0.2125000000000001 0.534375 0.21250000000000008 0.534375 0.2861111111111112 0.57109375 0.28611111111111126
0 0.61484375 0.17083333333333345 0.584375 0.17083333333333345 0.584375 0.22500000000000014 0.61484375 0.22500000000000014
0 0.6625 0.2555555555555557 0.63125 0.2555555555555557 0.63125 0.3194444444444446 0.6625 0.3194444444444446
0 0.6890625 0.19861111111111127 0.65546875 0.19861111111111127 0.65546875 0.2694444444444446 0.6890625 0.2694444444444446
0 0.72265625 0.21527777777777793 0.69453125 0.21527777777777793 0.69453125 0.2763888888888891 0.72265625 0.2763888888888891
0 0.7046875 0.2555555555555557 0.671875 0.2555555555555557 0.671875 0.3194444444444446 0.7046875 0.3194444444444446
0 0.7875 0.27777777777777796 0.7515625 0.27777777777777796 0.7515625 0.3472222222222224 0.7875 0.3472222222222224
0 0.7265625 0.3236111111111113 0.6859375 0.3236111111111113 0.6859375 0.3944444444444446 0.7265625 0.3944444444444446
0 0.77890625 0.34166666666666684 0.7453125 0.34166666666666684 0.7453125 0.4069444444444446 0.77890625 0.4069444444444446
0 0.8140625 0.3597222222222224 0.7828125 0.3597222222222224 0.7828125 0.42361111111111127 0.8140625 0.42361111111111127
0 0.53203125 0.163888888888889 0.50234375 0.163888888888889 0.50234375 0.22638888888888897 0.53203125 0.22638888888888897
0 0.58125 0.17361111111111122 0.55546875 0.17361111111111122 0.55546875 0.2305555555555557 0.58125 0.2305555555555557
0 0.6203125 0.2208333333333335 0.58515625 0.2208333333333335 0.58515625 0.28750000000000014 0.6203125 0.28750000000000014
0 0.80546875 0.4152777777777779 0.76875 0.4152777777777779 0.76875 0.48888888888888904 0.80546875 0.48888888888888904
0 0.83515625 0.4152777777777779 0.8046875 0.4152777777777779 0.8046875 0.48611111111111127 0.83515625 0.48611111111111127
0 0.64609375 0.32916666666666683 0.596875 0.32916666666666683 0.596875 0.42361111111111127 0.64609375 0.42361111111111127
0 0.74765625 0.26388888888888906 0.7046875 0.26388888888888906 0.7046875 0.3472222222222224 0.74765625 0.3472222222222224