0 0.2406250000000001 0.6472222222222223 0.2015625000000001 0.6472222222222223 0.2015625000000001 0.7222222222222222 0.2406250000000001 0.7222222222222222
0 0.29375000000000007 0.6638888888888889 0.2539062500000001 0.6638888888888889 0.2539062500000001 0.7361111111111112 0.29375000000000007 0.7361111111111112
0 0.3531250000000001 0.675 0.3140625000000001 0.675 0.3140625000000001 0.7652777777777777 0.3531250000000001 0.7652777777777777
0 0.34296875000000004 0.5986111111111111 0.2953125 0.5986111111111111 0.29531250000000003 0.6861111111111111 0.3429687500000001 0.6861111111111111
0 0.40625 0.6347222222222224 0.36796875 0.6347222222222224 0.36796875000000007 0.7097222222222224 0.40625 0.7097222222222224
0 0.47421875 0.5291666666666668 0.41796875 0.5291666666666668 0.41796875 0.6500000000000001 0.47421875 0.6500000000000001
0 0.46015625 0.8055555555555556 0.43125 0.8055555555555556 0.43125 0.8791666666666667 0.46015625 0.8791666666666667
0 0.54140625 0.7305555555555555 0.50859375 0.7305555555555555 0.50859375 0.8013888888888889 0.54140625 0.8013888888888889
0 0.59140625 0.8055555555555556 0.55703125 0.8055555555555556 0.55703125 0.8569444444444444 0.59140625 0.8569444444444444
0 0.62734375 0.7291666666666666 0.6015625 0.7291666666666666 0.6015625 0.7875 0.62734375 0.7875
0 0.65390625 0.7875 0.6265625 0.7875 0.6265625 0.8513888888888889 0.65390625 0.8513888888888889
0 0.68515625 0.7930555555555555 0.66171875 0.7930555555555555 0.66171875 0.8486111111111111 0.68515625 0.8486111111111111
0 0.77265625 0.741666666666667 0.74296875 0.741666666666667 0.74296875 0.804166666666667 0.77265625 0.804166666666667
0 0.69921875 0.6722222222222224 0.66875 0.6722222222222224 0.66875 0.7388888888888889 0.69921875 0.7388888888888889
0 0.75859375 0.6833333333333335 0.7296875 0.6833333333333335 0.7296875 0.741666666666667 0.75859375 0.741666666666667
0 0.79453125 0.6791666666666668 0.76796875 0.6791666666666668 0.76796875 0.7361111111111114 0.79453125 0.7361111111111114
0 0.49921875 0.7666666666666667 0.46875 0.7666666666666667 0.46875 0.8361111111111111 0.49921875 0.8361111111111111
0 0.54609375 0.7902777777777777 0.525 0.7902777777777777 0.525 0.8430555555555556 0.54609375 0.8430555555555556
0 0.58984375 0.7472222222222222 0.559375 0.7472222222222222 0.559375 0.8055555555555556 0.58984375 0.8055555555555556
0 0.78828125 0.6125000000000002 0.7578125 0.6125000000000002 0.7578125 0.6777777777777779 0.78828125 0.6777777777777779
0 0.82109375 0.626388888888889 0.796875 0.626388888888889 0.796875 0.690277777777778 0.82109375 0.690277777777778
0 0.6265625 0.6208333333333335 0.58515625 0.6208333333333335 0.58515625 0.7041666666666668 0.6265625 0.7041666666666668
0 0.71328125 0.7388888888888889 0.6765625 0.7388888888888889 0.6765625 0.8125 0.71328125 0.8125
