0 0.81875 0.4083333333333335 0.77421875 0.4083333333333335 0.77421875 0.4916666666666668 0.81875 0.4916666666666668
0 0.7703125 0.3708333333333335 0.725 0.3708333333333335 0.725 0.45277777777777795 0.7703125 0.45277777777777795
0 0.715625 0.31527777777777793 0.66953125 0.31527777777777793 0.66953125 0.41388888888888903 0.715625 0.41388888888888903
0 0.72265625 0.39722222222222237 0.66875 0.39722222222222237 0.66875 0.4958333333333335 0.72265625 0.4958333333333335
0 0.65625 0.3444444444444446 0.6125 0.3444444444444446 0.6125 0.4277777777777779 0.65625 0.4277777777777779
0 0.5984375 0.3722222222222224 0.5328125 0.3722222222222224 0.5328125 0.5055555555555558 0.5984375 0.5055555555555558
0 0.61953125 0.15416666666666679 0.584375 0.15416666666666679 0.584375 0.2347222222222224 0.61953125 0.2347222222222224
0 0.534375 0.19305555555555565 0.49609375 0.19305555555555565 0.49609375 0.2708333333333334 0.534375 0.2708333333333334
0 0.4953125 0.11666666666666678 0.4578125 0.11666666666666678 0.4578125 0.176388888888889 0.4953125 0.176388888888889
0 0.44296875 0.16666666666666674 0.4125 0.16666666666666674 0.4125 0.23055555555555562 0.44296875 0.23055555555555562
0 0.42734375 0.09305555555555564 0.3953125 0.09305555555555564 0.3953125 0.1625000000000001 0.42734375 0.1625000000000001
0 0.39296875 0.08055555555555563 0.365625 0.08055555555555563 0.365625 0.14027777777777786 0.39296875 0.14027777777777786
0 0.3078125 0.0833333333333334 0.2734375 0.0833333333333334 0.2734375 0.15138888888888896 0.3078125 0.15138888888888896
0 0.36953125 0.18055555555555564 0.334375 0.18055555555555564 0.334375 0.25416666666666676 0.36953125 0.25416666666666676
0 0.31171875 0.15138888888888896 0.27890625 0.15138888888888896 0.27890625 0.21527777777777785 0.31171875 0.21527777777777785
0 0.27421875 0.13888888888888895 0.24375 0.13888888888888892 0.24375 0.20138888888888898 0.27421875 0.20138888888888898
0 0.578125 0.17916666666666678 0.5421875 0.17916666666666675 0.5421875 0.25555555555555565 0.578125 0.2555555555555557
0 0.525 0.1500000000000001 0.5 0.1500000000000001 0.5 0.20694444444444451 0.525 0.20694444444444451
0 0.48515625 0.16666666666666677 0.45078125 0.16666666666666674 0.45078125 0.23194444444444454 0.48515625 0.23194444444444454
0 0.275 0.19861111111111118 0.23984375 0.19861111111111118 0.23984375 0.2708333333333334 0.275 0.2708333333333334
0 0.23984375 0.17222222222222225 0.2109375 0.17222222222222225 0.2109375 0.24166666666666675 0.23984375 0.24166666666666675
0 0.4453125 0.2486111111111112 0.39765625 0.2486111111111112 0.39765625 0.34166666666666673 0.4453125 0.34166666666666673
0 0.3734375 0.10277777777777786 0.33125 0.10277777777777786 0.33125 0.1847222222222223 0.3734375 0.1847222222222223
