0 0.81015625 0.34027777777777796 0.7703125 0.34027777777777796 0.7703125 0.4152777777777779 0.81015625 0.4152777777777779
0 0.75859375 0.31527777777777793 0.71796875 0.31527777777777793 0.71796875 0.38888888888888906 0.75859375 0.38888888888888906
0 0.7 0.27361111111111125 0.66015625 0.27361111111111125 0.66015625 0.3652777777777779 0.7 0.3652777777777779
0 0.7140625 0.35416666666666685 0.665625 0.35416666666666685 0.665625 0.4430555555555557 0.7140625 0.4430555555555557
0 0.64375 0.31527777777777793 0.6046875 0.31527777777777793 0.6046875 0.39166666666666683 0.64375 0.39166666666666683
0 0.5890625 0.36250000000000016 0.53125 0.36250000000000016 0.53125 0.4847222222222224 0.5890625 0.4847222222222224
0 0.5921875 0.13472222222222235 0.5625 0.13472222222222235 0.5625 0.2097222222222224 0.5921875 0.2097222222222224
0 0.5109375 0.19444444444444453 0.47734375 0.19444444444444453 0.47734375 0.2666666666666667 0.5109375 0.2666666666666667
0 0.46640625 0.13055555555555565 0.43203125 0.13055555555555565 0.43203125 0.18194444444444452 0.46640625 0.18194444444444452
0 0.41796875 0.19027777777777785 0.39140625 0.19027777777777785 0.39140625 0.2486111111111112 0.41796875 0.2486111111111112
0 0.396875 0.12083333333333342 0.36875 0.12083333333333342 0.36875 0.1847222222222223 0.396875 0.1847222222222223
0 0.36171875 0.11666666666666675 0.3375 0.11666666666666675 0.3375 0.1722222222222223 0.36171875 0.1722222222222223
0 0.278125 0.14166666666666672 0.24765625 0.14166666666666672 0.24765625 0.20416666666666675 0.278125 0.20416666666666675
0 0.346875 0.2222222222222223 0.31640625 0.2222222222222223 0.31640625 0.29027777777777786 0.346875 0.29027777777777786
0 0.2875 0.20694444444444451 0.25859375 0.20694444444444451 0.25859375 0.26527777777777783 0.2875 0.26527777777777783
0 0.24921875 0.20416666666666675 0.221875 0.20416666666666675 0.221875 0.26250000000000007 0.24921875 0.26250000000000007
0 0.55234375 0.16944444444444456 0.52109375 0.16944444444444456 0.52109375 0.2402777777777779 0.55234375 0.24027777777777792
0 0.49765625 0.1527777777777779 0.4765625 0.1527777777777779 0.4765625 0.20555555555555563 0.49765625 0.20555555555555563
0 0.4609375 0.18055555555555564 0.4296875 0.18055555555555564 0.4296875 0.24027777777777787 0.4609375 0.24027777777777787
0 0.2546875 0.26388888888888895 0.2234375 0.26388888888888895 0.2234375 0.33055555555555566 0.2546875 0.33055555555555566
0 0.2171875 0.24444444444444452 0.1921875 0.24444444444444452 0.1921875 0.3097222222222223 0.2171875 0.3097222222222223
0 0.42734375 0.2736111111111112 0.38515625 0.2736111111111112 0.38515625 0.3583333333333335 0.42734375 0.3583333333333335
0 0.34453125 0.1472222222222223 0.30703125 0.1472222222222223 0.30703125 0.2222222222222223 0.34453125 0.2222222222222223
