0 0.2453125 0.2597222222222223 0.2046875 0.2597222222222223 0.2046875 0.3361111111111112 0.2453125 0.3361111111111112
0 0.30546875 0.23194444444444454 0.2640625 0.23194444444444454 0.2640625 0.3069444444444445 0.30546875 0.3069444444444445
0 0.35859375 0.2250000000000001 0.31796875 0.2250000000000001 0.31796875 0.31666666666666676 0.35859375 0.31666666666666676
0 0.34609375 0.30277777777777787 0.296875 0.30277777777777787 0.296875 0.39305555555555555 0.34609375 0.39305555555555555
0 0.41015625 0.2819444444444445 0.3703125 0.2819444444444445 0.3703125 0.3597222222222224 0.41015625 0.3597222222222224
0 0.47734375 0.34583333333333344 0.41875 0.34583333333333344 0.41875 0.4694444444444446 0.47734375 0.4694444444444446
0 0.46796875 0.11805555555555565 0.4375 0.11805555555555564 0.4375 0.19305555555555565 0.46796875 0.19305555555555565
0 0.54765625 0.20000000000000012 0.51328125 0.20000000000000007 0.51328125 0.27222222222222237 0.54765625 0.27222222222222237
0 0.603125 0.17500000000000013 0.5796875 0.17500000000000013 0.5796875 0.2194444444444446 0.603125 0.2194444444444446
0 0.6328125 0.2194444444444446 0.60546875 0.2194444444444446 0.60546875 0.27916666666666684 0.6328125 0.27916666666666684
0 0.66484375 0.16111111111111126 0.6359375 0.16111111111111126 0.6359375 0.22638888888888906 0.66484375 0.22638888888888906
0 0.68828125 0.15972222222222238 0.6640625 0.15972222222222238 0.6640625 0.2166666666666668 0.68828125 0.2166666666666668
0 0.77890625 0.21111111111111128 0.74765625 0.21111111111111128 0.74765625 0.27500000000000013 0.77890625 0.27500000000000013
0 0.70703125 0.23611111111111127 0.67578125 0.23611111111111127 0.67578125 0.3041666666666668 0.70703125 0.3041666666666668
0 0.76328125 0.27361111111111125 0.73359375 0.27361111111111125 0.73359375 0.3333333333333335 0.76328125 0.3333333333333335
0 0.79921875 0.2819444444444446 0.771875 0.2819444444444446 0.771875 0.34027777777777796 0.79921875 0.34027777777777796
0 0.51484375 0.13472222222222235 0.48359375 0.13472222222222235 0.48359375 0.20555555555555563 0.51484375 0.20555555555555563
0 0.55234375 0.15972222222222235 0.53046875 0.15972222222222235 0.53046875 0.2125000000000001 0.55234375 0.21250000000000016
0 0.59609375 0.20000000000000015 0.56484375 0.20000000000000015 0.56484375 0.25972222222222235 0.59609375 0.25972222222222235
0 0.7921875 0.3388888888888891 0.76015625 0.3388888888888891 0.76015625 0.4055555555555557 0.7921875 0.4055555555555557
0 0.82421875 0.32916666666666683 0.79921875 0.32916666666666683 0.79921875 0.3944444444444446 0.82421875 0.3944444444444446
0 0.63046875 0.30138888888888904 0.5875 0.30138888888888904 0.5875 0.3875000000000002 0.63046875 0.3875000000000002
0 0.51171875 0.19861111111111118 0.4796875 0.19861111111111118 0.4796875 0.2611111111111112 0.51171875 0.2611111111111112