0 0.81015625 0.5861111111111112 0.7703125 0.5861111111111112 0.7703125 0.6611111111111113 0.81015625 0.6611111111111113
0 0.753125 0.6319444444444446 0.7125 0.6319444444444446 0.7125 0.7055555555555557 0.753125 0.7055555555555557
0 0.7 0.6361111111111113 0.66015625 0.6361111111111113 0.66015625 0.7277777777777777 0.7 0.7277777777777777
0 0.7140625 0.5569444444444446 0.665625 0.5569444444444446 0.665625 0.6458333333333335 0.7140625 0.6458333333333335
0 0.64375 0.6083333333333335 0.6046875 0.6083333333333335 0.6046875 0.6847222222222223 0.64375 0.6847222222222223
0 0.5890625 0.515277777777778 0.53125 0.515277777777778 0.53125 0.6375000000000002 0.5890625 0.6375000000000002
0 0.5921875 0.7902777777777777 0.5625 0.7902777777777777 0.5625 0.8652777777777778 0.5921875 0.8652777777777778
0 0.5109375 0.7333333333333333 0.47734375 0.7333333333333333 0.47734375 0.8055555555555556 0.5109375 0.8055555555555556
0 0.4484375 0.8027777777777778 0.42578125 0.8027777777777778 0.42578125 0.8472222222222222 0.4484375 0.8472222222222222
0 0.41796875 0.7527777777777778 0.39140625000000007 0.7527777777777778 0.39140625000000007 0.8111111111111111 0.41796875 0.8111111111111111
0 0.3929687500000001 0.8125 0.3648437500000001 0.8125 0.3648437500000001 0.8763888888888889 0.3929687500000001 0.8763888888888889
0 0.3656250000000001 0.8291666666666667 0.3414062500000001 0.8291666666666667 0.3414062500000001 0.8847222222222222 0.3656250000000001 0.8847222222222222
0 0.27812500000000007 0.7958333333333333 0.24765625000000008 0.7958333333333333 0.24765625000000008 0.8583333333333333 0.27812500000000007 0.8583333333333333
0 0.3468750000000001 0.7458333333333333 0.3164062500000001 0.7458333333333333 0.3164062500000001 0.8138888888888889 0.3468750000000001 0.8138888888888889
0 0.2875000000000001 0.7347222222222223 0.25859375000000007 0.7347222222222223 0.25859375000000007 0.7930555555555555 0.2875000000000001 0.7930555555555555
0 0.2492187500000001 0.7375 0.2218750000000001 0.7375 0.2218750000000001 0.7958333333333333 0.2492187500000001 0.7958333333333333
0 0.54609375 0.7902777777777777 0.51484375 0.7902777777777777 0.51484375 0.8611111111111112 0.54609375 0.8611111111111112
0 0.49765625 0.7958333333333333 0.4765625 0.7958333333333333 0.4765625 0.8486111111111111 0.49765625 0.8486111111111111
0 0.4609375 0.7611111111111111 0.4296875 0.7611111111111111 0.4296875 0.8208333333333333 0.4609375 0.8208333333333333
0 0.25468750000000007 0.6694444444444444 0.2234375000000001 0.6694444444444444 0.2234375000000001 0.7361111111111112 0.25468750000000007 0.7361111111111112
0 0.2171875000000001 0.6902777777777778 0.19218750000000004 0.6902777777777778 0.19218750000000004 0.7555555555555555 0.2171875000000001 0.7555555555555555
0 0.42734375 0.6416666666666668 0.38515625 0.6416666666666668 0.38515625000000003 0.7263888888888889 0.42734375 0.7263888888888889
0 0.54453125 0.7361111111111112 0.51328125 0.7361111111111112 0.51328125 0.7972222222222223 0.54453125 0.7972222222222223