0 0.234375 0.30555555555555564 0.196875 0.30555555555555564 0.19687500000000002 0.3763888888888889 0.234375 0.3763888888888889
0 0.29296875 0.26944444444444454 0.25546875 0.26944444444444454 0.25546875 0.33888888888888896 0.29296875 0.33888888888888896
0 0.3453125 0.2527777777777779 0.309375 0.2527777777777779 0.309375 0.34027777777777785 0.3453125 0.34027777777777785
0 0.3375 0.3333333333333334 0.2921875 0.3333333333333334 0.2921875 0.4166666666666667 0.3375 0.4166666666666667
0 0.4 0.30277777777777787 0.36328125 0.30277777777777787 0.36328125 0.37500000000000017 0.4 0.37500000000000017
0 0.4703125 0.3583333333333335 0.4171875 0.3583333333333335 0.4171875 0.47500000000000014 0.4703125 0.47500000000000014
0 0.44921875 0.12777777777777785 0.42265625 0.12777777777777785 0.42265625 0.20000000000000007 0.44921875 0.20000000000000007
0 0.53203125 0.19861111111111118 0.5015625 0.19861111111111118 0.5015625 0.2666666666666667 0.53203125 0.2666666666666667
0 0.58671875 0.16250000000000012 0.56484375 0.16250000000000012 0.56484375 0.20416666666666683 0.58671875 0.20416666666666683
0 0.61875 0.20277777777777795 0.59375 0.20277777777777795 0.59375 0.25972222222222235 0.61875 0.25972222222222235
0 0.64765625 0.14027777777777792 0.621875 0.1402777777777779 0.621875 0.20138888888888903 0.64765625 0.20138888888888903
0 0.67109375 0.13611111111111127 0.64921875 0.13611111111111127 0.64921875 0.18888888888888905 0.67109375 0.18888888888888905
0 0.76328125 0.17361111111111127 0.73515625 0.17361111111111127 0.73515625 0.2333333333333335 0.76328125 0.2333333333333335
0 0.69296875 0.2097222222222224 0.66484375 0.2097222222222224 0.66484375 0.27361111111111125 0.69296875 0.27361111111111125
0 0.75078125 0.23750000000000016 0.7234375 0.23750000000000016 0.7234375 0.29305555555555574 0.75078125 0.29305555555555574
0 0.7875 0.23888888888888904 0.7625 0.23888888888888904 0.7625 0.2944444444444446 0.7875 0.2944444444444446
0 0.496875 0.13750000000000012 0.46796875 0.13750000000000012 0.46796875 0.20555555555555563 0.496875 0.20555555555555563
0 0.53515625 0.15555555555555567 0.515625 0.15555555555555567 0.515625 0.20555555555555563 0.53515625 0.20555555555555563
0 0.58046875 0.19027777777777793 0.55234375 0.19027777777777793 0.55234375 0.2458333333333335 0.58046875 0.2458333333333335
0 0.7828125 0.29861111111111127 0.75390625 0.29861111111111127 0.75390625 0.36111111111111127 0.7828125 0.36111111111111127
0 0.81484375 0.2833333333333335 0.7921875 0.2833333333333335 0.7921875 0.3458333333333335 0.81484375 0.3458333333333335
0 0.62109375 0.28750000000000014 0.58125 0.28750000000000014 0.58125 0.3680555555555557 0.62109375 0.3680555555555557
0 0.496875 0.20138888888888898 0.4671875 0.20138888888888898 0.4671875 0.2597222222222223 0.496875 0.2597222222222223