0 0.81640625 0.3819444444444446 0.7734375 0.3819444444444446 0.7734375 0.46250000000000013 0.81640625 0.46250000000000013
0 0.7625 0.32916666666666683 0.71875 0.32916666666666683 0.71875 0.4083333333333335 0.7625 0.4083333333333335
0 0.71015625 0.30000000000000016 0.66640625 0.30000000000000016 0.66640625 0.3958333333333335 0.71015625 0.3958333333333335
0 0.71953125 0.3819444444444446 0.66796875 0.3819444444444446 0.66796875 0.47638888888888903 0.71953125 0.47638888888888903
0 0.65234375 0.3333333333333335 0.61015625 0.3333333333333335 0.61015625 0.41388888888888903 0.65234375 0.41388888888888903
0 0.59453125 0.3694444444444446 0.53203125 0.3694444444444446 0.53203125 0.4986111111111113 0.59453125 0.4986111111111113
0 0.609375 0.14722222222222234 0.5765625 0.14722222222222234 0.5765625 0.22500000000000014 0.609375 0.22500000000000014
0 0.52578125 0.19305555555555565 0.4890625 0.19305555555555565 0.4890625 0.26805555555555566 0.52578125 0.26805555555555566
0 0.465625 0.14305555555555566 0.440625 0.14305555555555563 0.440625 0.19027777777777785 0.465625 0.19027777777777785
0 0.43359375 0.1736111111111112 0.4046875 0.1736111111111112 0.4046875 0.2361111111111112 0.43359375 0.2361111111111112
0 0.4109375 0.10416666666666674 0.38046875 0.10416666666666674 0.38046875 0.1722222222222223 0.4109375 0.1722222222222223
0 0.38515625 0.09305555555555564 0.35859375 0.09305555555555564 0.35859375 0.15138888888888896 0.38515625 0.15138888888888896
0 0.296875 0.10416666666666673 0.26328125 0.10416666666666671 0.26328125 0.1708333333333334 0.296875 0.17083333333333342
0 0.3625 0.1597222222222223 0.32890625 0.1597222222222223 0.32890625 0.23055555555555562 0.3625 0.23055555555555562
0 0.30234375 0.1708333333333334 0.27109375 0.17083333333333336 0.27109375 0.23333333333333342 0.30234375 0.23333333333333342
0 0.2640625 0.16250000000000003 0.234375 0.16250000000000003 0.234375 0.22361111111111118 0.2640625 0.22361111111111118
0 0.56328125 0.14444444444444457 0.5296875 0.14444444444444457 0.5296875 0.21805555555555567 0.56328125 0.21805555555555572
0 0.51484375 0.1500000000000001 0.49140625 0.1500000000000001 0.49140625 0.20555555555555563 0.51484375 0.20555555555555563
0 0.4765625 0.17222222222222233 0.44296875 0.1722222222222223 0.44296875 0.2347222222222223 0.4765625 0.2347222222222223
0 0.26640625 0.22361111111111118 0.2328125 0.22361111111111118 0.2328125 0.2930555555555556 0.26640625 0.2930555555555556
0 0.23046875 0.19861111111111118 0.203125 0.19861111111111118 0.203125 0.2666666666666667 0.23046875 0.2666666666666667
0 0.43828125 0.25694444444444453 0.3921875 0.25694444444444453 0.3921875 0.3472222222222223 0.43828125 0.3472222222222223
0 0.55859375 0.20694444444444457 0.525 0.20694444444444451 0.525 0.27222222222222237 0.55859375 0.27222222222222237