0 0.815625 0.5472222222222224 0.7734375 0.5472222222222224 0.7734375 0.626388888888889 0.815625 0.626388888888889
0 0.7578125 0.6097222222222224 0.71484375 0.6097222222222224 0.71484375 0.6875000000000001 0.7578125 0.6875000000000001
0 0.70859375 0.6319444444444446 0.665625 0.6319444444444446 0.665625 0.7277777777777777 0.70859375 0.7277777777777777
0 0.73125 0.5319444444444446 0.68046875 0.5319444444444446 0.68046875 0.6250000000000001 0.73125 0.6250000000000001
0 0.64921875 0.5916666666666668 0.6078125 0.5916666666666668 0.6078125 0.6722222222222224 0.64921875 0.6722222222222224
0 0.59921875 0.6125000000000002 0.5375 0.6125000000000002 0.5375 0.7402777777777778 0.59921875 0.7402777777777778
0 0.60078125 0.7819444444444444 0.56875 0.7819444444444444 0.56875 0.8597222222222223 0.60078125 0.8597222222222223
0 0.52734375 0.7402777777777778 0.49140625 0.7402777777777778 0.49140625 0.8152777777777778 0.52734375 0.8152777777777778
0 0.46015625 0.8069444444444445 0.4359375 0.8069444444444445 0.4359375 0.8527777777777777 0.46015625 0.8527777777777777
0 0.42109375 0.7527777777777778 0.3851562500000001 0.7527777777777778 0.3851562500000001 0.8236111111111111 0.42109375 0.8236111111111111
0 0.42578125 0.8125 0.39531250000000007 0.8125 0.39531250000000007 0.8791666666666667 0.42578125 0.8791666666666667
0 0.3812500000000001 0.8486111111111111 0.3554687500000001 0.8486111111111111 0.3554687500000001 0.9069444444444444 0.3812500000000001 0.9069444444444444
0 0.3148437500000001 0.8208333333333333 0.28203125000000007 0.8208333333333333 0.28203125000000007 0.8861111111111111 0.3148437500000001 0.8861111111111111
0 0.3585937500000001 0.7513888888888889 0.3257812500000001 0.7513888888888889 0.3257812500000001 0.8222222222222222 0.3585937500000001 0.8222222222222222
0 0.40625 0.8458333333333333 0.37968750000000007 0.8458333333333333 0.37968750000000007 0.9083333333333333 0.40625 0.9083333333333333
0 0.2617187500000001 0.8736111111111111 0.22812500000000008 0.8736111111111111 0.22812500000000008 0.9430555555555555 0.2617187500000001 0.9430555555555555
0 0.51484375 0.8055555555555556 0.49375 0.8055555555555556 0.49375 0.8527777777777777 0.51484375 0.8527777777777777
0 0.47734375 0.7638888888888888 0.44453125 0.7638888888888888 0.44453125 0.8263888888888888 0.47734375 0.8263888888888888
0 0.2710937500000001 0.7180555555555556 0.2351562500000001 0.7180555555555556 0.2351562500000001 0.7972222222222223 0.2710937500000001 0.7972222222222223
0 0.2171875000000001 0.7236111111111111 0.17656250000000004 0.7236111111111111 0.17656250000000004 0.8111111111111111 0.2171875000000001 0.8111111111111111
0 0.43046875 0.6777777777777779 0.3851562500000001 0.6777777777777779 0.3851562500000001 0.7666666666666667 0.43046875 0.7666666666666667
0 0.56796875 0.7680555555555556 0.534375 0.7680555555555556 0.534375 0.8333333333333334 0.56796875 0.8333333333333334
0 0.3515625000000001 0.8152777777777778 0.3203125000000001 0.8152777777777778 0.3203125000000001 0.8833333333333333 0.3515625000000001 0.8833333333333333
0 0.16875000000000004 0.6861111111111111 0.11953125000000005 0.6861111111111111 0.11953125000000005 0.775 0.16875000000000004 0.775