0 0.234375 0.30555555555555564 0.196875 0.30555555555555564 0.19687500000000002 0.3763888888888889 0.234375 0.3763888888888889
0 0.296875 0.2597222222222223 0.259375 0.2597222222222223 0.259375 0.3291666666666667 0.296875 0.3291666666666667
0 0.34765625 0.23333333333333342 0.3109375 0.23333333333333342 0.3109375 0.3208333333333334 0.34765625 0.3208333333333334
0 0.325 0.33055555555555566 0.28046875 0.33055555555555566 0.28046875 0.41388888888888886 0.325 0.41388888888888886
0 0.4015625 0.301388888888889 0.36484375 0.301388888888889 0.36484375 0.3736111111111113 0.4015625 0.3736111111111113
0 0.47265625 0.251388888888889 0.41953125 0.251388888888889 0.41953125 0.3666666666666668 0.47265625 0.3666666666666668
0 0.4546875 0.126388888888889 0.428125 0.12638888888888897 0.428125 0.19861111111111118 0.4546875 0.19861111111111118
0 0.528125 0.19027777777777785 0.49765625 0.19027777777777785 0.49765625 0.25694444444444453 0.528125 0.25694444444444453
0 0.58828125 0.1666666666666668 0.56640625 0.1666666666666668 0.56640625 0.2069444444444446 0.58828125 0.2069444444444446
0 0.634375 0.2069444444444446 0.60234375 0.2069444444444446 0.60234375 0.2708333333333335 0.634375 0.2708333333333335
0 0.628125 0.1500000000000001 0.60234375 0.1500000000000001 0.60234375 0.21111111111111128 0.628125 0.21111111111111128
0 0.67109375 0.13194444444444461 0.64921875 0.13194444444444461 0.64921875 0.18472222222222237 0.67109375 0.18472222222222237
0 0.74140625 0.1694444444444446 0.71328125 0.1694444444444446 0.71328125 0.22916666666666682 0.74140625 0.22916666666666682
0 0.69296875 0.22361111111111126 0.66484375 0.22361111111111126 0.66484375 0.28750000000000014 0.69296875 0.28750000000000014
0 0.646875 0.12500000000000014 0.62421875 0.1250000000000001 0.62421875 0.1819444444444446 0.646875 0.1819444444444446
0 0.79921875 0.12777777777777793 0.7703125 0.12777777777777793 0.7703125 0.19027777777777793 0.79921875 0.19027777777777793
0 0.53125 0.1527777777777779 0.51328125 0.1527777777777779 0.51328125 0.19444444444444453 0.53125 0.19444444444444453
0 0.5765625 0.19027777777777793 0.54765625 0.19027777777777793 0.54765625 0.2458333333333335 0.5765625 0.2458333333333335
0 0.78046875 0.2708333333333335 0.74921875 0.2708333333333335 0.74921875 0.34166666666666684 0.78046875 0.34166666666666684
0 0.8390625 0.2708333333333335 0.80390625 0.2708333333333335 0.80390625 0.35000000000000014 0.8390625 0.35000000000000014
0 0.62890625 0.26388888888888906 0.5890625 0.26388888888888906 0.5890625 0.3444444444444446 0.62890625 0.3444444444444446
0 0.4875 0.16111111111111123 0.45859375 0.16111111111111123 0.45859375 0.21805555555555564 0.4875 0.21805555555555564
0 0.70390625 0.16388888888888906 0.6765625 0.16388888888888906 0.6765625 0.22638888888888906 0.70390625 0.22638888888888906
0 0.89296875 0.32083333333333347 0.84921875 0.32083333333333347 0.84921875 0.40000000000000013 0.89296875 0.40000000000000013