0 0.2359375 0.3000000000000001 0.19375 0.3000000000000001 0.19375000000000003 0.37083333333333335 0.2359375 0.37083333333333335
0 0.3015625 0.2611111111111112 0.2640625 0.2611111111111112 0.2640625 0.33055555555555566 0.3015625 0.33055555555555566
0 0.36328125 0.2472222222222223 0.3359375 0.2472222222222223 0.3359375 0.31250000000000006 0.36328125 0.31250000000000006
0 0.33671875 0.35833333333333334 0.2953125 0.35833333333333334 0.2953125 0.4388888888888889 0.33671875 0.4388888888888889
0 0.40078125 0.32638888888888895 0.3640625 0.32638888888888895 0.3640625 0.39861111111111125 0.40078125 0.39861111111111125
0 0.50234375 0.40277777777777796 0.4484375 0.40277777777777796 0.4484375 0.501388888888889 0.50234375 0.501388888888889
0 0.440625 0.12916666666666674 0.4140625 0.12916666666666674 0.4140625 0.1847222222222223 0.440625 0.1847222222222223
0 0.490625 0.1277777777777779 0.47265625 0.1277777777777779 0.47265625 0.17222222222222233 0.490625 0.17222222222222233
0 0.49375 0.16527777777777788 0.459375 0.16527777777777788 0.459375 0.22361111111111118 0.49375 0.22361111111111118
0 0.52734375 0.14444444444444457 0.50078125 0.14444444444444457 0.50078125 0.20694444444444451 0.52734375 0.20694444444444451
0 0.5359375 0.21805555555555564 0.509375 0.21805555555555564 0.509375 0.2847222222222223 0.5359375 0.2847222222222223
0 0.5484375 0.1250000000000001 0.52265625 0.1250000000000001 0.52265625 0.1916666666666668 0.5484375 0.19166666666666682
0 0.58203125 0.15555555555555567 0.56015625 0.15555555555555567 0.56015625 0.19722222222222238 0.58203125 0.19722222222222238
0 0.58359375 0.19027777777777793 0.5625 0.19027777777777793 0.5625 0.23611111111111127 0.58359375 0.23611111111111127
0 0.61953125 0.2069444444444446 0.5984375 0.2069444444444446 0.5984375 0.2541666666666668 0.61953125 0.2541666666666668
0 0.65 0.15138888888888902 0.628125 0.15138888888888902 0.628125 0.19722222222222238 0.65 0.19722222222222238
0 0.678125 0.1430555555555557 0.66015625 0.1430555555555557 0.66015625 0.17777777777777792 0.678125 0.17777777777777792
0 0.66640625 0.2555555555555557 0.640625 0.2555555555555557 0.640625 0.3097222222222224 0.66640625 0.3097222222222224
0 0.6796875 0.19166666666666682 0.65703125 0.19166666666666682 0.65703125 0.24027777777777792 0.6796875 0.24027777777777792
0 0.7046875 0.17638888888888904 0.68515625 0.17638888888888904 0.68515625 0.2208333333333335 0.7046875 0.2208333333333335
0 0.74921875 0.16388888888888906 0.72578125 0.16388888888888906 0.72578125 0.21527777777777793 0.74921875 0.21527777777777793
0 0.70234375 0.2347222222222224 0.67578125 0.2347222222222224 0.67578125 0.30138888888888904 0.70234375 0.30138888888888904
0 0.771875 0.2555555555555557 0.74453125 0.2555555555555557 0.74453125 0.3111111111111113 0.771875 0.3111111111111113
0 0.80859375 0.24861111111111128 0.7890625 0.24861111111111128 0.7890625 0.2902777777777779 0.80859375 0.2902777777777779
0 0.8046875 0.27916666666666684 0.78203125 0.27916666666666684 0.78203125 0.33611111111111125 0.8046875 0.33611111111111125
0 0.784375 0.3097222222222224 0.7625 0.3097222222222224 0.7625 0.3666666666666668 0.784375 0.3666666666666668
0 0.84296875 0.2694444444444446 0.81796875 0.2694444444444446 0.81796875 0.3250000000000002 0.84296875 0.3250000000000002
