0 0.22734375 0.38472222222222224 0.17890625000000004 0.38472222222222224 0.17890625000000004 0.46805555555555556 0.22734375 0.46805555555555556
0 0.28828125 0.32500000000000007 0.24453125 0.32500000000000007 0.24453125 0.40555555555555556 0.28828125 0.40555555555555556
0 0.34765625 0.2930555555555556 0.3140625 0.2930555555555556 0.3140625 0.36666666666666664 0.34765625 0.36666666666666664
0 0.33359375 0.4111111111111111 0.284375 0.4111111111111111 0.284375 0.5041666666666667 0.33359375 0.5041666666666667
0 0.3921875 0.3611111111111112 0.34921875 0.3611111111111111 0.34921875 0.44305555555555565 0.3921875 0.4430555555555557
0 0.503125 0.40416666666666684 0.43984375 0.40416666666666684 0.43984375 0.5180555555555557 0.503125 0.5180555555555557
0 0.4109375 0.15277777777777785 0.37890625 0.15277777777777785 0.37890625 0.21666666666666676 0.4109375 0.21666666666666676
0 0.45859375 0.1361111111111112 0.43671875 0.13611111111111118 0.43671875 0.1861111111111112 0.45859375 0.1861111111111112
0 0.4671875 0.17222222222222233 0.42734375 0.1722222222222223 0.42734375 0.24027777777777787 0.4671875 0.24027777777777787
0 0.4984375 0.14166666666666677 0.46640625 0.14166666666666677 0.46640625 0.2111111111111112 0.4984375 0.2111111111111112
0 0.51484375 0.21250000000000008 0.48203125 0.21250000000000008 0.48203125 0.2861111111111112 0.51484375 0.2861111111111112
0 0.5171875 0.11666666666666678 0.4859375 0.11666666666666678 0.4859375 0.19027777777777785 0.5171875 0.19027777777777785
0 0.55078125 0.13611111111111124 0.52578125 0.13611111111111124 0.52578125 0.18333333333333346 0.55078125 0.1833333333333335
0 0.55625 0.16944444444444456 0.53125 0.16944444444444456 0.53125 0.22083333333333346 0.55625 0.2208333333333335
0 0.59375 0.17500000000000013 0.56875 0.17500000000000013 0.56875 0.22777777777777794 0.59375 0.22777777777777794
0 0.61796875 0.11111111111111123 0.5921875 0.11111111111111123 0.5921875 0.16250000000000012 0.61796875 0.16250000000000012
0 0.64453125 0.09444444444444458 0.6234375 0.09444444444444457 0.6234375 0.13333333333333347 0.64453125 0.1333333333333335
0 0.6453125 0.20833333333333348 0.61484375 0.20833333333333348 0.61484375 0.2708333333333335 0.6453125 0.2708333333333335
0 0.65234375 0.14027777777777792 0.625 0.1402777777777779 0.625 0.1958333333333335 0.65234375 0.1958333333333335
0 0.67421875 0.11805555555555572 0.65078125 0.11805555555555572 0.65078125 0.1680555555555557 0.67421875 0.1680555555555557
0 0.71796875 0.09305555555555571 0.68984375 0.09305555555555571 0.68984375 0.15138888888888904 0.71796875 0.15138888888888904
0 0.6796875 0.17638888888888904 0.64765625 0.17638888888888904 0.64765625 0.25000000000000017 0.6796875 0.25000000000000017
0 0.74921875 0.17500000000000016 0.7171875 0.17500000000000016 0.7171875 0.23888888888888904 0.74921875 0.23888888888888904
0 0.78359375 0.1569444444444446 0.76015625 0.1569444444444446 0.76015625 0.20416666666666683 0.78359375 0.20416666666666683
0 0.784375 0.18888888888888905 0.75625 0.18888888888888905 0.75625 0.25138888888888905 0.784375 0.25138888888888905
0 0.7671875 0.22500000000000014 0.73984375 0.22500000000000014 0.73984375 0.28750000000000014 0.7671875 0.28750000000000014
0 0.82109375 0.16666666666666685 0.79140625 0.16666666666666682 0.79140625 0.2305555555555557 0.82109375 0.2305555555555557
