0 0.82421875 0.41111111111111126 0.77421875 0.41111111111111126 0.77421875 0.4972222222222224 0.82421875 0.4972222222222224
0 0.76015625 0.3458333333333335 0.71484375 0.3458333333333335 0.71484375 0.4291666666666668 0.76015625 0.4291666666666668
0 0.6921875 0.3083333333333335 0.65703125 0.3083333333333335 0.65703125 0.38333333333333347 0.6921875 0.38333333333333347
0 0.7171875 0.4277777777777779 0.66640625 0.4277777777777779 0.66640625 0.5236111111111112 0.7171875 0.5236111111111112
0 0.6546875 0.3708333333333335 0.61015625 0.3708333333333335 0.61015625 0.4555555555555557 0.6546875 0.4555555555555557
0 0.56328125 0.40416666666666684 0.49765625 0.40416666666666684 0.49765625 0.5222222222222224 0.56328125 0.5222222222222224
0 0.63125 0.16250000000000012 0.59765625 0.16250000000000012 0.59765625 0.22777777777777794 0.63125 0.22777777777777794
0 0.57421875 0.14166666666666677 0.55078125 0.14166666666666677 0.55078125 0.1930555555555557 0.57421875 0.1930555555555557
0 0.58203125 0.176388888888889 0.54140625 0.176388888888889 0.54140625 0.24722222222222234 0.58203125 0.24722222222222237
0 0.54453125 0.14305555555555569 0.5109375 0.14305555555555569 0.5109375 0.21388888888888902 0.54453125 0.21388888888888904
0 0.5265625 0.21250000000000008 0.4921875 0.21250000000000008 0.4921875 0.2875000000000001 0.5265625 0.2875000000000001
0 0.525 0.1152777777777779 0.4921875 0.1152777777777779 0.4921875 0.19027777777777785 0.525 0.19027777777777785
0 0.48515625 0.13194444444444456 0.459375 0.13194444444444456 0.459375 0.18055555555555564 0.48515625 0.18055555555555564
0 0.47890625 0.16527777777777788 0.45234375 0.16527777777777786 0.45234375 0.21805555555555564 0.47890625 0.21805555555555564
0 0.44140625 0.16666666666666674 0.41484375 0.16666666666666674 0.41484375 0.2208333333333334 0.44140625 0.2208333333333334
0 0.41953125 0.10138888888888897 0.3921875 0.10138888888888897 0.3921875 0.15416666666666676 0.41953125 0.15416666666666676
0 0.3890625 0.08194444444444453 0.3671875 0.08194444444444453 0.3671875 0.1222222222222223 0.3890625 0.1222222222222223
0 0.39375 0.19583333333333341 0.3625 0.19583333333333341 0.3625 0.2597222222222223 0.39375 0.2597222222222223
0 0.3859375 0.12777777777777785 0.3578125 0.12777777777777785 0.3578125 0.1847222222222223 0.3859375 0.1847222222222223
0 0.3609375 0.10277777777777786 0.33671875 0.10277777777777786 0.33671875 0.15416666666666676 0.3609375 0.15416666666666676
0 0.32265625 0.07361111111111118 0.29296875 0.07361111111111117 0.29296875 0.13333333333333341 0.32265625 0.13333333333333341
0 0.36171875 0.16111111111111118 0.328125 0.16111111111111118 0.328125 0.2361111111111112 0.36171875 0.2361111111111112
0 0.29296875 0.15277777777777785 0.259375 0.15277777777777782 0.259375 0.21805555555555564 0.29296875 0.21805555555555564
0 0.25 0.13194444444444448 0.22578125 0.13194444444444448 0.22578125 0.17916666666666675 0.25 0.17916666666666675
0 0.25390625 0.16388888888888892 0.22421875 0.16388888888888892 0.22421875 0.22777777777777786 0.25390625 0.22777777777777786
0 0.26875 0.20138888888888898 0.23984375 0.20138888888888898 0.23984375 0.26527777777777783 0.26875 0.26527777777777783
0 0.21953125 0.13750000000000004 0.18828125 0.13750000000000004 0.18828125 0.20277777777777786 0.21953125 0.20277777777777786
