0 0.7984375 0.6569444444444446 0.75234375 0.6569444444444446 0.75234375 0.7347222222222225 0.7984375 0.7347222222222225
0 0.7265625 0.7069444444444446 0.68515625 0.7069444444444446 0.68515625 0.7819444444444446 0.7265625 0.7819444444444448
0 0.66015625 0.6958333333333335 0.6265625 0.6958333333333335 0.6265625 0.775 0.66015625 0.775
0 0.7015625 0.613888888888889 0.65625 0.613888888888889 0.65625 0.7013888888888891 0.7015625 0.7013888888888891
0 0.6265625 0.6236111111111112 0.58671875 0.6236111111111112 0.58671875 0.7013888888888891 0.6265625 0.7013888888888891
0 0.5796875 0.5166666666666668 0.5203125 0.5166666666666668 0.5203125 0.6236111111111112 0.5796875 0.6236111111111112
0 0.57109375 0.8097222222222222 0.54140625 0.8097222222222222 0.54140625 0.8694444444444445 0.57109375 0.8694444444444445
0 0.5125 0.8097222222222222 0.4890625 0.8097222222222222 0.4890625 0.8597222222222223 0.5125 0.8597222222222223
0 0.5171875 0.7583333333333333 0.48984375 0.7583333333333333 0.48984375 0.8111111111111111 0.5171875 0.8111111111111111
0 0.4703125 0.7916666666666666 0.44765625 0.7916666666666666 0.44765625 0.8333333333333334 0.4703125 0.8333333333333334
0 0.4875 0.7555555555555555 0.4625 0.7555555555555555 0.4625 0.8125 0.4875 0.8125
0 0.47578125 0.825 0.44921875 0.825 0.44921875 0.8722222222222222 0.47578125 0.8722222222222222
0 0.409375 0.7763888888888889 0.3859375000000001 0.7763888888888889 0.3859375000000001 0.8208333333333333 0.409375 0.8208333333333333
0 0.43125 0.7458333333333333 0.3976562500000001 0.7458333333333333 0.3976562500000001 0.8111111111111111 0.43125 0.8111111111111111
0 0.3937500000000001 0.7097222222222223 0.3617187500000001 0.7097222222222223 0.3617187500000001 0.7708333333333334 0.3937500000000001 0.7708333333333334
0 0.3578125000000001 0.7791666666666667 0.3335937500000001 0.7791666666666667 0.3335937500000001 0.8277777777777777 0.3578125000000001 0.8277777777777777
0 0.32500000000000007 0.7847222222222222 0.3007812500000001 0.7847222222222222 0.3007812500000001 0.8305555555555556 0.32500000000000007 0.8305555555555556
0 0.35156250000000006 0.6375 0.31640625 0.6375 0.31640625000000006 0.7111111111111111 0.3515625000000001 0.7111111111111111
0 0.3304687500000001 0.7305555555555555 0.30546875000000007 0.7305555555555555 0.30546875000000007 0.7833333333333333 0.3304687500000001 0.7833333333333333
0 0.3031250000000001 0.7333333333333333 0.2765625000000001 0.7333333333333333 0.2765625000000001 0.7944444444444444 0.3031250000000001 0.7944444444444444
0 0.26250000000000007 0.7208333333333333 0.23203125000000008 0.7208333333333333 0.23203125000000008 0.7958333333333333 0.26250000000000007 0.7958333333333333
0 0.3156250000000001 0.6583333333333333 0.2757812500000001 0.6583333333333333 0.2757812500000001 0.7375 0.3156250000000001 0.7375
0 0.2609375000000001 0.6583333333333333 0.2312500000000001 0.6583333333333333 0.2312500000000001 0.7180555555555556 0.2609375000000001 0.7180555555555556
0 0.22812500000000008 0.6861111111111111 0.20312500000000008 0.6861111111111111 0.20312500000000008 0.7347222222222223 0.22812500000000008 0.7347222222222223
0 0.20156250000000003 0.6152777777777778 0.17578125000000006 0.6152777777777778 0.17578125000000006 0.675 0.2015625000000001 0.675
0 0.23671875000000003 0.5930555555555556 0.20703125 0.5930555555555556 0.20703125000000006 0.6611111111111111 0.2367187500000001 0.6611111111111111
0 0.17578125000000006 0.6236111111111111 0.14843750000000006 0.6236111111111111 0.14843750000000006 0.6833333333333333 0.17578125000000006 0.6833333333333333
