0 0.2375 0.2958333333333334 0.1953125 0.2958333333333334 0.19531250000000003 0.36666666666666664 0.2375 0.36666666666666664
0 0.29375 0.2750000000000001 0.25625 0.2750000000000001 0.25625 0.3444444444444445 0.29375 0.3444444444444445
0 0.35390625 0.2486111111111112 0.3234375 0.2486111111111112 0.3234375 0.3236111111111112 0.35390625 0.3236111111111112
0 0.31796875 0.31944444444444453 0.2765625 0.31944444444444453 0.2765625 0.4 0.31796875 0.4
0 0.43671875 0.12638888888888897 0.409375 0.12638888888888897 0.409375 0.18194444444444452 0.43671875 0.18194444444444452
0 0.4875 0.12361111111111123 0.46640625 0.12361111111111123 0.46640625 0.17083333333333345 0.4875 0.17083333333333345
0 0.4765625 0.15972222222222232 0.45078125 0.1597222222222223 0.45078125 0.20833333333333343 0.4765625 0.20833333333333343
0 0.6234375 0.16805555555555568 0.5984375 0.16805555555555568 0.5984375 0.21805555555555572 0.6234375 0.21805555555555572
0 0.52890625 0.1847222222222223 0.50546875 0.1847222222222223 0.50546875 0.24444444444444452 0.52890625 0.24444444444444452
0 0.54609375 0.15833333333333346 0.521875 0.15833333333333346 0.521875 0.201388888888889 0.54609375 0.20138888888888903
0 0.58984375 0.163888888888889 0.5703125 0.163888888888889 0.5703125 0.20833333333333348 0.58984375 0.20833333333333348
0 0.57890625 0.1819444444444446 0.5484375 0.1819444444444446 0.5484375 0.24305555555555572 0.57890625 0.24305555555555572
0 0.6046875 0.24861111111111128 0.571875 0.24861111111111128 0.571875 0.3166666666666668 0.6046875 0.3166666666666668
0 0.63984375 0.14583333333333348 0.62265625 0.14583333333333345 0.62265625 0.18888888888888905 0.63984375 0.18888888888888905
0 0.6671875 0.13194444444444461 0.6453125 0.13194444444444461 0.6453125 0.17500000000000016 0.6671875 0.17500000000000016
0 0.65390625 0.24861111111111128 0.621875 0.24861111111111128 0.621875 0.3180555555555557 0.65390625 0.3180555555555557
0 0.69375 0.22916666666666682 0.66484375 0.22916666666666682 0.66484375 0.29166666666666685 0.69375 0.29166666666666685
0 0.73046875 0.1708333333333335 0.70546875 0.1708333333333335 0.70546875 0.22361111111111126 0.73046875 0.22361111111111126
0 0.70390625 0.1680555555555557 0.67578125 0.1680555555555557 0.67578125 0.22638888888888906 0.70390625 0.22638888888888906
0 0.77109375 0.21527777777777793 0.74609375 0.21527777777777793 0.74609375 0.2680555555555557 0.77109375 0.2680555555555557
0 0.82578125 0.2680555555555557 0.796875 0.2680555555555557 0.796875 0.33750000000000013 0.82578125 0.33750000000000013
0 0.77578125 0.27500000000000013 0.74765625 0.27500000000000013 0.74765625 0.34861111111111126 0.77578125 0.34861111111111126
0 0.89609375 0.32916666666666683 0.85703125 0.32916666666666683 0.85703125 0.40000000000000013 0.89609375 0.40000000000000013