0 0.23984375000000005 0.6416666666666667 0.19687500000000005 0.6416666666666667 0.19687500000000005 0.7138888888888889 0.23984375000000008 0.7138888888888889
0 0.2960937500000001 0.6625 0.2578125000000001 0.6625 0.2578125000000001 0.7333333333333333 0.2960937500000001 0.7333333333333333
0 0.35625000000000007 0.6819444444444445 0.3257812500000001 0.6819444444444445 0.3257812500000001 0.7583333333333333 0.35625000000000007 0.7583333333333333
0 0.32031250000000006 0.6055555555555555 0.278125 0.6055555555555555 0.27812500000000007 0.6875 0.3203125000000001 0.6875
0 0.440625 0.8194444444444444 0.41328125 0.8194444444444444 0.41328125 0.8763888888888889 0.440625 0.8763888888888889
0 0.49140625 0.8291666666666667 0.46953125 0.8291666666666667 0.46953125 0.8777777777777778 0.49140625 0.8777777777777778
0 0.4796875 0.7930555555555555 0.45390625 0.7930555555555555 0.45390625 0.8430555555555556 0.4796875 0.8430555555555556
0 0.62734375 0.7777777777777778 0.6015625 0.7777777777777778 0.6015625 0.8291666666666667 0.62734375 0.8291666666666667
0 0.53203125 0.7555555555555555 0.50859375 0.7555555555555555 0.50859375 0.8152777777777778 0.53203125 0.8152777777777778
0 0.55 0.7972222222222223 0.525 0.7972222222222223 0.525 0.8416666666666667 0.55 0.8416666666666667
0 0.59375 0.7888888888888889 0.5734375 0.7888888888888889 0.5734375 0.8333333333333334 0.59375 0.8333333333333334
0 0.5828125 0.7541666666666667 0.5515625 0.7541666666666667 0.5515625 0.8166666666666667 0.5828125 0.8166666666666667
0 0.60703125 0.6805555555555557 0.57421875 0.6805555555555557 0.57421875 0.75 0.60703125 0.75
0 0.64375 0.8069444444444445 0.62578125 0.8069444444444445 0.62578125 0.8513888888888889 0.64375 0.8513888888888889
0 0.67109375 0.8194444444444444 0.6484375 0.8194444444444444 0.6484375 0.8625 0.67109375 0.8625
0 0.65703125 0.676388888888889 0.62421875 0.676388888888889 0.62421875 0.7472222222222222 0.65703125 0.7472222222222222
0 0.696875 0.702777777777778 0.6671875 0.702777777777778 0.6671875 0.7666666666666667 0.696875 0.7666666666666667
0 0.73359375 0.7694444444444446 0.70859375 0.7694444444444445 0.70859375 0.8222222222222224 0.73359375 0.8222222222222225
0 0.70703125 0.7680555555555556 0.67890625 0.7680555555555556 0.67890625 0.8263888888888888 0.70703125 0.8263888888888888
0 0.77421875 0.7236111111111114 0.74921875 0.7236111111111114 0.74921875 0.7763888888888892 0.77421875 0.7763888888888892
0 0.828125 0.6527777777777779 0.7984375 0.6527777777777779 0.7984375 0.7236111111111114 0.828125 0.7236111111111114
0 0.778125 0.6430555555555557 0.74921875 0.6430555555555557 0.74921875 0.7180555555555559 0.778125 0.7180555555555559
0 0.89765625 0.5875000000000001 0.85859375 0.5875000000000001 0.85859375 0.6597222222222224 0.89765625 0.6597222222222224