0 0.8140625 0.33750000000000013 0.76796875 0.33750000000000013 0.76796875 0.4152777777777779 0.8140625 0.4152777777777779
0 0.75390625 0.3083333333333335 0.7125 0.3083333333333335 0.7125 0.38333333333333347 0.75390625 0.38333333333333347
0 0.68828125 0.27222222222222237 0.6546875 0.27222222222222237 0.6546875 0.35138888888888903 0.68828125 0.35138888888888903
0 0.73203125 0.34861111111111126 0.68671875 0.34861111111111126 0.68671875 0.4361111111111113 0.73203125 0.4361111111111113
0 0.60859375 0.13750000000000012 0.57890625 0.13750000000000012 0.57890625 0.19722222222222238 0.60859375 0.19722222222222238
0 0.55234375 0.1277777777777779 0.52890625 0.1277777777777779 0.52890625 0.1777777777777779 0.55234375 0.17777777777777792
0 0.565625 0.16527777777777788 0.53828125 0.16527777777777788 0.53828125 0.21805555555555567 0.565625 0.21805555555555572
0 0.41796875 0.15000000000000008 0.390625 0.15000000000000008 0.390625 0.20416666666666675 0.41796875 0.20416666666666675
0 0.51015625 0.18194444444444452 0.484375 0.18194444444444452 0.484375 0.24444444444444452 0.51015625 0.24444444444444452
0 0.4953125 0.1527777777777779 0.46875 0.1527777777777779 0.46875 0.20000000000000007 0.4953125 0.20000000000000007
0 0.44609375 0.15277777777777785 0.42421875 0.15277777777777785 0.42421875 0.20000000000000007 0.44609375 0.20000000000000007
0 0.4671875 0.17083333333333342 0.43359375 0.17083333333333342 0.43359375 0.2361111111111112 0.4671875 0.2361111111111112
0 0.440625 0.23333333333333342 0.40546875 0.23333333333333342 0.40546875 0.3069444444444445 0.440625 0.3069444444444445
0 0.3953125 0.12500000000000008 0.37578125 0.12500000000000008 0.37578125 0.17083333333333342 0.3953125 0.17083333333333342
0 0.3734375 0.1083333333333334 0.34921875 0.1083333333333334 0.34921875 0.15416666666666676 0.3734375 0.15416666666666676
0 0.390625 0.22638888888888897 0.35546875 0.22638888888888897 0.35546875 0.3000000000000001 0.390625 0.3000000000000001
0 0.34921875 0.20138888888888898 0.3171875 0.20138888888888898 0.3171875 0.26805555555555566 0.34921875 0.26805555555555566
0 0.31171875 0.13750000000000007 0.284375 0.13750000000000007 0.284375 0.19305555555555565 0.31171875 0.19305555555555565
0 0.34140625 0.13888888888888898 0.3109375 0.13888888888888898 0.3109375 0.20138888888888898 0.34140625 0.20138888888888898
0 0.26875 0.17500000000000004 0.24140625 0.17500000000000004 0.24140625 0.23055555555555562 0.26875 0.23055555555555562
0 0.21640625 0.21805555555555564 0.18359375 0.21805555555555564 0.18359375 0.2930555555555556 0.21640625 0.2930555555555556
0 0.26484375 0.23333333333333342 0.2328125 0.23333333333333342 0.2328125 0.31250000000000006 0.26484375 0.31250000000000006
0 0.153125 0.26944444444444443 0.1109375 0.26944444444444443 0.11093750000000002 0.3458333333333333 0.15312500000000004 0.3458333333333333