0 0.77734375 0.1708333333333335 0.7265625 0.1708333333333335 0.7265625 0.25833333333333347 0.77734375 0.25833333333333347
0 0.715625 0.17777777777777792 0.66953125 0.17777777777777792 0.66953125 0.2611111111111113 0.715625 0.2611111111111113
0 0.646875 0.18055555555555572 0.6078125 0.18055555555555572 0.6078125 0.26666666666666683 0.646875 0.26666666666666683
0 0.70390625 0.22916666666666682 0.65234375 0.22916666666666682 0.65234375 0.3250000000000002 0.70390625 0.3250000000000002
0 0.54453125 0.09861111111111123 0.5109375 0.09861111111111123 0.5109375 0.163888888888889 0.54453125 0.163888888888889
0 0.4875 0.12083333333333345 0.4609375 0.12083333333333345 0.4609375 0.176388888888889 0.4875 0.176388888888889
0 0.5078125 0.14861111111111122 0.4765625 0.14861111111111122 0.4765625 0.20694444444444451 0.5078125 0.20694444444444451
0 0.36640625 0.2208333333333334 0.33515625 0.2208333333333334 0.33515625 0.2805555555555556 0.36640625 0.2805555555555556
0 0.46015625 0.1972222222222223 0.4296875 0.1972222222222223 0.4296875 0.26527777777777783 0.46015625 0.26527777777777783
0 0.43828125 0.17777777777777787 0.40859375 0.17777777777777787 0.40859375 0.23055555555555562 0.43828125 0.23055555555555562
0 0.3921875 0.20555555555555563 0.3671875 0.20555555555555563 0.3671875 0.25694444444444453 0.3921875 0.25694444444444453
0 0.41796875 0.21250000000000008 0.38046875 0.21250000000000008 0.38046875 0.2847222222222223 0.41796875 0.2847222222222223
0 0.40546875 0.2875000000000001 0.36484375 0.2875000000000001 0.36484375 0.3680555555555557 0.40546875 0.3680555555555557
0 0.3390625 0.20833333333333343 0.31640625 0.20833333333333343 0.31640625 0.2583333333333334 0.3390625 0.2583333333333334
0 0.31484375 0.20555555555555563 0.2875 0.20555555555555563 0.2875 0.25694444444444453 0.31484375 0.25694444444444453
0 0.35703125 0.3097222222222223 0.31640625 0.3097222222222223 0.31640625 0.3902777777777778 0.35703125 0.3902777777777778
0 0.31171875 0.3083333333333334 0.275 0.3083333333333334 0.275 0.3819444444444444 0.31171875 0.3819444444444444
0 0.26328125 0.2708333333333334 0.23203125 0.2708333333333334 0.23203125 0.33194444444444454 0.26328125 0.33194444444444454
0 0.29296875 0.25416666666666676 0.2578125 0.25416666666666676 0.2578125 0.3222222222222223 0.29296875 0.3222222222222223
0 0.2296875 0.33055555555555566 0.19843750000000004 0.33055555555555566 0.19843750000000004 0.39166666666666666 0.2296875 0.39166666666666666
0 0.18984375000000003 0.4027777777777778 0.15234375000000006 0.4027777777777778 0.15234375000000006 0.48333333333333334 0.18984375000000003 0.48333333333333334
0 0.23984375 0.3875 0.20234375 0.3875 0.20234375 0.4722222222222222 0.23984375 0.4722222222222222
0 0.13984375000000004 0.4875 0.09296875000000004 0.4875 0.09296875000000004 0.5736111111111111 0.13984375000000004 0.5736111111111111