0 0.253125 0.2958333333333334 0.2109375 0.2958333333333334 0.2109375 0.36666666666666664 0.253125 0.36666666666666664
0 0.29296875 0.27916666666666673 0.25546875 0.27916666666666673 0.25546875 0.3486111111111112 0.29296875 0.3486111111111112
0 0.35859375 0.23750000000000007 0.32890625 0.23750000000000007 0.32890625 0.31250000000000006 0.35859375 0.31250000000000006
0 0.31953125 0.32777777777777783 0.28203125 0.32777777777777783 0.28203125 0.41388888888888886 0.31953125 0.41388888888888886
0 0.44453125 0.12777777777777785 0.4171875 0.12777777777777785 0.4171875 0.1833333333333334 0.44453125 0.1833333333333334
0 0.484375 0.12222222222222234 0.4609375 0.12222222222222234 0.4609375 0.17083333333333345 0.484375 0.17083333333333345
0 0.49375 0.17361111111111122 0.46875 0.17361111111111122 0.46875 0.22361111111111118 0.49375 0.22361111111111118
0 0.621875 0.19166666666666682 0.5921875 0.19166666666666682 0.5921875 0.25277777777777793 0.621875 0.25277777777777793
0 0.54375 0.20833333333333343 0.48515625 0.20833333333333343 0.48515625 0.3361111111111112 0.54375 0.3361111111111112
0 0.58359375 0.16111111111111123 0.5671875 0.16111111111111123 0.5671875 0.2069444444444446 0.58359375 0.2069444444444446
0 0.57890625 0.1819444444444446 0.5484375 0.1819444444444446 0.5484375 0.24305555555555572 0.57890625 0.24305555555555572
0 0.59140625 0.25000000000000017 0.559375 0.25000000000000017 0.559375 0.3180555555555557 0.59140625 0.3180555555555557
0 0.63515625 0.13611111111111124 0.61484375 0.13611111111111124 0.61484375 0.18472222222222237 0.63515625 0.18472222222222237
0 0.66796875 0.1333333333333335 0.6453125 0.1333333333333335 0.6453125 0.17638888888888904 0.66796875 0.17638888888888904
0 0.6546875 0.22638888888888906 0.62265625 0.22638888888888906 0.62265625 0.2958333333333335 0.6546875 0.2958333333333335
0 0.69609375 0.22916666666666682 0.6671875 0.22916666666666682 0.6671875 0.29166666666666685 0.69609375 0.29166666666666685
0 0.73671875 0.1694444444444446 0.7125 0.1694444444444446 0.7125 0.22222222222222238 0.73671875 0.22222222222222238
0 0.6984375 0.17361111111111127 0.6703125 0.17361111111111127 0.6703125 0.2319444444444446 0.6984375 0.2319444444444446
0 0.77421875 0.21527777777777793 0.740625 0.21527777777777793 0.740625 0.27222222222222237 0.77421875 0.27222222222222237
0 0.82578125 0.26666666666666683 0.796875 0.26666666666666683 0.796875 0.33750000000000013 0.82578125 0.33750000000000013
0 0.77109375 0.2708333333333335 0.74296875 0.2708333333333335 0.74296875 0.3458333333333335 0.77109375 0.3458333333333335
0 0.8734375 0.2625000000000002 0.83515625 0.2625000000000002 0.83515625 0.3333333333333335 0.8734375 0.3333333333333335
0 0.40859375 0.2930555555555556 0.3734375 0.2930555555555556 0.3734375 0.38472222222222235 0.40859375 0.38472222222222235