0 0.78828125 0.6416666666666668 0.7453125 0.6416666666666668 0.7453125 0.7138888888888892 0.78828125 0.7138888888888892
0 0.74296875 0.6583333333333334 0.7046875 0.6583333333333334 0.7046875 0.7291666666666669 0.74296875 0.729166666666667
0 0.66953125 0.6930555555555558 0.6390625 0.6930555555555558 0.6390625 0.7694444444444445 0.66953125 0.7694444444444445
0 0.7171875 0.5930555555555557 0.67890625 0.5930555555555557 0.67890625 0.6791666666666668 0.7171875 0.6791666666666668
0 0.58046875 0.8194444444444444 0.553125 0.8194444444444444 0.553125 0.8763888888888889 0.58046875 0.8763888888888889
0 0.5359375 0.8305555555555556 0.51171875 0.8305555555555556 0.51171875 0.8791666666666667 0.5359375 0.8791666666666667
0 0.52890625 0.7777777777777778 0.503125 0.7777777777777778 0.503125 0.8277777777777777 0.52890625 0.8277777777777777
0 0.40546875 0.7430555555555556 0.3750000000000001 0.7430555555555556 0.3750000000000001 0.8055555555555556 0.40546875 0.8055555555555556
0 0.51328125 0.6625000000000002 0.45390625 0.6625000000000002 0.45390625 0.7930555555555555 0.51328125 0.7930555555555555
0 0.43046875 0.7902777777777777 0.4140625 0.7902777777777777 0.4140625 0.8361111111111111 0.43046875 0.8361111111111111
0 0.44921875 0.7541666666666667 0.41796875 0.7541666666666667 0.41796875 0.8166666666666667 0.44921875 0.8166666666666667
0 0.4390625 0.6791666666666668 0.40625 0.6791666666666668 0.40625 0.7486111111111111 0.4390625 0.7486111111111111
0 0.3828125000000001 0.8111111111111111 0.3617187500000001 0.8111111111111111 0.3617187500000001 0.8611111111111112 0.3828125000000001 0.8611111111111112
0 0.3515625000000001 0.8194444444444444 0.32890625000000007 0.8194444444444444 0.32890625000000007 0.8625 0.3515625000000001 0.8625
0 0.37578125000000007 0.7000000000000001 0.3429687500000001 0.7 0.3429687500000001 0.7708333333333334 0.37578125000000007 0.7708333333333334
0 0.3312500000000001 0.7013888888888888 0.30156250000000007 0.7013888888888888 0.30156250000000007 0.7652777777777777 0.3312500000000001 0.7652777777777777
0 0.2851562500000001 0.7722222222222223 0.2601562500000001 0.7722222222222223 0.2601562500000001 0.825 0.2851562500000001 0.825
0 0.3265625000000001 0.7638888888888888 0.2984375000000001 0.7638888888888888 0.2984375000000001 0.8222222222222222 0.3265625000000001 0.8222222222222222
0 0.2578125000000001 0.7208333333333333 0.2234375000000001 0.7208333333333333 0.2234375000000001 0.7791666666666667 0.2578125000000001 0.7791666666666667
0 0.2015625000000001 0.6527777777777778 0.17187500000000006 0.6527777777777778 0.17187500000000006 0.7236111111111111 0.2015625000000001 0.7236111111111111
0 0.2554687500000001 0.6472222222222223 0.22656250000000008 0.6472222222222223 0.22656250000000008 0.7222222222222222 0.2554687500000001 0.7222222222222222
0 0.16328125000000004 0.6555555555555556 0.12421875000000004 0.6555555555555556 0.12421875000000004 0.7277777777777777 0.16328125000000004 0.7277777777777777
0 0.62578125 0.6180555555555557 0.58984375 0.6180555555555557 0.58984375 0.7111111111111111 0.62578125 0.7111111111111111