0 0.79140625 0.6194444444444446 0.7484375 0.6194444444444446 0.7484375 0.6916666666666669 0.79140625 0.6916666666666669
0 0.746875 0.6444444444444446 0.70859375 0.6444444444444446 0.70859375 0.7152777777777779 0.746875 0.7152777777777781
0 0.67421875 0.6638888888888891 0.64453125 0.6638888888888891 0.64453125 0.75 0.67421875 0.75
0 0.7203125 0.5805555555555557 0.68203125 0.5805555555555557 0.68203125 0.6666666666666669 0.7203125 0.6666666666666669
0 0.575 0.8166666666666667 0.54765625 0.8166666666666667 0.54765625 0.8736111111111111 0.575 0.8736111111111111
0 0.5421875 0.8333333333333334 0.51796875 0.8333333333333334 0.51796875 0.8819444444444444 0.5421875 0.8819444444444444
0 0.5390625 0.7833333333333333 0.51328125 0.7833333333333333 0.51328125 0.8333333333333334 0.5390625 0.8333333333333334
0 0.4109375 0.75 0.3804687500000001 0.75 0.3804687500000001 0.8125 0.4109375 0.8125
0 0.5359375 0.6541666666666668 0.48203125 0.6541666666666668 0.48203125 0.7763888888888889 0.5359375 0.7763888888888889
0 0.4546875 0.7666666666666667 0.4234375 0.7666666666666667 0.4234375 0.8291666666666667 0.4546875 0.8291666666666667
0 0.42109375 0.6805555555555557 0.3882812500000001 0.6805555555555557 0.3882812500000001 0.75 0.42109375 0.75
0 0.3890625000000001 0.8152777777777778 0.3609375000000001 0.8152777777777778 0.3609375000000001 0.8694444444444445 0.3890625000000001 0.8694444444444445
0 0.3585937500000001 0.8291666666666667 0.3359375000000001 0.8291666666666667 0.3359375000000001 0.8722222222222222 0.3585937500000001 0.8722222222222222
0 0.3804687500000001 0.7083333333333334 0.3476562500000001 0.7083333333333334 0.3476562500000001 0.7791666666666667 0.3804687500000001 0.7791666666666667
0 0.3359375000000001 0.7194444444444444 0.3062500000000001 0.7194444444444444 0.3062500000000001 0.7833333333333333 0.3359375000000001 0.7833333333333333
0 0.3507812500000001 0.7763888888888889 0.3226562500000001 0.7763888888888889 0.3226562500000001 0.8347222222222223 0.3507812500000001 0.8347222222222223
0 0.26250000000000007 0.7361111111111112 0.22812500000000008 0.7361111111111112 0.22812500000000008 0.7944444444444444 0.26250000000000007 0.7944444444444444
0 0.2156250000000001 0.6791666666666667 0.18593750000000003 0.6791666666666667 0.18593750000000003 0.75 0.2156250000000001 0.75
0 0.2593750000000001 0.6638888888888889 0.2257812500000001 0.6638888888888889 0.2257812500000001 0.7388888888888889 0.2593750000000001 0.7388888888888889
0 0.15546875000000004 0.6402777777777777 0.11640625000000004 0.6402777777777777 0.11640625000000004 0.7125 0.15546875000000004 0.7125
0 0.62890625 0.6125000000000002 0.59296875 0.6125000000000002 0.59296875 0.7055555555555557 0.62890625 0.7055555555555557
0 0.50546875 0.8027777777777778 0.48046875 0.8027777777777778 0.48046875 0.8430555555555556 0.50546875 0.8430555555555556
0 0.5 0.7597222222222222 0.47578125 0.7597222222222222 0.47578125 0.8069444444444445 0.5 0.8069444444444445