0 0.253125 0.301388888888889 0.21015625 0.301388888888889 0.21015625 0.37222222222222223 0.253125 0.37222222222222223
0 0.29296875 0.27777777777777785 0.25546875 0.27777777777777785 0.25546875 0.3472222222222223 0.29296875 0.3472222222222223
0 0.35703125 0.2458333333333334 0.328125 0.2458333333333334 0.328125 0.33055555555555566 0.35703125 0.33055555555555566
0 0.31875 0.32777777777777783 0.28125 0.32777777777777783 0.28125 0.41388888888888886 0.31875 0.41388888888888886
0 0.45546875 0.1250000000000001 0.428125 0.12500000000000008 0.428125 0.18194444444444452 0.45546875 0.18194444444444452
0 0.48515625 0.11666666666666678 0.46171875 0.11666666666666678 0.46171875 0.16527777777777788 0.48515625 0.16527777777777788
0 0.4890625 0.1666666666666668 0.4640625 0.1666666666666668 0.4640625 0.21527777777777785 0.4890625 0.21527777777777785
0 0.621875 0.19166666666666682 0.5921875 0.19166666666666682 0.5921875 0.25277777777777793 0.621875 0.25277777777777793
0 0.51953125 0.22361111111111118 0.4671875 0.22361111111111118 0.4671875 0.3444444444444445 0.51953125 0.3444444444444445
0 0.57890625 0.17361111111111122 0.5484375 0.17361111111111122 0.5484375 0.2347222222222224 0.57890625 0.2347222222222224
0 0.6140625 0.25277777777777793 0.58203125 0.25277777777777793 0.58203125 0.32222222222222235 0.6140625 0.32222222222222235
0 0.6421875 0.13611111111111124 0.6140625 0.13611111111111124 0.6140625 0.18750000000000017 0.6421875 0.18750000000000017
0 0.6671875 0.13194444444444461 0.6453125 0.13194444444444461 0.6453125 0.17500000000000016 0.6671875 0.17500000000000016
0 0.6546875 0.22638888888888906 0.62265625 0.22638888888888906 0.62265625 0.2958333333333335 0.6546875 0.2958333333333335
0 0.69609375 0.22361111111111126 0.66640625 0.22361111111111126 0.66640625 0.28611111111111126 0.69609375 0.28611111111111126
0 0.68046875 0.1708333333333335 0.65234375 0.1708333333333335 0.65234375 0.22916666666666682 0.68046875 0.22916666666666682
0 0.77421875 0.21388888888888904 0.740625 0.21388888888888904 0.740625 0.2708333333333335 0.77421875 0.2708333333333335
0 0.81640625 0.25972222222222235 0.7875 0.25972222222222235 0.7875 0.3305555555555557 0.81640625 0.3305555555555557
0 0.77578125 0.2708333333333335 0.74375 0.2708333333333335 0.74375 0.3444444444444446 0.77578125 0.3444444444444446
0 0.88515625 0.30000000000000016 0.846875 0.30000000000000016 0.846875 0.3708333333333335 0.88515625 0.3708333333333335
0 0.40859375 0.2930555555555556 0.3734375 0.2930555555555556 0.3734375 0.38472222222222235 0.40859375 0.38472222222222235
0 0.52265625 0.15833333333333346 0.49765625 0.15833333333333346 0.49765625 0.1972222222222223 0.52265625 0.1972222222222223
0 0.5265625 0.19305555555555565 0.503125 0.19305555555555565 0.503125 0.24027777777777787 0.5265625 0.24027777777777787