0 0.24765625000000005 0.5833333333333334 0.2015625 0.5833333333333334 0.20156250000000003 0.6611111111111111 0.24765625000000008 0.6611111111111111
0 0.28671875 0.6138888888888889 0.2453125 0.6138888888888889 0.24531250000000004 0.6888888888888889 0.2867187500000001 0.6888888888888889
0 0.34921875 0.6416666666666667 0.31640625 0.6416666666666667 0.31640625000000006 0.7319444444444444 0.3492187500000001 0.7319444444444444
0 0.315625 0.5527777777777778 0.27421875 0.5527777777777778 0.27421875 0.6430555555555556 0.315625 0.6430555555555556
0 0.43984375 0.8069444444444445 0.41015625 0.8069444444444445 0.41015625 0.8666666666666667 0.43984375 0.8666666666666667
0 0.46875 0.8277777777777777 0.44296875 0.8277777777777777 0.44296875 0.8791666666666667 0.46875 0.8791666666666667
0 0.47578125 0.7777777777777778 0.4484375 0.7777777777777778 0.4484375 0.8305555555555556 0.47578125 0.8305555555555556
0 0.609375 0.7611111111111111 0.5765625 0.7611111111111111 0.5765625 0.8263888888888888 0.609375 0.8263888888888888
0 0.5125 0.6500000000000001 0.4546875 0.6500000000000001 0.4546875 0.7777777777777778 0.5125 0.7777777777777778
0 0.56640625 0.7722222222222223 0.5328125 0.7722222222222223 0.5328125 0.8375 0.56640625 0.8375
0 0.6046875 0.690277777777778 0.56953125 0.690277777777778 0.56953125 0.7638888888888888 0.6046875 0.7638888888888888
0 0.6265625 0.8291666666666667 0.59609375 0.8291666666666667 0.59609375 0.8861111111111111 0.6265625 0.8861111111111111
0 0.65078125 0.8458333333333333 0.6265625 0.8458333333333333 0.6265625 0.8916666666666667 0.65078125 0.8916666666666667
0 0.64375 0.7236111111111111 0.60859375 0.7236111111111111 0.60859375 0.7972222222222223 0.64375 0.7972222222222223
0 0.684375 0.7402777777777778 0.65234375 0.7402777777777778 0.65234375 0.8069444444444445 0.684375 0.8069444444444445
0 0.66640625 0.7944444444444444 0.6359375 0.7944444444444444 0.6359375 0.8569444444444444 0.66640625 0.8569444444444444
0 0.7625 0.7652777777777781 0.72578125 0.7652777777777781 0.72578125 0.8277777777777781 0.7625 0.8277777777777781
0 0.80703125 0.7138888888888892 0.77421875 0.7138888888888892 0.77421875 0.7888888888888892 0.80703125 0.7888888888888892
0 0.7671875 0.6930555555555558 0.73125 0.6930555555555558 0.73125 0.7722222222222226 0.7671875 0.7722222222222226
0 0.87734375 0.6819444444444446 0.83515625 0.6819444444444446 0.83515625 0.7583333333333336 0.87734375 0.7583333333333336
0 0.403125 0.5958333333333334 0.3640625 0.5958333333333334 0.36406250000000007 0.6930555555555558 0.403125 0.6930555555555558
0 0.5078125 0.8013888888888889 0.48125 0.8013888888888889 0.48125 0.8444444444444444 0.5078125 0.8444444444444444
0 0.5140625 0.7597222222222222 0.48828125 0.7597222222222222 0.48828125 0.8097222222222222 0.5140625 0.8097222222222222