0 0.2546875 0.2986111111111112 0.2125 0.2986111111111112 0.2125 0.36944444444444446 0.2546875 0.36944444444444446
0 0.29296875 0.27777777777777785 0.25546875 0.27777777777777785 0.25546875 0.3472222222222223 0.29296875 0.3472222222222223
0 0.35234375 0.24027777777777787 0.3234375 0.24027777777777787 0.3234375 0.32500000000000007 0.35234375 0.32500000000000007
0 0.31875 0.32777777777777783 0.28125 0.32777777777777783 0.28125 0.41388888888888886 0.31875 0.41388888888888886
0 0.45078125 0.13055555555555565 0.42421875 0.13055555555555565 0.42421875 0.1861111111111112 0.45078125 0.1861111111111112
0 0.48046875 0.11666666666666678 0.45703125 0.11666666666666678 0.45703125 0.163888888888889 0.48046875 0.163888888888889
0 0.4953125 0.15833333333333346 0.46953125 0.15833333333333346 0.46953125 0.20694444444444451 0.4953125 0.20694444444444451
0 0.621875 0.19166666666666682 0.5921875 0.19166666666666682 0.5921875 0.25277777777777793 0.621875 0.25277777777777793
0 0.57890625 0.17361111111111122 0.5484375 0.17361111111111122 0.5484375 0.2347222222222224 0.57890625 0.2347222222222224
0 0.60859375 0.2458333333333335 0.5765625 0.2458333333333335 0.5765625 0.31527777777777793 0.60859375 0.31527777777777793
0 0.6421875 0.13611111111111124 0.6140625 0.13611111111111124 0.6140625 0.18750000000000017 0.6421875 0.18750000000000017
0 0.6671875 0.13194444444444461 0.6453125 0.13194444444444461 0.6453125 0.17500000000000016 0.6671875 0.17500000000000016
0 0.6453125 0.22500000000000014 0.61328125 0.22500000000000014 0.61328125 0.2944444444444446 0.6453125 0.2944444444444446
0 0.6890625 0.21805555555555572 0.66015625 0.21805555555555572 0.66015625 0.2805555555555557 0.6890625 0.2805555555555557
0 0.70859375 0.16388888888888906 0.68046875 0.16388888888888906 0.68046875 0.22222222222222238 0.70859375 0.22222222222222238
0 0.77421875 0.21388888888888904 0.740625 0.21388888888888904 0.740625 0.2708333333333335 0.77421875 0.2708333333333335
0 0.83828125 0.29305555555555574 0.80859375 0.29305555555555574 0.80859375 0.36250000000000016 0.83828125 0.36250000000000016
0 0.77578125 0.2708333333333335 0.74375 0.2708333333333335 0.74375 0.3444444444444446 0.77578125 0.3444444444444446
0 0.89140625 0.32638888888888906 0.853125 0.32638888888888906 0.853125 0.39722222222222237 0.89140625 0.39722222222222237
0 0.403125 0.2875000000000001 0.36796875 0.2875000000000001 0.36796875 0.3791666666666668 0.403125 0.3791666666666668
0 0.528125 0.19166666666666674 0.50078125 0.19166666666666674 0.50078125 0.25000000000000006 0.528125 0.25000000000000006
0 0.675 0.17638888888888904 0.64921875 0.17638888888888904 0.64921875 0.22500000000000014 0.675 0.22500000000000014