0 0.25000000000000006 0.5847222222222223 0.20390625 0.5847222222222223 0.20390625000000004 0.6625 0.2500000000000001 0.6625
0 0.28671875 0.6138888888888889 0.2453125 0.6138888888888889 0.24531250000000004 0.6888888888888889 0.2867187500000001 0.6888888888888889
0 0.34453125000000007 0.6458333333333334 0.3117187500000001 0.6458333333333334 0.3117187500000001 0.7361111111111112 0.34453125000000007 0.7361111111111112
0 0.315625 0.5527777777777778 0.27421875 0.5527777777777778 0.27421875 0.6430555555555556 0.315625 0.6430555555555556
0 0.4359375 0.8013888888888889 0.40625 0.8013888888888889 0.40625 0.8611111111111112 0.4359375 0.8611111111111112
0 0.46484375 0.8277777777777777 0.4390625 0.8277777777777777 0.4390625 0.8791666666666667 0.46484375 0.8791666666666667
0 0.48046875 0.7875 0.453125 0.7875 0.453125 0.8402777777777778 0.48046875 0.8402777777777778
0 0.609375 0.7611111111111111 0.5765625 0.7611111111111111 0.5765625 0.8263888888888888 0.609375 0.8263888888888888
0 0.56640625 0.7722222222222223 0.5328125 0.7722222222222223 0.5328125 0.8375 0.56640625 0.8375
0 0.59921875 0.6972222222222224 0.5640625 0.6972222222222224 0.5640625 0.7708333333333334 0.59921875 0.7708333333333334
0 0.6265625 0.8291666666666667 0.59609375 0.8291666666666667 0.59609375 0.8861111111111111 0.6265625 0.8861111111111111
0 0.65078125 0.8458333333333333 0.6265625 0.8458333333333333 0.6265625 0.8916666666666667 0.65078125 0.8916666666666667
0 0.634375 0.7222222222222222 0.59921875 0.7222222222222222 0.59921875 0.7958333333333333 0.634375 0.7958333333333333
0 0.67734375 0.7444444444444445 0.6453125 0.7444444444444445 0.6453125 0.8111111111111111 0.67734375 0.8111111111111111
0 0.69375 0.8041666666666667 0.66328125 0.8041666666666667 0.66328125 0.8666666666666667 0.69375 0.8666666666666667
0 0.7625 0.7652777777777781 0.72578125 0.7652777777777781 0.72578125 0.8277777777777781 0.7625 0.8277777777777781
0 0.83046875 0.6847222222222223 0.79765625 0.6847222222222223 0.79765625 0.7597222222222225 0.83046875 0.7597222222222225
0 0.7671875 0.6930555555555558 0.73125 0.6930555555555558 0.73125 0.7722222222222226 0.7671875 0.7722222222222226
0 0.88515625 0.6569444444444446 0.84296875 0.6569444444444446 0.84296875 0.7333333333333336 0.88515625 0.7333333333333336
0 0.39765625000000004 0.6000000000000001 0.35859375 0.6 0.35859375000000004 0.6972222222222223 0.3976562500000001 0.6972222222222224
0 0.515625 0.7486111111111111 0.48515625 0.7486111111111111 0.48515625 0.8111111111111111 0.515625 0.8111111111111111
0 0.6609375 0.7972222222222223 0.6328125 0.7972222222222223 0.6328125 0.85 0.6609375 0.85