0 0.2359375 0.2708333333333334 0.1890625 0.2708333333333334 0.18906250000000002 0.35277777777777786 0.2359375 0.35277777777777786
0 0.29609375 0.2819444444444445 0.2578125 0.2819444444444445 0.2578125 0.351388888888889 0.29609375 0.351388888888889
0 0.3578125 0.24027777777777787 0.3234375 0.24027777777777787 0.3234375 0.3222222222222223 0.3578125 0.3222222222222223
0 0.325 0.3222222222222223 0.28828125 0.3222222222222223 0.28828125 0.40694444444444444 0.325 0.40694444444444444
0 0.44921875 0.13055555555555565 0.421875 0.13055555555555565 0.421875 0.1861111111111112 0.44921875 0.1861111111111112
0 0.4859375 0.15833333333333346 0.4609375 0.15833333333333346 0.4609375 0.20694444444444451 0.4859375 0.20694444444444451
0 0.6375 0.20138888888888903 0.6078125 0.20138888888888903 0.6078125 0.2625000000000002 0.6375 0.2625000000000002
0 0.5703125 0.2152777777777779 0.5359375 0.21527777777777785 0.5359375 0.2916666666666668 0.5703125 0.29166666666666685
0 0.58984375 0.16250000000000012 0.5578125 0.16250000000000012 0.5578125 0.2319444444444446 0.58984375 0.2319444444444446
0 0.6421875 0.13611111111111124 0.6140625 0.13611111111111124 0.6140625 0.18750000000000017 0.6421875 0.18750000000000017
0 0.6671875 0.13194444444444461 0.6453125 0.13194444444444461 0.6453125 0.17500000000000016 0.6671875 0.17500000000000016
0 0.6609375 0.2305555555555557 0.63046875 0.2305555555555557 0.63046875 0.2972222222222224 0.6609375 0.2972222222222224
0 0.6890625 0.21805555555555572 0.66015625 0.21805555555555572 0.66015625 0.2805555555555557 0.6890625 0.2805555555555557
0 0.7125 0.16527777777777794 0.684375 0.16527777777777794 0.684375 0.22361111111111126 0.7125 0.22361111111111126
0 0.78046875 0.21805555555555572 0.746875 0.21805555555555572 0.746875 0.27500000000000013 0.78046875 0.27500000000000013
0 0.796875 0.27916666666666684 0.76484375 0.27916666666666684 0.76484375 0.35416666666666685 0.796875 0.35416666666666685
0 0.89140625 0.32638888888888906 0.853125 0.32638888888888906 0.853125 0.39722222222222237 0.89140625 0.39722222222222237
0 0.403125 0.2875000000000001 0.36796875 0.2875000000000001 0.36796875 0.3791666666666668 0.403125 0.3791666666666668
0 0.52578125 0.19305555555555565 0.4984375 0.19305555555555565 0.4984375 0.251388888888889 0.52578125 0.251388888888889
0 0.746875 0.10555555555555571 0.72265625 0.10555555555555571 0.72265625 0.15138888888888904 0.746875 0.15138888888888904
