0 0.275 0.14444444444444451 0.21875 0.1444444444444445 0.21875 0.24444444444444452 0.275 0.24444444444444452
0 0.33203125 0.1847222222222223 0.2859375 0.1847222222222223 0.2859375 0.26805555555555566 0.33203125 0.26805555555555566
0 0.396875 0.1722222222222223 0.353125 0.1722222222222223 0.353125 0.2666666666666667 0.396875 0.2666666666666667
0 0.3546875 0.2361111111111112 0.30703125 0.2361111111111112 0.30703125 0.3347222222222223 0.3546875 0.3347222222222223
0 0.50078125 0.10833333333333345 0.4671875 0.10833333333333345 0.4671875 0.17361111111111122 0.50078125 0.17361111111111122
0 0.5328125 0.15138888888888902 0.5015625 0.15138888888888902 0.5015625 0.2097222222222223 0.5328125 0.2097222222222223
0 0.675 0.2569444444444446 0.6375 0.2569444444444446 0.6375 0.32916666666666683 0.675 0.32916666666666683
0 0.60703125 0.23888888888888904 0.56328125 0.23888888888888904 0.56328125 0.32777777777777795 0.60703125 0.32777777777777795
0 0.63359375 0.19861111111111127 0.59296875 0.19861111111111127 0.59296875 0.27916666666666684 0.63359375 0.27916666666666684
0 0.6875 0.1958333333333335 0.653125 0.1958333333333335 0.653125 0.25833333333333347 0.6875 0.25833333333333347
0 0.7125 0.2055555555555557 0.68515625 0.2055555555555557 0.68515625 0.2569444444444446 0.7125 0.2569444444444446
0 0.69296875 0.2958333333333335 0.6546875 0.2958333333333335 0.6546875 0.3736111111111113 0.69296875 0.3736111111111113
0 0.721875 0.2958333333333335 0.68515625 0.2958333333333335 0.68515625 0.3694444444444446 0.721875 0.3694444444444446
0 0.75234375 0.2555555555555557 0.7171875 0.2555555555555557 0.7171875 0.3236111111111113 0.75234375 0.3236111111111113
0 0.8109375 0.3333333333333335 0.7703125 0.3333333333333335 0.7703125 0.40277777777777796 0.8109375 0.40277777777777796
0 0.81796875 0.40000000000000013 0.7765625 0.40000000000000013 0.7765625 0.48611111111111127 0.81796875 0.48611111111111127
0 0.90390625 0.4833333333333335 0.85703125 0.4833333333333335 0.85703125 0.5694444444444446 0.90390625 0.5694444444444446
0 0.43515625 0.23750000000000007 0.3890625 0.23750000000000007 0.3890625 0.34166666666666673 0.43515625 0.34166666666666673
0 0.5671875 0.201388888888889 0.5328125 0.20138888888888898 0.5328125 0.26944444444444454 0.5671875 0.2694444444444446
0 0.79375 0.21250000000000016 0.7640625 0.21250000000000016 0.7640625 0.2680555555555557 0.79375 0.2680555555555557
