0 0.24375 0.2611111111111112 0.196875 0.2611111111111112 0.19687500000000002 0.3430555555555556 0.24375 0.3430555555555556
0 0.35546875 0.2250000000000001 0.321875 0.2250000000000001 0.321875 0.3069444444444445 0.35546875 0.3069444444444445
0 0.3203125 0.31666666666666676 0.2828125 0.31666666666666676 0.2828125 0.4027777777777778 0.3203125 0.4027777777777778
0 0.4484375 0.12361111111111119 0.42109375 0.12361111111111119 0.42109375 0.17916666666666675 0.4484375 0.17916666666666675
0 0.48125 0.15833333333333346 0.45625 0.15833333333333346 0.45625 0.20694444444444451 0.48125 0.20694444444444451
0 0.67109375 0.1819444444444446 0.64140625 0.1819444444444446 0.64140625 0.24305555555555572 0.67109375 0.24305555555555572
0 0.57265625 0.163888888888889 0.54375 0.163888888888889 0.54375 0.23055555555555568 0.57265625 0.2305555555555557
0 0.6421875 0.13611111111111124 0.6140625 0.13611111111111124 0.6140625 0.18750000000000017 0.6421875 0.18750000000000017
0 0.6671875 0.13194444444444461 0.6453125 0.13194444444444461 0.6453125 0.17500000000000016 0.6671875 0.17500000000000016
0 0.6546875 0.2444444444444446 0.625 0.2444444444444446 0.625 0.3111111111111113 0.6546875 0.3111111111111113
0 0.70625 0.24722222222222237 0.67734375 0.24722222222222237 0.67734375 0.3097222222222224 0.70625 0.3097222222222224
0 0.70625 0.16250000000000014 0.67890625 0.16250000000000014 0.67890625 0.2208333333333335 0.70625 0.2208333333333335
0 0.78046875 0.21805555555555572 0.746875 0.21805555555555572 0.746875 0.27500000000000013 0.78046875 0.27500000000000013
0 0.796875 0.27916666666666684 0.76484375 0.27916666666666684 0.76484375 0.35416666666666685 0.796875 0.35416666666666685
0 0.89140625 0.32638888888888906 0.853125 0.32638888888888906 0.853125 0.39722222222222237 0.89140625 0.39722222222222237
0 0.41328125 0.2944444444444445 0.37890625 0.2944444444444445 0.37890625 0.3861111111111113 0.41328125 0.3861111111111113
0 0.51875 0.18888888888888897 0.49140625 0.18888888888888897 0.49140625 0.2472222222222223 0.51875 0.2472222222222223
0 0.75625 0.15555555555555572 0.73203125 0.15555555555555572 0.73203125 0.20277777777777795 0.75625 0.20277777777777795
0 0.4828125 0.12222222222222234 0.4625 0.12222222222222234 0.4625 0.16111111111111123 0.4828125 0.16111111111111123
0 0.534375 0.14583333333333345 0.51015625 0.14583333333333345 0.51015625 0.20833333333333343 0.534375 0.20833333333333343
0 0.58671875 0.15972222222222235 0.56953125 0.15972222222222235 0.56953125 0.2069444444444446 0.58671875 0.2069444444444446
