0 0.7734375 0.13750000000000015 0.7171875 0.13750000000000015 0.7171875 0.23750000000000016 0.7734375 0.23750000000000016
0 0.646875 0.15694444444444458 0.603125 0.15694444444444455 0.603125 0.25138888888888905 0.646875 0.25138888888888905
0 0.69765625 0.22916666666666682 0.65 0.22916666666666682 0.65 0.32777777777777795 0.69765625 0.32777777777777795
0 0.5328125 0.101388888888889 0.49921875 0.101388888888889 0.49921875 0.1666666666666668 0.5328125 0.1666666666666668
0 0.503125 0.1500000000000001 0.471875 0.1500000000000001 0.471875 0.20833333333333343 0.503125 0.20833333333333343
0 0.328125 0.2527777777777779 0.290625 0.2527777777777779 0.290625 0.32500000000000007 0.328125 0.32500000000000007
0 0.42109375 0.19305555555555565 0.384375 0.19305555555555565 0.384375 0.26944444444444454 0.42109375 0.26944444444444454
0 0.346875 0.19583333333333341 0.3125 0.19583333333333341 0.3125 0.2583333333333334 0.346875 0.2583333333333334
0 0.31484375 0.20555555555555563 0.2875 0.20555555555555563 0.2875 0.25694444444444453 0.31484375 0.25694444444444453
0 0.353125 0.30555555555555564 0.31484375 0.30555555555555564 0.31484375 0.38333333333333336 0.353125 0.38333333333333336
0 0.30234375 0.33194444444444454 0.265625 0.33194444444444454 0.265625 0.40555555555555556 0.30234375 0.40555555555555556
0 0.2890625 0.25000000000000006 0.25390625 0.25000000000000006 0.25390625 0.31805555555555565 0.2890625 0.31805555555555565
0 0.2296875 0.3333333333333334 0.18906250000000005 0.3333333333333334 0.18906250000000005 0.4027777777777778 0.2296875 0.4027777777777778
0 0.2234375 0.4 0.18203125000000003 0.4 0.18203125000000003 0.4861111111111111 0.2234375 0.4861111111111111
0 0.14375000000000004 0.48333333333333334 0.09687500000000002 0.48333333333333334 0.09687500000000003 0.5694444444444444 0.14375000000000004 0.5694444444444444
0 0.60234375 0.24861111111111128 0.55625 0.24861111111111128 0.55625 0.3527777777777779 0.60234375 0.3527777777777779
0 0.47421875 0.19444444444444453 0.43984375 0.19444444444444453 0.43984375 0.26250000000000007 0.47421875 0.26250000000000007
0 0.234375 0.2666666666666667 0.2046875 0.2666666666666667 0.2046875 0.3222222222222223 0.234375 0.3222222222222223
0 0.490625 0.11805555555555568 0.465625 0.11805555555555568 0.465625 0.163888888888889 0.490625 0.163888888888889
0 0.45078125 0.16111111111111118 0.41875 0.16111111111111118 0.41875 0.23194444444444454 0.45078125 0.23194444444444454
0 0.39296875 0.20000000000000007 0.36953125 0.20000000000000007 0.36953125 0.2527777777777779 0.39296875 0.2527777777777779
