0 0.81796875 0.651388888888889 0.7703125 0.651388888888889 0.7703125 0.7347222222222225 0.81796875 0.7347222222222225
0 0.74375 0.6500000000000001 0.709375 0.6500000000000001 0.709375 0.7333333333333335 0.74375 0.7333333333333336
0 0.7171875 0.5972222222222224 0.67890625 0.5972222222222224 0.67890625 0.6833333333333335 0.7171875 0.6833333333333335
0 0.57890625 0.8208333333333333 0.5515625 0.8208333333333333 0.5515625 0.8777777777777778 0.57890625 0.8777777777777778
0 0.53984375 0.7916666666666666 0.51015625 0.7916666666666666 0.51015625 0.8430555555555556 0.53984375 0.8430555555555556
0 0.35234375000000007 0.7486111111111111 0.3218750000000001 0.7486111111111111 0.3218750000000001 0.8111111111111111 0.35234375000000007 0.8111111111111111
0 0.45390625 0.7680555555555556 0.42421875 0.7680555555555556 0.42421875 0.8347222222222223 0.45390625 0.8347222222222223
0 0.3828125000000001 0.8069444444444445 0.3546875000000001 0.8069444444444445 0.3546875000000001 0.8611111111111112 0.3828125000000001 0.8611111111111112
0 0.3515625000000001 0.8138888888888889 0.3242187500000001 0.8138888888888889 0.3242187500000001 0.8625 0.3515625000000001 0.8625
0 0.3773437500000001 0.6902777777777779 0.3468750000000001 0.6902777777777778 0.3468750000000001 0.7569444444444444 0.3773437500000001 0.7569444444444444
0 0.32109375000000007 0.6833333333333333 0.2914062500000001 0.6833333333333333 0.2914062500000001 0.7472222222222222 0.32109375000000007 0.7472222222222222
0 0.3187500000000001 0.7736111111111111 0.2906250000000001 0.7736111111111111 0.2906250000000001 0.8319444444444445 0.3187500000000001 0.8319444444444445
0 0.2523437500000001 0.7166666666666667 0.2179687500000001 0.7166666666666667 0.2179687500000001 0.775 0.2523437500000001 0.775
0 0.14609375000000005 0.5902777777777778 0.10703125000000005 0.5902777777777778 0.10703125000000005 0.6625 0.14609375000000005 0.6625
0 0.621875 0.6222222222222223 0.5859375 0.6222222222222223 0.5859375 0.7152777777777778 0.621875 0.7152777777777778
0 0.50234375 0.7513888888888889 0.47421875 0.7513888888888889 0.47421875 0.8097222222222222 0.50234375 0.8097222222222222
0 0.2617187500000001 0.775 0.2375000000000001 0.775 0.2375000000000001 0.8222222222222222 0.2617187500000001 0.8222222222222222
0 0.51796875 0.8180555555555555 0.5015625 0.8180555555555555 0.5015625 0.8625 0.51796875 0.8625
0 0.4875 0.7916666666666666 0.4625 0.7916666666666666 0.4625 0.8541666666666666 0.4875 0.8541666666666666
0 0.4890625 0.85 0.4515625 0.85 0.4515625 0.9027777777777778 0.4890625 0.9027777777777778
