0 0.2640625000000001 0.6597222222222222 0.2140625000000001 0.6597222222222222 0.2140625000000001 0.7472222222222222 0.2640625000000001 0.7472222222222222
0 0.29765625000000007 0.6694444444444444 0.2609375000000001 0.6694444444444444 0.2609375000000001 0.7555555555555555 0.29765625000000007 0.7555555555555555
0 0.32656250000000003 0.6125 0.2859375 0.6125 0.28593750000000007 0.7027777777777777 0.3265625000000001 0.7027777777777777
0 0.46015625 0.8263888888888888 0.43125 0.8263888888888888 0.43125 0.8847222222222222 0.46015625 0.8847222222222222
0 0.5 0.7930555555555555 0.46875 0.7930555555555555 0.46875 0.8472222222222222 0.5 0.8472222222222222
0 0.6890625 0.7416666666666667 0.65703125 0.7416666666666667 0.65703125 0.8069444444444445 0.6890625 0.8069444444444445
0 0.6 0.775 0.575 0.775 0.575 0.8444444444444444 0.6 0.8444444444444444
0 0.65625 0.7944444444444444 0.6265625 0.7944444444444444 0.6265625 0.85 0.65625 0.85
0 0.68671875 0.7972222222222223 0.6578125 0.7972222222222223 0.6578125 0.8486111111111111 0.68671875 0.8486111111111111
0 0.665625 0.6638888888888891 0.6328125 0.6638888888888891 0.6328125 0.7333333333333333 0.665625 0.7333333333333333
0 0.69921875 0.6555555555555557 0.66796875 0.6555555555555557 0.66796875 0.7222222222222222 0.69921875 0.7222222222222222
0 0.715625 0.7444444444444445 0.68515625 0.7444444444444445 0.68515625 0.8055555555555556 0.715625 0.8055555555555556
0 0.78671875 0.690277777777778 0.75078125 0.690277777777778 0.75078125 0.7513888888888892 0.78671875 0.7513888888888892
0 0.89765625 0.5541666666666668 0.85625 0.5541666666666668 0.85625 0.6291666666666669 0.89765625 0.6291666666666669
0 0.4171875 0.6319444444444446 0.37890625 0.6319444444444446 0.37890625000000006 0.7277777777777777 0.4171875 0.7277777777777777
0 0.53515625 0.7486111111111111 0.50546875 0.7486111111111111 0.50546875 0.8097222222222222 0.53515625 0.8097222222222222
0 0.753125 0.7611111111111114 0.72734375 0.7611111111111114 0.72734375 0.8111111111111114 0.753125 0.8111111111111114
0 0.509375 0.8166666666666667 0.49140625 0.8166666666666667 0.49140625 0.8625 0.509375 0.8625
0 0.54375 0.7986111111111112 0.51953125 0.7986111111111112 0.51953125 0.8444444444444444 0.54375 0.8444444444444444
0 0.559375 0.8375 0.52109375 0.8375 0.52109375 0.8847222222222222 0.559375 0.8847222222222222
0 0.64375 0.7347222222222223 0.61328125 0.7347222222222223 0.61328125 0.7902777777777777 0.64375 0.7902777777777777
0 0.8109375 0.5986111111111113 0.7765625 0.5986111111111113 0.7765625 0.6750000000000002 0.8109375 0.6750000000000002
