0 0.2546875 0.288888888888889 0.2078125 0.288888888888889 0.2078125 0.37083333333333335 0.2546875 0.37083333333333335
0 0.28828125 0.2750000000000001 0.2546875 0.2750000000000001 0.2546875 0.35694444444444445 0.28828125 0.35694444444444445
0 0.31953125 0.3236111111111112 0.28203125 0.3236111111111112 0.28203125 0.4097222222222222 0.31953125 0.4097222222222222
0 0.4453125 0.12500000000000008 0.41796875 0.12500000000000008 0.41796875 0.18055555555555564 0.4453125 0.18055555555555564
0 0.48671875 0.15833333333333346 0.45703125 0.15833333333333346 0.45703125 0.20833333333333343 0.48671875 0.20833333333333343
0 0.6765625 0.17500000000000016 0.64609375 0.17500000000000016 0.64609375 0.23611111111111127 0.6765625 0.23611111111111127
0 0.58671875 0.14722222222222234 0.5640625 0.14722222222222234 0.5640625 0.21388888888888904 0.58671875 0.21388888888888904
0 0.6421875 0.13611111111111124 0.6140625 0.13611111111111124 0.6140625 0.18750000000000017 0.6421875 0.18750000000000017
0 0.671875 0.13194444444444461 0.6453125 0.13194444444444461 0.6453125 0.18055555555555572 0.671875 0.18055555555555572
0 0.65625 0.25000000000000017 0.62578125 0.25000000000000017 0.62578125 0.3166666666666668 0.65625 0.3166666666666668
0 0.690625 0.25833333333333347 0.6609375 0.25833333333333347 0.6609375 0.32083333333333347 0.690625 0.32083333333333347
0 0.70234375 0.1722222222222224 0.675 0.1722222222222224 0.675 0.2305555555555557 0.70234375 0.2305555555555557
0 0.77578125 0.21805555555555572 0.7421875 0.21805555555555572 0.7421875 0.27500000000000013 0.77578125 0.27500000000000013
0 0.89140625 0.32638888888888906 0.853125 0.32638888888888906 0.853125 0.39722222222222237 0.89140625 0.39722222222222237
0 0.40859375 0.2875000000000001 0.37421875 0.2875000000000001 0.37421875 0.3791666666666668 0.40859375 0.3791666666666668
0 0.52265625 0.19027777777777785 0.4953125 0.19027777777777785 0.4953125 0.2486111111111112 0.52265625 0.2486111111111112
0 0.73984375 0.16111111111111126 0.715625 0.16111111111111126 0.715625 0.20833333333333348 0.73984375 0.20833333333333348
0 0.4953125 0.138888888888889 0.47890625 0.138888888888889 0.47890625 0.1833333333333334 0.4953125 0.1833333333333334
0 0.53046875 0.15416666666666679 0.50703125 0.15416666666666679 0.50703125 0.1972222222222223 0.53046875 0.1972222222222223
0 0.54453125 0.11388888888888901 0.50703125 0.11388888888888901 0.50703125 0.15555555555555567 0.54453125 0.15555555555555567
0 0.63203125 0.19722222222222238 0.603125 0.19722222222222238 0.603125 0.24861111111111128 0.63203125 0.24861111111111128
0 0.803125 0.29166666666666685 0.771875 0.29166666666666685 0.771875 0.36388888888888904 0.803125 0.36388888888888904
