0 0.81015625 0.588888888888889 0.765625 0.588888888888889 0.765625 0.6638888888888891 0.81015625 0.6638888888888891
0 0.74296875 0.6541666666666668 0.703125 0.6541666666666668 0.703125 0.7263888888888891 0.74296875 0.7263888888888892
0 0.6765625 0.6597222222222224 0.64453125 0.6597222222222224 0.64453125 0.7375 0.6765625 0.7375
0 0.71171875 0.5694444444444446 0.66796875 0.5694444444444446 0.66796875 0.6541666666666668 0.71171875 0.6541666666666668
0 0.6375 0.5972222222222224 0.59921875 0.5972222222222224 0.59921875 0.6722222222222224 0.6375 0.6722222222222224
0 0.58359375 0.5055555555555558 0.5265625 0.5055555555555558 0.5265625 0.6083333333333335 0.58359375 0.6083333333333335
0 0.596875 0.7930555555555555 0.56796875 0.7930555555555555 0.56796875 0.8513888888888889 0.596875 0.8513888888888889
0 0.53828125 0.8069444444444445 0.515625 0.8069444444444445 0.515625 0.8555555555555555 0.53828125 0.8555555555555555
0 0.5390625 0.7555555555555555 0.5125 0.7555555555555555 0.5125 0.8069444444444445 0.5390625 0.8069444444444445
0 0.49453125 0.8 0.47265625 0.8 0.47265625 0.8402777777777778 0.49453125 0.8402777777777778
0 0.509375 0.7597222222222222 0.48515625 0.7597222222222222 0.48515625 0.8152777777777778 0.509375 0.8152777777777778
0 0.503125 0.8319444444444445 0.47734375 0.8319444444444445 0.47734375 0.8777777777777778 0.503125 0.8777777777777778
0 0.4328125 0.7986111111111112 0.41015625 0.7986111111111112 0.41015625 0.8416666666666667 0.4328125 0.8416666666666667
0 0.453125 0.7638888888888888 0.42109375 0.7638888888888888 0.42109375 0.8277777777777777 0.453125 0.8277777777777777
0 0.41328125 0.7388888888888889 0.3820312500000001 0.7388888888888889 0.3820312500000001 0.7986111111111112 0.41328125 0.7986111111111112
0 0.3828125000000001 0.8152777777777778 0.3593750000000001 0.8152777777777778 0.3593750000000001 0.8625 0.3828125000000001 0.8625
0 0.3507812500000001 0.8291666666666667 0.3273437500000001 0.8291666666666667 0.3273437500000001 0.8736111111111111 0.3507812500000001 0.8736111111111111
0 0.3664062500000001 0.6763888888888889 0.3320312500000001 0.6763888888888889 0.3320312500000001 0.7486111111111111 0.3664062500000001 0.7486111111111111
0 0.35234375000000007 0.7736111111111111 0.3281250000000001 0.7736111111111111 0.3281250000000001 0.825 0.35234375000000007 0.825
0 0.32500000000000007 0.7833333333333333 0.3000000000000001 0.7833333333333333 0.3000000000000001 0.8430555555555556 0.32500000000000007 0.8430555555555556
0 0.2843750000000001 0.7819444444444444 0.2554687500000001 0.7819444444444444 0.2554687500000001 0.8555555555555555 0.2843750000000001 0.8555555555555555
0 0.3320312500000001 0.7069444444444445 0.29375000000000007 0.7069444444444445 0.29375000000000007 0.7847222222222222 0.3320312500000001 0.7847222222222222
0 0.2773437500000001 0.7208333333333333 0.2484375000000001 0.7208333333333333 0.2484375000000001 0.7791666666666667 0.2773437500000001 0.7791666666666667
0 0.2468750000000001 0.7555555555555555 0.22265625000000008 0.7555555555555555 0.22265625000000008 0.8027777777777778 0.2468750000000001 0.8027777777777778
0 0.2156250000000001 0.6916666666666667 0.19140625000000006 0.6916666666666667 0.19140625000000006 0.75 0.2156250000000001 0.75
0 0.2484375000000001 0.6611111111111111 0.22031250000000008 0.6611111111111111 0.22031250000000008 0.7277777777777777 0.2484375000000001 0.7277777777777777
0 0.19140625000000006 0.7069444444444445 0.16484375000000004 0.7069444444444445 0.16484375000000004 0.7652777777777777 0.19140625000000006 0.7652777777777777
