0 0.2375 0.31111111111111117 0.1953125 0.31111111111111117 0.19531250000000003 0.38333333333333336 0.2375 0.38333333333333336
0 0.3015625 0.25416666666666676 0.2640625 0.25416666666666676 0.2640625 0.3236111111111112 0.3015625 0.3236111111111112
0 0.3609375 0.25000000000000006 0.33125 0.25000000000000006 0.33125 0.32500000000000007 0.3609375 0.32500000000000007
0 0.33515625 0.33055555555555566 0.29296875 0.33055555555555566 0.29296875 0.4111111111111111 0.33515625 0.4111111111111111
0 0.4046875 0.31944444444444453 0.36796875 0.31944444444444453 0.36796875 0.39166666666666683 0.4046875 0.39166666666666683
0 0.47421875 0.39027777777777795 0.41953125 0.39027777777777795 0.41953125 0.48750000000000016 0.47421875 0.48750000000000016
0 0.440625 0.14305555555555563 0.4140625 0.14305555555555563 0.4140625 0.19861111111111118 0.440625 0.19861111111111118
0 0.49296875 0.14305555555555569 0.471875 0.14305555555555569 0.471875 0.19027777777777785 0.49296875 0.19027777777777785
0 0.4953125 0.19166666666666674 0.4703125 0.19166666666666674 0.4703125 0.24166666666666675 0.4953125 0.24166666666666675
0 0.53671875 0.163888888888889 0.515625 0.163888888888889 0.515625 0.20138888888888898 0.53671875 0.20138888888888898
0 0.52265625 0.18750000000000008 0.5 0.18750000000000008 0.5 0.24027777777777787 0.52265625 0.24027777777777787
0 0.5328125 0.1250000000000001 0.5078125 0.1250000000000001 0.5078125 0.16805555555555568 0.5328125 0.16805555555555568
0 0.5984375 0.1666666666666668 0.5765625 0.1666666666666668 0.5765625 0.20833333333333348 0.5984375 0.20833333333333348
0 0.5875 0.17916666666666684 0.55703125 0.17916666666666684 0.55703125 0.24027777777777792 0.5875 0.24027777777777792
0 0.625 0.21388888888888904 0.5953125 0.21388888888888904 0.5953125 0.2694444444444446 0.625 0.2694444444444446
0 0.65 0.15138888888888902 0.628125 0.15138888888888902 0.628125 0.19722222222222238 0.65 0.19722222222222238
0 0.6828125 0.1430555555555557 0.66015625 0.1430555555555557 0.66015625 0.18611111111111128 0.6828125 0.18611111111111128
0 0.6734375 0.26666666666666683 0.640625 0.26666666666666683 0.640625 0.33611111111111125 0.6734375 0.33611111111111125
0 0.6796875 0.19166666666666682 0.65703125 0.19166666666666682 0.65703125 0.24027777777777792 0.6796875 0.24027777777777792
0 0.70859375 0.17638888888888904 0.68515625 0.17638888888888904 0.68515625 0.2333333333333335 0.70859375 0.2333333333333335
0 0.75234375 0.1680555555555557 0.72578125 0.1680555555555557 0.72578125 0.23888888888888904 0.75234375 0.23888888888888904
0 0.7125 0.2347222222222224 0.67578125 0.2347222222222224 0.67578125 0.3083333333333335 0.7125 0.3083333333333335
0 0.7578125 0.2458333333333335 0.73046875 0.2458333333333335 0.73046875 0.30138888888888904 0.7578125 0.30138888888888904
0 0.784375 0.22361111111111126 0.76171875 0.22361111111111126 0.76171875 0.2694444444444446 0.784375 0.2694444444444446
0 0.8140625 0.27916666666666684 0.79140625 0.27916666666666684 0.79140625 0.33611111111111125 0.8140625 0.33611111111111125
0 0.784375 0.29861111111111127 0.7578125 0.29861111111111127 0.7578125 0.36250000000000016 0.784375 0.36250000000000016
0 0.84140625 0.26666666666666683 0.81640625 0.26666666666666683 0.81640625 0.3236111111111113 0.84140625 0.3236111111111113
