0 0.2390625 0.30555555555555564 0.19609375 0.30555555555555564 0.19609375 0.37777777777777777 0.2390625 0.37777777777777777
0 0.2859375 0.27916666666666673 0.24765625 0.27916666666666673 0.24765625 0.3500000000000001 0.2859375 0.3500000000000001
0 0.34453125 0.23333333333333342 0.3140625 0.23333333333333342 0.3140625 0.3097222222222223 0.34453125 0.3097222222222223
0 0.32265625 0.31805555555555565 0.28046875 0.31805555555555565 0.28046875 0.4 0.32265625 0.4
0 0.39921875 0.30277777777777787 0.36171875 0.30277777777777787 0.36171875 0.37500000000000006 0.39921875 0.37500000000000017
0 0.44453125 0.12777777777777785 0.4171875 0.12777777777777785 0.4171875 0.1847222222222223 0.44453125 0.1847222222222223
0 0.4890625 0.13194444444444456 0.47265625 0.13194444444444456 0.47265625 0.17916666666666675 0.4890625 0.17916666666666675
0 0.48125 0.15694444444444455 0.4578125 0.15694444444444455 0.4578125 0.20555555555555563 0.48125 0.20555555555555563
0 0.52265625 0.15972222222222235 0.4984375 0.15972222222222235 0.4984375 0.20277777777777786 0.52265625 0.20277777777777786
0 0.52890625 0.19861111111111118 0.50234375 0.19861111111111118 0.50234375 0.26250000000000007 0.52890625 0.26250000000000007
0 0.55 0.10972222222222235 0.5109375 0.10972222222222235 0.5109375 0.16527777777777788 0.55 0.16527777777777788
0 0.58203125 0.1527777777777779 0.56015625 0.1527777777777779 0.56015625 0.19444444444444461 0.58203125 0.19444444444444461
0 0.57578125 0.18055555555555572 0.5484375 0.18055555555555572 0.5484375 0.24305555555555572 0.57578125 0.24305555555555572
0 0.6375 0.19861111111111127 0.61328125 0.19861111111111127 0.61328125 0.2458333333333335 0.6375 0.2458333333333335
0 0.64140625 0.1319444444444446 0.61875 0.13194444444444456 0.61875 0.17777777777777792 0.64140625 0.17777777777777792
0 0.66640625 0.1305555555555557 0.64375 0.1305555555555557 0.64375 0.17361111111111127 0.66640625 0.17361111111111127
0 0.65 0.23750000000000016 0.6171875 0.23750000000000016 0.6171875 0.3083333333333335 0.65 0.3083333333333335
0 0.659375 0.17638888888888904 0.6359375 0.17638888888888904 0.6359375 0.22638888888888906 0.659375 0.22638888888888906
0 0.7015625 0.16666666666666682 0.67734375 0.16666666666666682 0.67734375 0.22500000000000014 0.7015625 0.22500000000000014
0 0.753125 0.1583333333333335 0.728125 0.1583333333333335 0.728125 0.21805555555555572 0.753125 0.21805555555555572
0 0.69921875 0.22500000000000014 0.66875 0.22500000000000014 0.66875 0.2958333333333335 0.69921875 0.2958333333333335
0 0.77265625 0.21111111111111128 0.7421875 0.21111111111111128 0.7421875 0.2819444444444446 0.77265625 0.2819444444444446
0 0.8421875 0.3097222222222224 0.80546875 0.3097222222222224 0.80546875 0.39166666666666683 0.8421875 0.39166666666666683
0 0.80234375 0.2805555555555557 0.765625 0.2805555555555557 0.765625 0.3680555555555557 0.80234375 0.3680555555555557
0 0.890625 0.3236111111111113 0.85546875 0.3236111111111113 0.85546875 0.3875000000000002 0.890625 0.3875000000000002