0 0.240625 0.2972222222222223 0.19765625 0.2972222222222223 0.19765625000000003 0.3680555555555556 0.240625 0.3680555555555556
0 0.2875 0.2722222222222223 0.24921875 0.2722222222222223 0.24921875 0.34166666666666673 0.2875 0.34166666666666673
0 0.34609375 0.22777777777777786 0.31640625 0.22777777777777786 0.31640625 0.30277777777777787 0.34609375 0.30277777777777787
0 0.3234375 0.31111111111111117 0.28203125 0.31111111111111117 0.28203125 0.39305555555555555 0.3234375 0.39305555555555555
0 0.40078125 0.2986111111111112 0.3640625 0.2986111111111112 0.3640625 0.3708333333333335 0.40078125 0.3708333333333335
0 0.44765625 0.12638888888888897 0.4203125 0.12638888888888897 0.4203125 0.18194444444444452 0.44765625 0.18194444444444452
0 0.4921875 0.13194444444444456 0.47578125 0.13194444444444456 0.47578125 0.17777777777777787 0.4921875 0.17777777777777787
0 0.48359375 0.15555555555555567 0.4609375 0.15555555555555567 0.4609375 0.20416666666666675 0.48359375 0.20416666666666675
0 0.52578125 0.16111111111111123 0.5015625 0.16111111111111123 0.5015625 0.20277777777777786 0.52578125 0.20277777777777786
0 0.53125 0.20000000000000007 0.50546875 0.20000000000000007 0.50546875 0.26250000000000007 0.53125 0.26250000000000007
0 0.553125 0.11111111111111123 0.5140625 0.11111111111111123 0.5140625 0.16527777777777788 0.553125 0.16527777777777788
0 0.58515625 0.15555555555555567 0.56328125 0.15555555555555567 0.56328125 0.19722222222222238 0.58515625 0.19722222222222238
0 0.578125 0.1833333333333335 0.55078125 0.1833333333333335 0.55078125 0.2444444444444446 0.578125 0.2444444444444446
0 0.63984375 0.20138888888888903 0.615625 0.20138888888888903 0.615625 0.24861111111111128 0.63984375 0.24861111111111128
0 0.64375 0.13611111111111124 0.621875 0.13611111111111124 0.621875 0.1819444444444446 0.64375 0.1819444444444446
0 0.66953125 0.13611111111111127 0.64765625 0.13611111111111127 0.64765625 0.17777777777777792 0.66953125 0.17777777777777792
0 0.65234375 0.24166666666666684 0.61953125 0.24166666666666684 0.61953125 0.3111111111111113 0.65234375 0.3111111111111113
0 0.66171875 0.1819444444444446 0.6390625 0.1819444444444446 0.6390625 0.2305555555555557 0.66171875 0.2305555555555557
0 0.70390625 0.1722222222222224 0.68046875 0.1722222222222224 0.68046875 0.2305555555555557 0.70390625 0.2305555555555557
0 0.75546875 0.16666666666666682 0.73125 0.16666666666666682 0.73125 0.22500000000000014 0.75546875 0.22500000000000014
0 0.7015625 0.2319444444444446 0.67109375 0.2319444444444446 0.67109375 0.30138888888888904 0.7015625 0.30138888888888904
0 0.775 0.21805555555555572 0.7453125 0.21805555555555572 0.7453125 0.28888888888888903 0.775 0.28888888888888903
0 0.84296875 0.3194444444444446 0.80703125 0.3194444444444446 0.80703125 0.40000000000000013 0.84296875 0.40000000000000013
0 0.80390625 0.28888888888888903 0.76796875 0.28888888888888903 0.76796875 0.37638888888888905 0.80390625 0.37638888888888905
0 0.89140625 0.33611111111111125 0.85703125 0.33611111111111125 0.85703125 0.39861111111111125 0.89140625 0.39861111111111125