0 0.2640625 0.20694444444444451 0.215625 0.20694444444444451 0.215625 0.29027777777777786 0.2640625 0.29027777777777786
0 0.3125 0.19861111111111118 0.26875 0.19861111111111118 0.26875 0.27916666666666673 0.3125 0.27916666666666673
0 0.37578125 0.17500000000000007 0.3390625 0.17500000000000007 0.3390625 0.2583333333333334 0.37578125 0.2583333333333334
0 0.3453125 0.2472222222222223 0.29609375 0.2472222222222223 0.29609375 0.34027777777777785 0.3453125 0.34027777777777785
0 0.421875 0.2597222222222223 0.37890625 0.2597222222222223 0.37890625 0.34166666666666673 0.421875 0.34166666666666673
0 0.484375 0.10694444444444454 0.45234375 0.10694444444444452 0.45234375 0.17083333333333342 0.484375 0.17083333333333345
0 0.528125 0.1291666666666668 0.5078125 0.1291666666666668 0.5078125 0.18055555555555564 0.528125 0.18055555555555564
0 0.51796875 0.1500000000000001 0.490625 0.1500000000000001 0.490625 0.20416666666666675 0.51796875 0.20416666666666675
0 0.55859375 0.1666666666666668 0.53125 0.1666666666666668 0.53125 0.2152777777777779 0.55859375 0.21527777777777793
0 0.56015625 0.20694444444444457 0.528125 0.20694444444444451 0.528125 0.276388888888889 0.56015625 0.2763888888888891
0 0.58984375 0.12222222222222234 0.546875 0.12222222222222234 0.546875 0.18750000000000017 0.58984375 0.18750000000000017
0 0.6171875 0.18055555555555572 0.5921875 0.18055555555555572 0.5921875 0.22777777777777794 0.6171875 0.22777777777777794
0 0.6078125 0.20416666666666683 0.57578125 0.20416666666666683 0.57578125 0.27361111111111125 0.6078125 0.27361111111111125
0 0.6671875 0.24305555555555572 0.6390625 0.24305555555555572 0.6390625 0.2958333333333335 0.6671875 0.2958333333333335
0 0.67734375 0.17916666666666684 0.6515625 0.17916666666666684 0.6515625 0.2305555555555557 0.67734375 0.2305555555555557
0 0.70234375 0.18750000000000017 0.6765625 0.18750000000000017 0.6765625 0.23611111111111127 0.70234375 0.23611111111111127
0 0.675 0.2833333333333335 0.63671875 0.2833333333333335 0.63671875 0.36111111111111127 0.675 0.36111111111111127
0 0.690625 0.22916666666666682 0.66328125 0.22916666666666682 0.66328125 0.2847222222222224 0.690625 0.2847222222222224
0 0.7328125 0.2333333333333335 0.70390625 0.2333333333333335 0.70390625 0.2972222222222224 0.7328125 0.2972222222222224
0 0.784375 0.24305555555555572 0.7546875 0.24305555555555572 0.7546875 0.3083333333333335 0.784375 0.3083333333333335
0 0.725 0.28888888888888903 0.68828125 0.28888888888888903 0.68828125 0.3666666666666668 0.725 0.3666666666666668
0 0.7984375 0.29861111111111127 0.7625 0.29861111111111127 0.7625 0.37638888888888905 0.7984375 0.37638888888888905
0 0.85546875 0.41805555555555574 0.8125 0.41805555555555574 0.8125 0.5083333333333335 0.85546875 0.5083333333333335
0 0.81953125 0.37500000000000017 0.77578125 0.37500000000000017 0.77578125 0.4722222222222224 0.81953125 0.4722222222222224
0 0.9015625 0.4486111111111113 0.86171875 0.4486111111111113 0.86171875 0.5208333333333335 0.9015625 0.5208333333333335