0 0.27812500000000007 0.7402777777777778 0.2289062500000001 0.7402777777777778 0.2289062500000001 0.825 0.27812500000000007 0.825
0 0.3164062500000001 0.7347222222222223 0.2718750000000001 0.7347222222222223 0.2718750000000001 0.8152777777777778 0.3164062500000001 0.8152777777777778
0 0.3882812500000001 0.7416666666666667 0.3453125000000001 0.7416666666666667 0.3453125000000001 0.8291666666666667 0.3882812500000001 0.8291666666666667
0 0.33671875000000007 0.6694444444444444 0.29765625000000007 0.6694444444444444 0.29765625000000007 0.7597222222222222 0.33671875000000007 0.7597222222222222
0 0.42734375 0.6194444444444446 0.37578125 0.6194444444444446 0.37578125000000007 0.7444444444444445 0.42734375 0.7444444444444445
0 0.48828125 0.8152777777777778 0.45546875 0.8152777777777778 0.45546875 0.8791666666666667 0.48828125 0.8791666666666667
0 0.521875 0.7930555555555555 0.48828125 0.7930555555555555 0.48828125 0.8555555555555555 0.521875 0.8555555555555555
0 0.559375 0.7902777777777777 0.52890625 0.7902777777777777 0.52890625 0.8486111111111111 0.559375 0.8486111111111111
0 0.57421875 0.7361111111111112 0.54140625 0.7361111111111112 0.54140625 0.8055555555555556 0.57421875 0.8055555555555556
0 0.621875 0.7736111111111111 0.5953125 0.7736111111111111 0.5953125 0.8166666666666667 0.621875 0.8166666666666667
0 0.6140625 0.7236111111111111 0.58125 0.7236111111111111 0.58125 0.7930555555555555 0.6140625 0.7930555555555555
0 0.65390625 0.7069444444444446 0.6265625 0.7069444444444446 0.6265625 0.7597222222222222 0.65390625 0.7597222222222222
0 0.7 0.8222222222222222 0.6734375 0.8222222222222222 0.6734375 0.875 0.7 0.875
0 0.75 0.7986111111111113 0.7234375 0.7986111111111112 0.7234375 0.8486111111111113 0.75 0.8486111111111114
0 0.67578125 0.6541666666666668 0.64375 0.6541666666666668 0.64375 0.7125 0.67578125 0.7125
0 0.6984375 0.7125 0.66640625 0.7125 0.66640625 0.7708333333333334 0.6984375 0.7708333333333334
0 0.73671875 0.6986111111111113 0.70859375 0.6986111111111113 0.70859375 0.7638888888888891 0.73671875 0.7638888888888892
0 0.78671875 0.6847222222222223 0.75703125 0.6847222222222223 0.75703125 0.7500000000000003 0.78671875 0.7500000000000003
0 0.72109375 0.6708333333333335 0.684375 0.6708333333333335 0.684375 0.7291666666666666 0.72109375 0.7291666666666666
0 0.78828125 0.6111111111111113 0.7515625 0.6111111111111113 0.7515625 0.690277777777778 0.78828125 0.690277777777778
0 0.85625 0.4819444444444446 0.8125 0.4819444444444446 0.8125 0.5736111111111113 0.85625 0.5736111111111113
0 0.82734375 0.5194444444444446 0.7828125 0.5194444444444446 0.7828125 0.6166666666666668 0.82734375 0.6166666666666668
0 0.90234375 0.46666666666666684 0.86171875 0.46666666666666684 0.86171875 0.540277777777778 0.90234375 0.540277777777778
0 0.85390625 0.7013888888888891 0.80234375 0.7013888888888891 0.80234375 0.7944444444444447 0.85390625 0.7944444444444447
