0 0.25859375 0.2361111111111112 0.21328125 0.2361111111111112 0.21328125 0.31250000000000006 0.25859375 0.31250000000000006
0 0.296875 0.2361111111111112 0.25625 0.2361111111111112 0.25625 0.3097222222222223 0.296875 0.3097222222222223
0 0.3671875 0.20694444444444451 0.32890625 0.20694444444444451 0.32890625 0.2875000000000001 0.3671875 0.2875000000000001
0 0.32109375 0.2847222222222223 0.28671875 0.2847222222222223 0.28671875 0.36944444444444446 0.32109375 0.36944444444444446
0 0.4125 0.28333333333333344 0.36796875 0.28333333333333344 0.36796875 0.4013888888888891 0.4125 0.4013888888888891
0 0.4625 0.13333333333333344 0.43359375 0.13333333333333341 0.43359375 0.19166666666666674 0.4625 0.19166666666666674
0 0.49765625 0.14861111111111122 0.46796875 0.14861111111111122 0.46796875 0.20555555555555563 0.49765625 0.20555555555555563
0 0.53515625 0.14722222222222234 0.5078125 0.14722222222222234 0.5078125 0.20000000000000007 0.53515625 0.20000000000000007
0 0.553125 0.18611111111111123 0.52421875 0.1861111111111112 0.52421875 0.251388888888889 0.553125 0.25138888888888905
0 0.59921875 0.163888888888889 0.575 0.163888888888889 0.575 0.20277777777777795 0.59921875 0.20277777777777795
0 0.59375 0.19027777777777793 0.56484375 0.19027777777777793 0.56484375 0.2555555555555557 0.59375 0.2555555555555557
0 0.63515625 0.21388888888888904 0.6109375 0.21388888888888904 0.6109375 0.2625000000000002 0.63515625 0.2625000000000002
0 0.67265625 0.09027777777777793 0.64921875 0.09027777777777793 0.64921875 0.13888888888888903 0.67265625 0.13888888888888903
0 0.725 0.10555555555555571 0.70078125 0.10555555555555571 0.70078125 0.15138888888888904 0.725 0.15138888888888904
0 0.6609375 0.25833333333333347 0.63125 0.25833333333333347 0.63125 0.3111111111111113 0.6609375 0.3111111111111113
0 0.67890625 0.1958333333333335 0.65 0.1958333333333335 0.65 0.24861111111111128 0.67890625 0.24861111111111128
0 0.7171875 0.19166666666666682 0.69296875 0.19166666666666682 0.69296875 0.25277777777777793 0.7171875 0.25277777777777793
0 0.76796875 0.1958333333333335 0.74140625 0.1958333333333335 0.74140625 0.2569444444444446 0.76796875 0.2569444444444446
0 0.7046875 0.2319444444444446 0.6703125 0.2319444444444446 0.6703125 0.2833333333333335 0.7046875 0.2833333333333335
0 0.77421875 0.2555555555555557 0.7421875 0.2555555555555557 0.7421875 0.32916666666666683 0.77421875 0.32916666666666683
0 0.84921875 0.3583333333333335 0.81015625 0.3583333333333335 0.81015625 0.4430555555555557 0.84921875 0.4430555555555557
0 0.81796875 0.32083333333333347 0.77890625 0.32083333333333347 0.77890625 0.41250000000000014 0.81796875 0.41250000000000014
0 0.89765625 0.3805555555555557 0.8609375 0.3805555555555557 0.8609375 0.44722222222222235 0.89765625 0.44722222222222235
0 0.83203125 0.14027777777777795 0.78515625 0.14027777777777795 0.78515625 0.22500000000000014 0.83203125 0.22500000000000014
