0 0.7828125 0.702777777777778 0.73671875 0.702777777777778 0.73671875 0.7819444444444448 0.7828125 0.7819444444444448
0 0.73984375 0.702777777777778 0.6984375 0.702777777777778 0.6984375 0.7791666666666668 0.73984375 0.779166666666667
0 0.6671875 0.7222222222222222 0.62734375 0.7222222222222222 0.62734375 0.8041666666666667 0.6671875 0.8041666666666667
0 0.7109375 0.6416666666666668 0.67578125 0.6416666666666668 0.67578125 0.7291666666666666 0.7109375 0.7291666666666666
0 0.63046875 0.6055555555555557 0.584375 0.6055555555555557 0.584375 0.7263888888888889 0.63046875 0.7263888888888889
0 0.5609375 0.8111111111111111 0.53046875 0.8111111111111111 0.53046875 0.8722222222222222 0.5609375 0.8722222222222222
0 0.5265625 0.7944444444444444 0.4953125 0.7944444444444444 0.4953125 0.8541666666666666 0.5265625 0.8541666666666666
0 0.48671875 0.7972222222222223 0.4578125 0.7972222222222223 0.4578125 0.8527777777777777 0.48671875 0.8527777777777777
0 0.47109375 0.7458333333333333 0.440625 0.7458333333333333 0.440625 0.8125 0.47109375 0.8125
0 0.41953125 0.7916666666666666 0.3945312500000001 0.7916666666666666 0.3945312500000001 0.8319444444444445 0.41953125 0.8319444444444445
0 0.43125 0.7388888888888889 0.40078125 0.7388888888888889 0.40078125 0.8055555555555556 0.43125 0.8055555555555556
0 0.3843750000000001 0.7291666666666666 0.3593750000000001 0.7291666666666666 0.3593750000000001 0.7791666666666667 0.3843750000000001 0.7791666666666667
0 0.3437500000000001 0.8513888888888889 0.3195312500000001 0.8513888888888889 0.3195312500000001 0.9013888888888889 0.3437500000000001 0.9013888888888889
0 0.2929687500000001 0.8347222222222223 0.2679687500000001 0.8347222222222223 0.2679687500000001 0.8819444444444444 0.2929687500000001 0.8819444444444444
0 0.3656250000000001 0.6805555555555556 0.3351562500000001 0.6805555555555556 0.3351562500000001 0.7347222222222223 0.3656250000000001 0.7347222222222223
0 0.3453125000000001 0.7416666666666667 0.3156250000000001 0.7416666666666667 0.3156250000000001 0.7958333333333333 0.3453125000000001 0.7958333333333333
0 0.3023437500000001 0.7333333333333333 0.2765625000000001 0.7333333333333333 0.2765625000000001 0.7958333333333333 0.3023437500000001 0.7958333333333333
0 0.2539062500000001 0.7263888888888889 0.22656250000000008 0.7263888888888889 0.22656250000000008 0.7888888888888889 0.2539062500000001 0.7888888888888889
0 0.3257812500000001 0.7041666666666667 0.2906250000000001 0.7041666666666667 0.2906250000000001 0.7583333333333333 0.3257812500000001 0.7583333333333333
0 0.2554687500000001 0.6541666666666667 0.2218750000000001 0.6541666666666667 0.2218750000000001 0.7291666666666666 0.2554687500000001 0.7291666666666666
0 0.18906250000000005 0.5361111111111111 0.14921875000000004 0.5361111111111111 0.14921875000000004 0.6236111111111111 0.18906250000000005 0.6236111111111111
0 0.21953125000000004 0.5694444444444444 0.17890625000000004 0.5694444444444444 0.17890625000000004 0.6625 0.2195312500000001 0.6625
0 0.13906250000000003 0.5291666666666667 0.10156250000000004 0.5291666666666667 0.10156250000000004 0.5972222222222222 0.13906250000000003 0.5972222222222222
0 0.2101562500000001 0.7541666666666667 0.16171875000000005 0.7541666666666667 0.16171875000000005 0.8416666666666667 0.2101562500000001 0.8416666666666667
