0 0.24921875 0.2708333333333334 0.20625 0.2708333333333334 0.20625 0.34166666666666673 0.24921875 0.34166666666666673
0 0.2875 0.2666666666666667 0.24921875 0.2666666666666667 0.24921875 0.3361111111111112 0.2875 0.3361111111111112
0 0.35625 0.22777777777777786 0.3203125 0.22777777777777786 0.3203125 0.30416666666666675 0.35625 0.30416666666666675
0 0.3125 0.31111111111111117 0.28125 0.31111111111111117 0.28125 0.39305555555555555 0.3125 0.39305555555555555
0 0.40390625 0.2986111111111112 0.3640625 0.2986111111111112 0.3640625 0.41250000000000014 0.40390625 0.41250000000000014
0 0.4484375 0.14166666666666675 0.42109375 0.14166666666666675 0.42109375 0.1972222222222223 0.4484375 0.1972222222222223
0 0.484375 0.1527777777777779 0.45625 0.1527777777777779 0.45625 0.20694444444444451 0.484375 0.20694444444444451
0 0.521875 0.14583333333333345 0.49609375 0.14583333333333345 0.49609375 0.1972222222222223 0.521875 0.1972222222222223
0 0.540625 0.1833333333333334 0.5140625 0.1833333333333334 0.5140625 0.2458333333333334 0.540625 0.2458333333333334
0 0.5859375 0.15555555555555567 0.56328125 0.15555555555555567 0.56328125 0.19166666666666682 0.5859375 0.19166666666666682
0 0.58125 0.1833333333333335 0.5546875 0.1833333333333335 0.5546875 0.2444444444444446 0.58125 0.2444444444444446
0 0.6234375 0.20000000000000015 0.60078125 0.20000000000000015 0.60078125 0.2458333333333335 0.6234375 0.2458333333333335
0 0.65625 0.07222222222222235 0.634375 0.07222222222222235 0.634375 0.11805555555555569 0.65625 0.11805555555555572
0 0.70859375 0.0819444444444446 0.68671875 0.0819444444444446 0.68671875 0.12361111111111127 0.70859375 0.12361111111111127
0 0.65078125 0.24166666666666684 0.6234375 0.24166666666666684 0.6234375 0.29166666666666685 0.65078125 0.29166666666666685
0 0.66640625 0.17638888888888904 0.63984375 0.17638888888888904 0.63984375 0.22638888888888906 0.66640625 0.22638888888888906
0 0.7046875 0.1680555555555557 0.6828125 0.1680555555555557 0.6828125 0.22777777777777794 0.7046875 0.22777777777777794
0 0.75546875 0.16666666666666682 0.73125 0.16666666666666682 0.73125 0.22500000000000014 0.75546875 0.22500000000000014
0 0.69375 0.21111111111111128 0.66171875 0.21111111111111128 0.66171875 0.25972222222222235 0.69375 0.25972222222222235
0 0.76328125 0.22500000000000014 0.734375 0.22500000000000014 0.734375 0.2958333333333335 0.76328125 0.2958333333333335
0 0.84296875 0.3194444444444446 0.80703125 0.3194444444444446 0.80703125 0.40000000000000013 0.84296875 0.40000000000000013
0 0.81015625 0.28611111111111126 0.77421875 0.28611111111111126 0.77421875 0.3722222222222224 0.81015625 0.3722222222222224
0 0.89140625 0.33611111111111125 0.85703125 0.33611111111111125 0.85703125 0.39861111111111125 0.89140625 0.39861111111111125
0 0.8171875 0.10555555555555574 0.7734375 0.10555555555555571 0.7734375 0.18472222222222237 0.8171875 0.18472222222222237
