0 0.22734375 0.3333333333333334 0.18203125000000003 0.3333333333333334 0.18203125000000003 0.4097222222222222 0.22734375 0.4097222222222222
0 0.28046875 0.2930555555555556 0.23984375 0.2930555555555556 0.23984375 0.36666666666666664 0.28046875 0.36666666666666664
0 0.34921875 0.2472222222222223 0.3109375 0.2472222222222223 0.3109375 0.32777777777777783 0.34921875 0.32777777777777783
0 0.309375 0.3347222222222223 0.275 0.3347222222222223 0.275 0.41944444444444445 0.309375 0.41944444444444445
0 0.39921875 0.30416666666666675 0.3546875 0.30416666666666675 0.3546875 0.4222222222222223 0.39921875 0.4222222222222224
0 0.434375 0.13888888888888898 0.40546875 0.13888888888888898 0.40546875 0.1972222222222223 0.434375 0.1972222222222223
0 0.4796875 0.16805555555555565 0.44375 0.16805555555555562 0.44375 0.25555555555555565 0.4796875 0.25555555555555565
0 0.50703125 0.1402777777777779 0.4796875 0.1402777777777779 0.4796875 0.19305555555555565 0.50703125 0.19305555555555565
0 0.51484375 0.19166666666666674 0.47890625 0.19166666666666674 0.47890625 0.25694444444444453 0.51484375 0.25694444444444453
0 0.57421875 0.14583333333333345 0.55 0.14583333333333345 0.55 0.18472222222222237 0.57421875 0.18472222222222237
0 0.5703125 0.17222222222222233 0.54140625 0.17222222222222233 0.54140625 0.23750000000000013 0.5703125 0.23750000000000016
0 0.61015625 0.18611111111111128 0.5859375 0.18611111111111128 0.5859375 0.2347222222222224 0.61015625 0.2347222222222224
0 0.65 0.05972222222222236 0.61953125 0.05972222222222236 0.61953125 0.11527777777777791 0.65 0.11527777777777794
0 0.696875 0.05277777777777792 0.66953125 0.052777777777777916 0.66953125 0.10138888888888904 0.696875 0.10138888888888904
0 0.6375 0.2333333333333335 0.6078125 0.2333333333333335 0.6078125 0.28611111111111126 0.6375 0.28611111111111126
0 0.65546875 0.15694444444444458 0.6265625 0.15694444444444455 0.6265625 0.2097222222222224 0.65546875 0.2097222222222224
0 0.690625 0.14583333333333348 0.66640625 0.14583333333333348 0.66640625 0.2069444444444446 0.690625 0.2069444444444446
0 0.74453125 0.13611111111111127 0.71796875 0.13611111111111127 0.71796875 0.19722222222222238 0.74453125 0.19722222222222238
0 0.690625 0.21805555555555572 0.65859375 0.21805555555555572 0.65859375 0.28611111111111126 0.690625 0.28611111111111126
0 0.76875 0.18750000000000017 0.73671875 0.18750000000000017 0.73671875 0.2611111111111113 0.76875 0.2611111111111113
0 0.83828125 0.27777777777777796 0.79921875 0.27777777777777796 0.79921875 0.36250000000000016 0.83828125 0.36250000000000016
0 0.8046875 0.24861111111111128 0.765625 0.24861111111111128 0.765625 0.34027777777777796 0.8046875 0.34027777777777796
0 0.88671875 0.28750000000000014 0.85 0.28750000000000014 0.85 0.35416666666666685 0.88671875 0.35416666666666685
0 0.80703125 0.06666666666666683 0.76015625 0.06666666666666682 0.76015625 0.15138888888888904 0.80703125 0.15138888888888904
0 0.80546875 0.37777777777777793 0.73984375 0.37777777777777793 0.73984375 0.526388888888889 0.80546875 0.526388888888889