0 0.7984375 0.22361111111111126 0.75078125 0.22361111111111126 0.75078125 0.3041666666666668 0.7984375 0.3041666666666668
0 0.73671875 0.2069444444444446 0.69375 0.2069444444444446 0.69375 0.2847222222222224 0.73671875 0.2847222222222224
0 0.6625 0.18611111111111128 0.62109375 0.18611111111111128 0.62109375 0.2708333333333335 0.6625 0.2708333333333335
0 0.7078125 0.25833333333333347 0.67109375 0.25833333333333347 0.67109375 0.3472222222222224 0.7078125 0.3472222222222224
0 0.62890625 0.25972222222222235 0.58046875 0.25972222222222235 0.58046875 0.3819444444444446 0.62890625 0.3819444444444446
0 0.55546875 0.1152777777777779 0.52421875 0.1152777777777779 0.52421875 0.1777777777777779 0.55546875 0.17777777777777792
0 0.5234375 0.15833333333333346 0.484375 0.15833333333333346 0.484375 0.25000000000000006 0.5234375 0.25000000000000006
0 0.4828125 0.14444444444444454 0.453125 0.14444444444444451 0.453125 0.20000000000000007 0.4828125 0.20000000000000007
0 0.490625 0.19444444444444453 0.45234375 0.19444444444444453 0.45234375 0.26388888888888895 0.490625 0.26388888888888895
0 0.41328125 0.17500000000000007 0.38828125 0.17500000000000007 0.38828125 0.21666666666666676 0.41328125 0.21666666666666676
0 0.4265625 0.1972222222222223 0.3953125 0.1972222222222223 0.3953125 0.26527777777777783 0.4265625 0.26527777777777783
0 0.38359375 0.22777777777777786 0.3578125 0.22777777777777786 0.3578125 0.27916666666666673 0.38359375 0.27916666666666673
0 0.33671875 0.11666666666666675 0.30390625 0.11666666666666675 0.30390625 0.17500000000000007 0.33671875 0.17500000000000007
0 0.2859375 0.12916666666666674 0.25703125 0.1291666666666667 0.25703125 0.18055555555555564 0.2859375 0.18055555555555564
0 0.36796875 0.28333333333333344 0.33671875 0.28333333333333344 0.33671875 0.33888888888888896 0.36796875 0.33888888888888896
0 0.340625 0.21527777777777785 0.31015625 0.21527777777777785 0.31015625 0.2708333333333334 0.340625 0.2708333333333334
0 0.3015625 0.21805555555555564 0.275 0.21805555555555564 0.275 0.2819444444444445 0.3015625 0.2819444444444445
0 0.24921875 0.22638888888888897 0.22109375 0.22638888888888897 0.22109375 0.29027777777777786 0.24921875 0.29027777777777786
0 0.31796875 0.2861111111111112 0.28359375 0.2861111111111112 0.28359375 0.35694444444444445 0.31796875 0.35694444444444445
0 0.23828125 0.2861111111111112 0.203125 0.2861111111111112 0.203125 0.3625 0.23828125 0.3625
0 0.18828125000000004 0.3972222222222222 0.14687500000000003 0.3972222222222222 0.14687500000000003 0.4861111111111111 0.18828125000000004 0.4861111111111111
0 0.21875 0.35694444444444445 0.17656250000000004 0.35694444444444445 0.17656250000000004 0.4513888888888889 0.21875 0.4513888888888889
0 0.13828125000000005 0.425 0.09921875000000002 0.425 0.09921875000000004 0.49583333333333335 0.13828125000000005 0.49583333333333335
0 0.20234375 0.1777777777777778 0.15234375 0.17777777777777778 0.15234375 0.2666666666666667 0.20234375 0.2666666666666667
0 0.26328125 0.475 0.19296875000000005 0.475 0.19296875000000005 0.6305555555555555 0.26328125 0.6305555555555555