0 0.25390625 0.2111111111111112 0.20703125 0.2111111111111112 0.20703125 0.29027777777777786 0.25390625 0.29027777777777786
0 0.2984375 0.21250000000000008 0.25546875 0.21250000000000008 0.25546875 0.3361111111111112 0.2984375 0.3361111111111112
0 0.37578125 0.19166666666666674 0.33515625 0.19166666666666674 0.33515625 0.2750000000000001 0.37578125 0.2750000000000001
0 0.33359375 0.26250000000000007 0.290625 0.26250000000000007 0.290625 0.3597222222222222 0.33359375 0.3597222222222222
0 0.41796875 0.26388888888888895 0.3703125 0.26388888888888895 0.3703125 0.38472222222222235 0.41796875 0.38472222222222235
0 0.47265625 0.11111111111111122 0.4421875 0.11111111111111119 0.4421875 0.17222222222222233 0.47265625 0.17222222222222233
0 0.5109375 0.15833333333333346 0.47265625 0.15833333333333346 0.47265625 0.2486111111111112 0.5109375 0.2486111111111112
0 0.54375 0.14305555555555569 0.51484375 0.14305555555555569 0.51484375 0.19861111111111118 0.54375 0.19861111111111118
0 0.55546875 0.19722222222222235 0.51796875 0.1972222222222223 0.51796875 0.2652777777777779 0.55546875 0.26527777777777795
0 0.609375 0.17222222222222233 0.584375 0.17222222222222233 0.584375 0.21250000000000016 0.609375 0.21250000000000016
0 0.5984375 0.1958333333333335 0.56796875 0.1958333333333335 0.56796875 0.2625000000000002 0.5984375 0.2625000000000002
0 0.64375 0.22361111111111126 0.6140625 0.22361111111111126 0.6140625 0.2833333333333335 0.64375 0.2833333333333335
0 0.76484375 0.12222222222222238 0.7328125 0.12222222222222238 0.7328125 0.18055555555555572 0.76484375 0.18055555555555572
0 0.73203125 0.11388888888888905 0.70390625 0.11388888888888905 0.70390625 0.16388888888888906 0.73203125 0.16388888888888906
0 0.66796875 0.2680555555555557 0.63515625 0.2680555555555557 0.63515625 0.33472222222222237 0.66796875 0.33472222222222237
0 0.6875 0.2055555555555557 0.65703125 0.2055555555555557 0.65703125 0.27222222222222237 0.6875 0.27222222222222237
0 0.71875 0.20833333333333348 0.6921875 0.20833333333333348 0.6921875 0.2708333333333335 0.71875 0.2708333333333335
0 0.7734375 0.21527777777777793 0.7453125 0.21527777777777793 0.7453125 0.27916666666666684 0.7734375 0.27916666666666684
0 0.71484375 0.2805555555555557 0.68125 0.2805555555555557 0.68125 0.35000000000000014 0.71484375 0.35000000000000014
0 0.79453125 0.2763888888888891 0.76015625 0.2763888888888891 0.76015625 0.3527777777777779 0.79453125 0.3527777777777779
0 0.82265625 0.3472222222222224 0.78125 0.3472222222222224 0.78125 0.4416666666666668 0.82265625 0.4416666666666668
0 0.83359375 0.15833333333333352 0.7953125 0.1583333333333335 0.7953125 0.22638888888888906 0.83359375 0.22638888888888906
