0 0.2234375 0.3958333333333333 0.17265625000000004 0.3958333333333333 0.17265625000000004 0.48333333333333334 0.2234375 0.48333333333333334
0 0.27109375 0.3680555555555556 0.22109375 0.3680555555555556 0.22109375 0.49583333333333335 0.27109375 0.49583333333333335
0 0.33359375 0.2986111111111112 0.28828125 0.2986111111111112 0.28828125 0.3875 0.33359375 0.3875
0 0.3109375 0.39305555555555555 0.2625 0.39305555555555555 0.2625 0.49583333333333335 0.3109375 0.49583333333333335
0 0.39296875 0.33888888888888896 0.3390625 0.33888888888888896 0.3390625 0.46666666666666673 0.39296875 0.46666666666666684
0 0.40546875 0.1597222222222223 0.371875 0.1597222222222223 0.371875 0.2250000000000001 0.40546875 0.2250000000000001
0 0.45390625 0.18055555555555564 0.41015625 0.18055555555555564 0.41015625 0.27638888888888896 0.45390625 0.27638888888888896
0 0.4765625 0.14444444444444454 0.44453125 0.14444444444444451 0.44453125 0.20416666666666675 0.4765625 0.20416666666666675
0 0.50078125 0.18888888888888897 0.46015625 0.18888888888888897 0.46015625 0.26388888888888895 0.50078125 0.26388888888888895
0 0.54140625 0.1291666666666668 0.5140625 0.1291666666666668 0.5140625 0.17361111111111122 0.54140625 0.17361111111111122
0 0.53984375 0.15972222222222235 0.50546875 0.15972222222222235 0.50546875 0.23055555555555562 0.53984375 0.23055555555555562
0 0.58671875 0.15694444444444455 0.55390625 0.15694444444444455 0.55390625 0.2208333333333335 0.58671875 0.2208333333333335
0 0.6796875 1.4415113364963636e-16 0.64453125 1.403241124023009e-16 0.64453125 0.04583333333333347 0.6796875 0.04583333333333347
0 0.6453125 1.3717745048782506e-16 0.61484375 1.338606987401343e-16 0.61484375 0.051388888888889026 0.6453125 0.051388888888889026
0 0.61953125 0.1819444444444446 0.5828125 0.1819444444444446 0.5828125 0.2541666666666668 0.61953125 0.2541666666666668
0 0.625 0.11111111111111123 0.59140625 0.11111111111111123 0.59140625 0.1819444444444446 0.625 0.1819444444444446
0 0.65390625 0.0930555555555557 0.62421875 0.09305555555555567 0.62421875 0.15972222222222235 0.65390625 0.15972222222222238
0 0.70703125 0.06527777777777792 0.67578125 0.06527777777777792 0.67578125 0.13194444444444461 0.70703125 0.13194444444444461
0 0.66640625 0.16388888888888903 0.62890625 0.163888888888889 0.62890625 0.23888888888888904 0.66640625 0.23888888888888904
0 0.740625 0.11111111111111127 0.70234375 0.11111111111111127 0.70234375 0.19166666666666682 0.740625 0.19166666666666682
0 0.78359375 0.15972222222222238 0.7375 0.15972222222222238 0.7375 0.25972222222222235 0.78359375 0.25972222222222235
0 0.75234375 1.5928912880576337e-16 0.7109375 1.5478174822556826e-16 0.7109375 0.04861111111111127 0.75234375 0.04861111111111127
