0 0.22421875 0.5375 0.17421875000000003 0.5375 0.17421875000000003 0.6222222222222222 0.22421875 0.6222222222222222
0 0.26953125000000006 0.5194444444444445 0.22109375 0.5194444444444445 0.22109375000000003 0.6472222222222223 0.2695312500000001 0.6472222222222223
0 0.33593750000000006 0.625 0.2921875 0.625 0.29218750000000004 0.7125 0.3359375000000001 0.7125
0 0.309375 0.5194444444444445 0.2625 0.5194444444444445 0.2625 0.6208333333333333 0.309375 0.6208333333333333
0 0.38984375000000004 0.5652777777777779 0.34140625 0.5652777777777778 0.34140625 0.6680555555555556 0.3898437500000001 0.6680555555555557
0 0.4109375 0.7833333333333333 0.3781250000000001 0.7833333333333333 0.3781250000000001 0.8472222222222222 0.4109375 0.8472222222222222
0 0.45859375 0.7291666666666666 0.41640625 0.7291666666666666 0.41640625 0.8236111111111111 0.45859375 0.8236111111111111
0 0.48203125 0.7986111111111112 0.45078125 0.7986111111111112 0.45078125 0.8569444444444444 0.48203125 0.8569444444444444
0 0.50703125 0.7319444444444444 0.465625 0.7319444444444444 0.465625 0.8125 0.50703125 0.8125
0 0.5484375 0.8263888888888888 0.521875 0.8263888888888888 0.521875 0.8694444444444445 0.5484375 0.8694444444444445
0 0.5453125 0.7694444444444445 0.51171875 0.7694444444444445 0.51171875 0.8402777777777778 0.5453125 0.8402777777777778
0 0.68828125 0.9430555555555555 0.65390625 0.9430555555555555 0.65390625 1 0.68828125 1
0 0.64453125 0.9472222222222222 0.61484375 0.9472222222222222 0.61484375 1 0.64453125 1
0 0.63046875 0.8277777777777777 0.58984375 0.8277777777777777 0.58984375 0.9166666666666666 0.63046875 0.9166666666666666
0 0.6625 0.8444444444444444 0.63203125 0.8444444444444444 0.63203125 0.9 0.6625 0.9
0 0.71796875 0.8597222222222223 0.6875 0.8597222222222223 0.6875 0.9263888888888889 0.71796875 0.9263888888888889
0 0.67578125 0.7791666666666667 0.6390625 0.7791666666666667 0.6390625 0.8527777777777777 0.67578125 0.8527777777777777
0 0.746875 0.7958333333333335 0.709375 0.7958333333333333 0.709375 0.8750000000000001 0.746875 0.8750000000000003
0 0.7890625 0.7263888888888892 0.74375 0.7263888888888892 0.74375 0.8250000000000003 0.7890625 0.8250000000000003
0 0.77265625 0.9333333333333337 0.72890625 0.9333333333333337 0.72890625 1.0000000000000002 0.77265625 1.0000000000000002
0 0.8765625 0.7236111111111114 0.82890625 0.7236111111111114 0.82890625 0.8069444444444448 0.8765625 0.8069444444444448