0 0.23671875 0.2750000000000001 0.19375 0.2750000000000001 0.19375000000000003 0.34583333333333344 0.23671875 0.34583333333333344
0 0.27734375 0.2666666666666667 0.2421875 0.2666666666666667 0.2421875 0.38333333333333336 0.27734375 0.38333333333333336
0 0.35546875 0.22777777777777786 0.3203125 0.22777777777777786 0.3203125 0.30416666666666675 0.35546875 0.30416666666666675
0 0.3171875 0.3069444444444445 0.2796875 0.3069444444444445 0.2796875 0.3958333333333333 0.3171875 0.3958333333333333
0 0.4015625 0.29166666666666674 0.3625 0.29166666666666674 0.3625 0.38194444444444453 0.4015625 0.3819444444444446
0 0.446875 0.12500000000000008 0.41953125 0.12500000000000008 0.41953125 0.18194444444444452 0.446875 0.18194444444444452
0 0.4875 0.16527777777777788 0.4546875 0.16527777777777788 0.4546875 0.2486111111111112 0.4875 0.2486111111111112
0 0.51796875 0.14166666666666677 0.4921875 0.14166666666666677 0.4921875 0.19166666666666674 0.51796875 0.19166666666666674
0 0.53515625 0.19444444444444453 0.5015625 0.19444444444444453 0.5015625 0.26388888888888895 0.53515625 0.26388888888888895
0 0.5859375 0.15555555555555567 0.56328125 0.15555555555555567 0.56328125 0.19166666666666682 0.5859375 0.19166666666666682
0 0.5765625 0.1819444444444446 0.55 0.1819444444444446 0.55 0.2444444444444446 0.5765625 0.2444444444444446
0 0.7375 0.07361111111111127 0.70859375 0.07361111111111127 0.70859375 0.12500000000000017 0.7375 0.12500000000000017
0 0.6953125 0.06250000000000015 0.66953125 0.06250000000000014 0.66953125 0.1069444444444446 0.6953125 0.1069444444444446
0 0.66640625 0.13750000000000015 0.63515625 0.13750000000000015 0.63515625 0.21527777777777793 0.66640625 0.21527777777777793
0 0.70078125 0.1680555555555557 0.675 0.1680555555555557 0.675 0.21527777777777793 0.70078125 0.21527777777777793
0 0.75625 0.16111111111111126 0.73203125 0.16111111111111126 0.73203125 0.2194444444444446 0.75625 0.2194444444444446
0 0.70546875 0.21805555555555572 0.67578125 0.21805555555555572 0.67578125 0.2819444444444446 0.70546875 0.2819444444444446
0 0.77734375 0.2208333333333335 0.74765625 0.2208333333333335 0.74765625 0.29166666666666685 0.77734375 0.29166666666666685
0 0.81015625 0.28611111111111126 0.77421875 0.28611111111111126 0.77421875 0.3722222222222224 0.81015625 0.3722222222222224
0 0.81875 0.09444444444444462 0.7828125 0.09444444444444461 0.7828125 0.16388888888888906 0.81875 0.16388888888888908
0 0.89609375 0.33611111111111125 0.85546875 0.33611111111111125 0.85546875 0.4055555555555557 0.89609375 0.4055555555555557