0 0.81953125 0.33472222222222237 0.77265625 0.33472222222222237 0.77265625 0.41388888888888903 0.81953125 0.41388888888888903
0 0.771875 0.3166666666666668 0.72890625 0.3166666666666668 0.72890625 0.44027777777777793 0.771875 0.44027777777777793
0 0.69765625 0.2611111111111113 0.65703125 0.2611111111111113 0.65703125 0.3444444444444446 0.69765625 0.3444444444444446
0 0.73203125 0.34861111111111126 0.6890625 0.34861111111111126 0.6890625 0.44583333333333347 0.73203125 0.44583333333333347
0 0.65078125 0.31388888888888905 0.60625 0.31388888888888905 0.60625 0.41250000000000014 0.65078125 0.41250000000000014
0 0.60546875 0.1402777777777779 0.575 0.1402777777777779 0.575 0.20138888888888903 0.60546875 0.20138888888888903
0 0.56796875 0.17083333333333345 0.5296875 0.17083333333333345 0.5296875 0.26111111111111124 0.56796875 0.2611111111111113
0 0.53203125 0.1402777777777779 0.503125 0.1402777777777779 0.503125 0.19583333333333341 0.53203125 0.19583333333333341
0 0.51953125 0.18888888888888897 0.48125 0.18888888888888897 0.48125 0.26527777777777783 0.51953125 0.26527777777777783
0 0.4609375 0.1402777777777779 0.4359375 0.14027777777777786 0.4359375 0.18055555555555564 0.4609375 0.18055555555555564
0 0.471875 0.16805555555555565 0.44140625 0.16805555555555562 0.44140625 0.2347222222222223 0.471875 0.2347222222222223
0 0.321875 0.025000000000000064 0.28984375 0.02500000000000006 0.28984375 0.0833333333333334 0.321875 0.08333333333333341
0 0.36171875 0.023611111111111187 0.33359375 0.02361111111111118 0.33359375 0.0736111111111112 0.36171875 0.0736111111111112
0 0.39140625 0.10416666666666674 0.3546875 0.10416666666666674 0.3546875 0.18888888888888897 0.39140625 0.18888888888888897
0 0.34921875 0.12638888888888897 0.3203125 0.12638888888888897 0.3203125 0.17916666666666675 0.34921875 0.17916666666666675
0 0.29375 0.10833333333333339 0.265625 0.10833333333333338 0.265625 0.17222222222222228 0.29375 0.1722222222222223
0 0.34453125 0.17638888888888896 0.3109375 0.17638888888888896 0.3109375 0.2458333333333334 0.34453125 0.2458333333333334
0 0.2734375 0.16250000000000006 0.2390625 0.16250000000000003 0.2390625 0.23888888888888896 0.2734375 0.23888888888888896
0 0.24296875 0.2208333333333334 0.2015625 0.2208333333333334 0.2015625 0.3152777777777779 0.24296875 0.3152777777777779
0 0.246875 0.029166666666666716 0.20625 0.029166666666666716 0.20625 0.1055555555555556 0.246875 0.1055555555555556
0 0.15859375000000003 0.2513888888888889 0.1140625 0.2513888888888889 0.11406250000000002 0.32916666666666666 0.15859375000000003 0.32916666666666666