0 0.8234375 0.3597222222222224 0.775 0.3597222222222224 0.775 0.4430555555555557 0.8234375 0.4430555555555557
0 0.7765625 0.3388888888888891 0.73046875 0.3388888888888891 0.73046875 0.46527777777777796 0.7765625 0.46527777777777796
0 0.70390625 0.2763888888888891 0.66171875 0.2763888888888891 0.66171875 0.36250000000000016 0.70390625 0.36250000000000016
0 0.7359375 0.3666666666666668 0.690625 0.3666666666666668 0.690625 0.46666666666666684 0.7359375 0.46666666666666684
0 0.65546875 0.3250000000000002 0.60859375 0.3250000000000002 0.60859375 0.42638888888888904 0.65546875 0.42638888888888904
0 0.615625 0.14722222222222234 0.58359375 0.14722222222222234 0.58359375 0.21111111111111128 0.615625 0.21111111111111128
0 0.57734375 0.17500000000000013 0.53671875 0.17500000000000013 0.53671875 0.26805555555555566 0.57734375 0.2680555555555557
0 0.54296875 0.14166666666666677 0.5125 0.14166666666666677 0.5125 0.19861111111111118 0.54296875 0.19861111111111118
0 0.52890625 0.18888888888888897 0.48828125 0.18888888888888897 0.48828125 0.26805555555555566 0.52890625 0.26805555555555566
0 0.471875 0.13472222222222233 0.44609375 0.1347222222222223 0.44609375 0.17638888888888898 0.471875 0.176388888888889
0 0.48125 0.163888888888889 0.44921875 0.16388888888888897 0.44921875 0.23333333333333342 0.48125 0.23333333333333342
0 0.33671875 0.006944444444444515 0.303125 0.006944444444444511 0.303125 0.06666666666666674 0.33671875 0.06666666666666675
0 0.37578125 0.008333333333333413 0.34609375 0.00833333333333341 0.34609375 0.06111111111111119 0.37578125 0.06111111111111119
0 0.403125 0.09166666666666674 0.3640625 0.09166666666666674 0.3640625 0.17916666666666675 0.403125 0.17916666666666675
0 0.36015625 0.11111111111111119 0.33046875 0.11111111111111119 0.33046875 0.16527777777777786 0.36015625 0.16527777777777786
0 0.30546875 0.08750000000000006 0.27578125 0.08750000000000006 0.27578125 0.15277777777777785 0.30546875 0.15277777777777785
0 0.35390625 0.1597222222222223 0.31875 0.1597222222222223 0.31875 0.23194444444444454 0.35390625 0.23194444444444454
0 0.28359375 0.14027777777777783 0.24765625 0.1402777777777778 0.24765625 0.21805555555555564 0.28359375 0.21805555555555564
0 0.25078125 0.19305555555555565 0.20703125 0.19305555555555565 0.20703125 0.29027777777777786 0.25078125 0.29027777777777786
0 0.2609375 0.0027777777777778304 0.21875 0.002777777777777826 0.21875 0.0819444444444445 0.2609375 0.0819444444444445
0 0.16640625 0.2152777777777778 0.11953125 0.2152777777777778 0.11953125 0.2972222222222222 0.16640625 0.2972222222222222