0 0.23125000000000004 0.6111111111111112 0.18593750000000003 0.6111111111111112 0.18593750000000003 0.6875 0.2312500000000001 0.6875
0 0.27031250000000007 0.5847222222222223 0.23046875 0.5847222222222223 0.23046875000000006 0.7055555555555556 0.27031250000000007 0.7055555555555556
0 0.3437500000000001 0.675 0.30546875000000007 0.675 0.30546875000000007 0.7555555555555555 0.3437500000000001 0.7555555555555555
0 0.37812500000000004 0.5694444444444445 0.3359375 0.5694444444444444 0.33593750000000006 0.6652777777777779 0.3781250000000001 0.665277777777778
0 0.434375 0.8083333333333333 0.40546875 0.8083333333333333 0.40546875 0.8666666666666667 0.434375 0.8666666666666667
0 0.478125 0.7444444444444445 0.4421875 0.7444444444444445 0.4421875 0.8319444444444445 0.478125 0.8319444444444445
0 0.50390625 0.8027777777777778 0.4765625 0.8027777777777778 0.4765625 0.8555555555555555 0.50390625 0.8555555555555555
0 0.51640625 0.7416666666666667 0.48984375 0.7416666666666667 0.48984375 0.8083333333333333 0.51640625 0.8083333333333333
0 0.57421875 0.8166666666666667 0.55 0.8166666666666667 0.55 0.8555555555555555 0.57421875 0.8555555555555555
0 0.56796875 0.7611111111111111 0.5390625 0.7611111111111111 0.5390625 0.8263888888888888 0.56796875 0.8263888888888888
0 0.72890625 0.8958333333333335 0.6984375 0.8958333333333334 0.6984375 0.9513888888888891 0.72890625 0.9513888888888892
0 0.6859375 0.9125 0.65859375 0.9125 0.65859375 0.9611111111111111 0.6859375 0.9611111111111111
0 0.61484375 0.7638888888888888 0.58671875 0.7638888888888888 0.58671875 0.8277777777777777 0.61484375 0.8277777777777777
0 0.66640625 0.8152777777777778 0.6359375 0.8152777777777778 0.6359375 0.8888888888888888 0.66640625 0.8888888888888888
0 0.74453125 0.8097222222222223 0.71796875 0.8097222222222222 0.71796875 0.8708333333333335 0.74453125 0.8708333333333337
0 0.70234375 0.7361111111111112 0.6703125 0.7361111111111112 0.6703125 0.8041666666666667 0.70234375 0.8041666666666667
0 0.77265625 0.7375000000000003 0.740625 0.7375000000000003 0.740625 0.8111111111111114 0.77265625 0.8111111111111114
0 0.8 0.6611111111111113 0.7609375 0.6611111111111113 0.7609375 0.7527777777777781 0.8 0.7527777777777781
0 0.8421875 0.6388888888888891 0.803125 0.6388888888888891 0.803125 0.7125000000000004 0.8421875 0.7125000000000004
0 0.89140625 0.6388888888888891 0.8484375 0.6388888888888891 0.8484375 0.7138888888888892 0.89140625 0.7138888888888892