0 0.2429687500000001 0.6736111111111112 0.19843750000000004 0.6736111111111112 0.19843750000000004 0.7486111111111111 0.2429687500000001 0.7486111111111111
0 0.2890625000000001 0.6458333333333334 0.2445312500000001 0.6458333333333334 0.2445312500000001 0.7611111111111111 0.2890625000000001 0.7611111111111111
0 0.3593750000000001 0.7125 0.3218750000000001 0.7125 0.3218750000000001 0.7916666666666666 0.3593750000000001 0.7916666666666666
0 0.38125000000000003 0.601388888888889 0.33984375 0.6013888888888889 0.33984375000000006 0.6958333333333334 0.3812500000000001 0.6958333333333335
0 0.45859375 0.8236111111111111 0.4296875 0.8236111111111111 0.4296875 0.8819444444444444 0.45859375 0.8819444444444444
0 0.49765625 0.7513888888888889 0.4625 0.7513888888888889 0.4625 0.8388888888888889 0.49765625 0.8388888888888889
0 0.52578125 0.8027777777777778 0.4984375 0.8027777777777778 0.4984375 0.8555555555555555 0.52578125 0.8555555555555555
0 0.53671875 0.7430555555555556 0.51015625 0.7430555555555556 0.51015625 0.8097222222222222 0.53671875 0.8097222222222222
0 0.59609375 0.8013888888888889 0.57265625 0.8013888888888889 0.57265625 0.8388888888888889 0.59609375 0.8388888888888889
0 0.57734375 0.6930555555555558 0.5375 0.6930555555555558 0.5375 0.7833333333333333 0.57734375 0.7833333333333333
0 0.696875 0.8847222222222222 0.671875 0.8847222222222222 0.671875 0.9291666666666667 0.696875 0.9291666666666667
0 0.66796875 0.8861111111111111 0.64140625 0.8861111111111111 0.64140625 0.9333333333333333 0.66796875 0.9333333333333333
0 0.5875 0.7597222222222222 0.56171875 0.7597222222222222 0.56171875 0.8097222222222222 0.5875 0.8097222222222222
0 0.63671875 0.7347222222222223 0.60625 0.7347222222222223 0.60625 0.7986111111111112 0.63671875 0.7986111111111112
0 0.71015625 0.7041666666666668 0.67890625 0.7041666666666668 0.67890625 0.7708333333333334 0.71015625 0.7708333333333334
0 0.7921875 0.6972222222222224 0.7640625 0.6972222222222224 0.7640625 0.7458333333333337 0.7921875 0.7458333333333337
0 0.78828125 0.6194444444444446 0.75 0.6194444444444446 0.75 0.7097222222222224 0.78828125 0.7097222222222224
0 0.8515625 0.5680555555555558 0.81328125 0.5680555555555558 0.81328125 0.640277777777778 0.8515625 0.640277777777778
0 0.9 0.5583333333333335 0.8578125 0.5583333333333335 0.8578125 0.6319444444444446 0.9 0.6319444444444446