0 0.2562500000000001 0.7138888888888889 0.20859375000000008 0.7138888888888889 0.20859375000000008 0.7944444444444444 0.2562500000000001 0.7944444444444444
0 0.30156250000000007 0.6791666666666667 0.2523437500000001 0.6791666666666667 0.2523437500000001 0.8 0.30156250000000007 0.8
0 0.3742187500000001 0.7333333333333333 0.33281250000000007 0.7333333333333333 0.33281250000000007 0.8180555555555555 0.3742187500000001 0.8180555555555555
0 0.39062500000000006 0.6194444444444446 0.3453125 0.6194444444444445 0.3453125 0.7194444444444444 0.3906250000000001 0.7194444444444444
0 0.4765625 0.8291666666666667 0.4453125 0.8291666666666667 0.4453125 0.8916666666666667 0.4765625 0.8916666666666667
0 0.5140625 0.7513888888888889 0.475 0.7513888888888889 0.475 0.8430555555555556 0.5140625 0.8430555555555556
0 0.54296875 0.7986111111111112 0.51328125 0.7986111111111112 0.51328125 0.8541666666666666 0.54296875 0.8541666666666666
0 0.5515625 0.7361111111111112 0.52265625 0.7361111111111112 0.52265625 0.8055555555555556 0.5515625 0.8055555555555556
0 0.61171875 0.7847222222222222 0.58671875 0.7847222222222222 0.58671875 0.8263888888888888 0.61171875 0.8263888888888888
0 0.590625 0.6805555555555557 0.546875 0.6805555555555557 0.546875 0.7763888888888889 0.590625 0.7763888888888889
0 0.7171875 0.8527777777777777 0.68984375 0.8527777777777777 0.68984375 0.9 0.7171875 0.9
0 0.68828125 0.8583333333333333 0.659375 0.8583333333333333 0.659375 0.9097222222222222 0.68828125 0.9097222222222222
0 0.60234375 0.7458333333333333 0.575 0.7458333333333333 0.575 0.7986111111111112 0.60234375 0.7986111111111112
0 0.65 0.7138888888888889 0.6171875 0.7138888888888889 0.6171875 0.7819444444444444 0.65 0.7819444444444444
0 0.72265625 0.6708333333333335 0.68828125 0.6708333333333335 0.68828125 0.7416666666666667 0.72265625 0.7416666666666667
0 0.803125 0.651388888888889 0.7734375 0.651388888888889 0.7734375 0.702777777777778 0.803125 0.702777777777778
0 0.79765625 0.5750000000000002 0.75546875 0.5750000000000002 0.75546875 0.6694444444444446 0.79765625 0.6694444444444446
0 0.85703125 0.5138888888888891 0.815625 0.5138888888888891 0.815625 0.5916666666666668 0.85703125 0.5916666666666668
0 0.9046875 0.4958333333333335 0.859375 0.4958333333333335 0.859375 0.5750000000000002 0.9046875 0.5750000000000002