0 0.7796875 0.16388888888888906 0.7296875 0.16388888888888906 0.7296875 0.25000000000000017 0.7796875 0.25000000000000017
0 0.7375 0.16388888888888906 0.6828125 0.16388888888888906 0.6828125 0.2902777777777779 0.7375 0.2902777777777779
0 0.65546875 0.15833333333333346 0.6109375 0.15833333333333346 0.6109375 0.24722222222222237 0.65546875 0.24722222222222237
0 0.6484375 0.25972222222222235 0.59921875 0.25972222222222235 0.59921875 0.36388888888888904 0.6484375 0.36388888888888904
0 0.53828125 0.1027777777777779 0.5046875 0.1027777777777779 0.5046875 0.16805555555555568 0.53828125 0.16805555555555568
0 0.5125 0.15694444444444455 0.46953125 0.15694444444444455 0.46953125 0.251388888888889 0.5125 0.251388888888889
0 0.471875 0.1500000000000001 0.440625 0.15000000000000008 0.440625 0.2097222222222223 0.471875 0.2097222222222223
0 0.46640625 0.20000000000000007 0.434375 0.20000000000000007 0.434375 0.2722222222222223 0.46640625 0.2722222222222223
0 0.39921875 0.19027777777777785 0.37265625 0.19027777777777785 0.37265625 0.2347222222222223 0.39921875 0.2347222222222223
0 0.44453125 0.23333333333333342 0.396875 0.23333333333333342 0.396875 0.3333333333333334 0.44453125 0.3333333333333334
0 0.29296875 0.1319444444444445 0.2640625 0.13194444444444448 0.2640625 0.18194444444444452 0.29296875 0.18194444444444452
0 0.3234375 0.11805555555555564 0.29296875 0.11805555555555564 0.29296875 0.1722222222222223 0.3234375 0.1722222222222223
0 0.4140625 0.21527777777777785 0.384375 0.21527777777777785 0.384375 0.2708333333333334 0.4140625 0.2708333333333334
0 0.37265625 0.23888888888888896 0.3375 0.23888888888888896 0.3375 0.31111111111111117 0.37265625 0.31111111111111117
0 0.30390625 0.29027777777777786 0.2671875 0.29027777777777786 0.2671875 0.3638888888888889 0.30390625 0.3638888888888889
0 0.2203125 0.34166666666666673 0.18828125000000004 0.34166666666666673 0.18828125000000004 0.3972222222222222 0.2203125 0.3972222222222222
0 0.2421875 0.37222222222222223 0.19609375000000004 0.37222222222222223 0.19609375000000004 0.4708333333333333 0.2421875 0.4708333333333333
0 0.18515625000000005 0.4597222222222222 0.14140625000000004 0.4597222222222222 0.14140625000000004 0.5416666666666666 0.18515625000000005 0.5416666666666666
0 0.14218750000000005 0.48194444444444445 0.09375000000000003 0.48194444444444445 0.09375000000000003 0.5666666666666667 0.14218750000000005 0.5666666666666667