0 0.81171875 0.5791666666666668 0.76640625 0.5791666666666668 0.76640625 0.6555555555555557 0.81171875 0.6555555555555557
0 0.7453125 0.6472222222222224 0.7046875 0.6472222222222224 0.7046875 0.7208333333333334 0.7453125 0.7208333333333337
0 0.684375 0.651388888888889 0.6515625 0.651388888888889 0.6515625 0.7291666666666666 0.684375 0.7291666666666666
0 0.71328125 0.563888888888889 0.66875 0.563888888888889 0.66875 0.6500000000000001 0.71328125 0.6500000000000001
0 0.6390625 0.5930555555555557 0.6 0.5930555555555557 0.6 0.6694444444444446 0.6390625 0.6694444444444446
0 0.584375 0.501388888888889 0.52578125 0.501388888888889 0.52578125 0.6069444444444446 0.584375 0.6069444444444446
0 0.60078125 0.8069444444444445 0.571875 0.8069444444444445 0.571875 0.8652777777777778 0.60078125 0.8652777777777778
0 0.53828125 0.8069444444444445 0.5203125 0.8069444444444445 0.5203125 0.8555555555555555 0.53828125 0.8555555555555555
0 0.55546875 0.7888888888888889 0.53125 0.7888888888888889 0.53125 0.8402777777777778 0.55546875 0.8402777777777778
0 0.51484375 0.7972222222222223 0.48671875 0.7972222222222223 0.48671875 0.8569444444444444 0.51484375 0.8569444444444444
0 0.48828125 0.7402777777777778 0.46328125 0.7402777777777778 0.46328125 0.7958333333333333 0.48828125 0.7958333333333333
0 0.496875 0.8236111111111111 0.478125 0.8236111111111111 0.478125 0.8694444444444445 0.496875 0.8694444444444445
0 0.45 0.8111111111111111 0.42734375 0.8111111111111111 0.42734375 0.8555555555555555 0.45 0.8555555555555555
0 0.4546875 0.7611111111111111 0.421875 0.7611111111111111 0.421875 0.8263888888888888 0.4546875 0.8263888888888888
0 0.41640625 0.7458333333333333 0.3843750000000001 0.7458333333333333 0.3843750000000001 0.8055555555555556 0.41640625 0.8055555555555556
0 0.3867187500000001 0.8180555555555555 0.3632812500000001 0.8180555555555555 0.3632812500000001 0.8666666666666667 0.3867187500000001 0.8666666666666667
0 0.3515625000000001 0.8388888888888889 0.3273437500000001 0.8388888888888889 0.3273437500000001 0.8847222222222222 0.3515625000000001 0.8847222222222222
0 0.3695312500000001 0.6930555555555556 0.3343750000000001 0.6930555555555555 0.3343750000000001 0.7666666666666667 0.3695312500000001 0.7666666666666667
0 0.3554687500000001 0.7791666666666667 0.3304687500000001 0.7791666666666667 0.3304687500000001 0.8305555555555556 0.3554687500000001 0.8305555555555556
0 0.3281250000000001 0.7902777777777777 0.3023437500000001 0.7902777777777777 0.3023437500000001 0.85 0.3281250000000001 0.85
0 0.2750000000000001 0.7930555555555555 0.2484375000000001 0.7930555555555555 0.2484375000000001 0.8541666666666666 0.2750000000000001 0.8541666666666666
0 0.3351562500000001 0.7138888888888889 0.2960937500000001 0.7138888888888889 0.2960937500000001 0.7916666666666666 0.3351562500000001 0.7916666666666666
0 0.2796875000000001 0.7277777777777777 0.25078125000000007 0.7277777777777777 0.25078125000000007 0.7861111111111111 0.2796875000000001 0.7861111111111111
0 0.2492187500000001 0.7388888888888889 0.2171875000000001 0.7388888888888889 0.2171875000000001 0.8125 0.2492187500000001 0.8125
0 0.2140625000000001 0.6819444444444445 0.18203125000000003 0.6819444444444445 0.18203125000000003 0.7486111111111111 0.2140625000000001 0.7486111111111111
0 0.2414062500000001 0.6569444444444444 0.21250000000000008 0.6569444444444444 0.21250000000000008 0.7236111111111111 0.2414062500000001 0.7236111111111111
0 0.19375000000000003 0.725 0.17031250000000003 0.725 0.17031250000000003 0.7805555555555556 0.19375000000000003 0.7805555555555556
