0 0.81171875 0.3444444444444446 0.76640625 0.3444444444444446 0.76640625 0.4208333333333335 0.81171875 0.4208333333333335
0 0.7453125 0.2805555555555557 0.7046875 0.2805555555555557 0.7046875 0.35416666666666685 0.7453125 0.35416666666666685
0 0.684375 0.27222222222222237 0.6515625 0.27222222222222237 0.6515625 0.35000000000000014 0.684375 0.35000000000000014
0 0.71328125 0.35138888888888903 0.66875 0.35138888888888903 0.66875 0.43750000000000017 0.71328125 0.43750000000000017
0 0.6390625 0.3319444444444446 0.6 0.3319444444444446 0.6 0.4083333333333335 0.6390625 0.4083333333333335
0 0.584375 0.3930555555555557 0.52578125 0.3930555555555557 0.52578125 0.4986111111111113 0.584375 0.4986111111111113
0 0.60078125 0.13611111111111124 0.571875 0.13611111111111124 0.571875 0.19444444444444461 0.60078125 0.19444444444444461
0 0.53828125 0.14583333333333345 0.5203125 0.14583333333333345 0.5203125 0.19444444444444453 0.53828125 0.19444444444444453
0 0.55546875 0.16111111111111123 0.53125 0.16111111111111123 0.53125 0.2125000000000001 0.55546875 0.21250000000000016
0 0.51484375 0.14444444444444457 0.48671875 0.14444444444444457 0.48671875 0.20416666666666675 0.51484375 0.20416666666666675
0 0.48828125 0.20555555555555563 0.46328125 0.20555555555555563 0.46328125 0.2611111111111112 0.48828125 0.2611111111111112
0 0.496875 0.13194444444444456 0.478125 0.13194444444444456 0.478125 0.17777777777777787 0.496875 0.17777777777777787
0 0.45 0.14583333333333343 0.42734375 0.14583333333333343 0.42734375 0.19027777777777785 0.45 0.19027777777777785
0 0.4546875 0.1750000000000001 0.421875 0.17500000000000007 0.421875 0.24027777777777787 0.4546875 0.24027777777777787
0 0.41640625 0.19444444444444453 0.384375 0.19444444444444453 0.384375 0.25416666666666676 0.41640625 0.25416666666666676
0 0.38671875 0.1347222222222223 0.36328125 0.1347222222222223 0.36328125 0.1833333333333334 0.38671875 0.1833333333333334
0 0.3515625 0.11666666666666675 0.32734375 0.11666666666666675 0.32734375 0.1625000000000001 0.3515625 0.1625000000000001
0 0.36953125 0.23333333333333342 0.334375 0.23333333333333342 0.334375 0.3069444444444445 0.36953125 0.3069444444444445
0 0.35546875 0.16944444444444454 0.33046875 0.16944444444444454 0.33046875 0.2208333333333334 0.35546875 0.2208333333333334
0 0.328125 0.15138888888888896 0.30234375 0.15138888888888896 0.30234375 0.2111111111111112 0.328125 0.2111111111111112
0 0.275 0.1458333333333334 0.2484375 0.14583333333333337 0.2484375 0.20694444444444451 0.275 0.20694444444444451
0 0.33515625 0.2097222222222223 0.29609375 0.2097222222222223 0.29609375 0.2875000000000001 0.33515625 0.2875000000000001
0 0.2796875 0.21527777777777785 0.25078125 0.21527777777777785 0.25078125 0.2736111111111112 0.2796875 0.2736111111111112
0 0.24921875 0.18750000000000008 0.2171875 0.18750000000000008 0.2171875 0.2611111111111112 0.24921875 0.2611111111111112
0 0.2140625 0.251388888888889 0.18203125 0.251388888888889 0.18203125 0.31805555555555565 0.2140625 0.31805555555555565
0 0.24140625 0.27777777777777785 0.2125 0.27777777777777785 0.2125 0.3444444444444445 0.24140625 0.3444444444444445
0 0.19375 0.22083333333333338 0.1703125 0.22083333333333333 0.1703125 0.2763888888888889 0.19375 0.27638888888888896
