0 0.79453125 0.6736111111111113 0.74765625 0.6736111111111113 0.74765625 0.7527777777777781 0.79453125 0.7527777777777781
0 0.72734375 0.7180555555555557 0.68515625 0.7180555555555556 0.68515625 0.7958333333333335 0.72734375 0.7958333333333336
0 0.66171875 0.7013888888888891 0.61953125 0.7013888888888891 0.61953125 0.7833333333333333 0.66171875 0.7833333333333333
0 0.70390625 0.613888888888889 0.65703125 0.613888888888889 0.65703125 0.702777777777778 0.70390625 0.702777777777778
0 0.63125 0.6291666666666669 0.58984375 0.6291666666666669 0.58984375 0.7083333333333335 0.63125 0.7083333333333335
0 0.58203125 0.515277777777778 0.52109375 0.515277777777778 0.52109375 0.6250000000000001 0.58203125 0.6250000000000001
0 0.5640625 0.8277777777777777 0.53359375 0.8277777777777777 0.53359375 0.8888888888888888 0.5640625 0.8888888888888888
0 0.5015625 0.8236111111111111 0.4828125 0.8236111111111111 0.4828125 0.8597222222222223 0.5015625 0.8597222222222223
0 0.5140625 0.7847222222222222 0.48828125 0.7847222222222222 0.48828125 0.8375 0.5140625 0.8375
0 0.48046875 0.7902777777777777 0.45078125 0.7902777777777777 0.45078125 0.8527777777777777 0.48046875 0.8527777777777777
0 0.4796875 0.7486111111111111 0.453125 0.7486111111111111 0.453125 0.8069444444444445 0.4796875 0.8069444444444445
0 0.4609375 0.8111111111111111 0.440625 0.8111111111111111 0.440625 0.8583333333333333 0.4609375 0.8583333333333333
0 0.41640625 0.7833333333333333 0.3921875000000001 0.7833333333333333 0.3921875000000001 0.8291666666666667 0.41640625 0.8291666666666667
0 0.425 0.7319444444444444 0.3906250000000001 0.7319444444444444 0.3906250000000001 0.7986111111111112 0.425 0.7986111111111112
0 0.3898437500000001 0.7069444444444445 0.35625000000000007 0.7069444444444445 0.35625000000000007 0.7694444444444445 0.3898437500000001 0.7694444444444445
0 0.3578125000000001 0.7736111111111111 0.33281250000000007 0.7736111111111111 0.33281250000000007 0.8236111111111111 0.3578125000000001 0.8236111111111111
0 0.3148437500000001 0.775 0.28984375000000007 0.775 0.28984375000000007 0.8222222222222222 0.3148437500000001 0.8222222222222222
0 0.3554687500000001 0.6472222222222223 0.3187500000000001 0.6472222222222223 0.3187500000000001 0.7236111111111111 0.3554687500000001 0.7236111111111111
0 0.3265625000000001 0.7194444444444444 0.3007812500000001 0.7194444444444444 0.3007812500000001 0.7722222222222223 0.3265625000000001 0.7722222222222223
0 0.2984375000000001 0.7194444444444444 0.2710937500000001 0.7194444444444444 0.2710937500000001 0.7819444444444444 0.2984375000000001 0.7819444444444444
0 0.2390625000000001 0.7041666666666667 0.2171875000000001 0.7041666666666667 0.2171875000000001 0.7638888888888888 0.2390625000000001 0.7638888888888888
0 0.3085937500000001 0.6472222222222223 0.2773437500000001 0.6472222222222223 0.2773437500000001 0.725 0.3085937500000001 0.725
0 0.25625000000000003 0.6375 0.22578125 0.6375 0.22578125000000004 0.6986111111111111 0.2562500000000001 0.6986111111111111
0 0.20703125000000006 0.6430555555555556 0.18281250000000004 0.6430555555555556 0.18281250000000004 0.6888888888888889 0.20703125000000008 0.6888888888888889
0 0.19687500000000005 0.5861111111111111 0.17031250000000003 0.5861111111111111 0.17031250000000003 0.6430555555555556 0.19687500000000005 0.6430555555555556
0 0.22734375 0.5541666666666667 0.19687500000000005 0.5541666666666667 0.19687500000000005 0.6236111111111111 0.22734375 0.6236111111111111
0 0.17343750000000005 0.6111111111111112 0.14843750000000006 0.6111111111111112 0.14843750000000006 0.6694444444444444 0.17343750000000005 0.6694444444444444
