0 0.2500000000000001 0.6652777777777777 0.2039062500000001 0.6652777777777777 0.2039062500000001 0.7444444444444445 0.2500000000000001 0.7444444444444445
0 0.3125000000000001 0.7125 0.2710937500000001 0.7125 0.2710937500000001 0.7888888888888889 0.3125000000000001 0.7888888888888889
0 0.3789062500000001 0.6972222222222223 0.33671875000000007 0.6972222222222222 0.33671875000000007 0.7777777777777778 0.3789062500000001 0.7777777777777778
0 0.34140625 0.6097222222222223 0.2953125 0.6097222222222223 0.29531250000000003 0.6972222222222222 0.3414062500000001 0.6972222222222222
0 0.40859375 0.626388888888889 0.36796875 0.626388888888889 0.36796875000000007 0.7041666666666668 0.40859375 0.7041666666666668
0 0.478125 0.5138888888888891 0.41796875 0.5138888888888891 0.41796875 0.6222222222222223 0.478125 0.6222222222222223
0 0.46328125 0.8263888888888888 0.4328125 0.8263888888888888 0.4328125 0.8875 0.46328125 0.8875
0 0.5140625 0.8236111111111111 0.4953125 0.8236111111111111 0.4953125 0.8597222222222223 0.5140625 0.8597222222222223
0 0.50859375 0.7847222222222222 0.4828125 0.7847222222222222 0.4828125 0.8361111111111111 0.50859375 0.8361111111111111
0 0.54609375 0.7916666666666666 0.5171875 0.7916666666666666 0.5171875 0.8527777777777777 0.54609375 0.8527777777777777
0 0.54453125 0.75 0.51875 0.75 0.51875 0.8069444444444445 0.54453125 0.8069444444444445
0 0.55625 0.8125 0.53671875 0.8125 0.53671875 0.8597222222222223 0.55625 0.8597222222222223
0 0.6046875 0.7861111111111111 0.58125 0.7861111111111111 0.58125 0.8305555555555556 0.6046875 0.8305555555555556
0 0.60625 0.7347222222222223 0.57265625 0.7347222222222223 0.57265625 0.8013888888888889 0.60625 0.8013888888888889
0 0.64140625 0.7111111111111111 0.60859375 0.7111111111111111 0.60859375 0.7722222222222223 0.64140625 0.7722222222222223
0 0.6640625 0.7777777777777778 0.63984375 0.7777777777777778 0.63984375 0.8277777777777777 0.6640625 0.8277777777777777
0 0.70703125 0.7819444444444444 0.68203125 0.7819444444444444 0.68203125 0.8291666666666667 0.70703125 0.8291666666666667
0 0.6796875 0.6527777777777779 0.64375 0.6527777777777779 0.64375 0.7277777777777777 0.6796875 0.7277777777777777
0 0.69765625 0.725 0.671875 0.725 0.671875 0.7777777777777778 0.69765625 0.7777777777777778
0 0.7265625 0.7263888888888891 0.7 0.7263888888888889 0.7 0.7875000000000002 0.7265625 0.7875000000000003
0 0.78046875 0.7138888888888892 0.75859375 0.7138888888888892 0.75859375 0.7722222222222226 0.78046875 0.7722222222222226
0 0.72109375 0.6541666666666668 0.690625 0.6541666666666668 0.690625 0.7305555555555555 0.72109375 0.7305555555555555
0 0.77265625 0.6444444444444446 0.7421875 0.6444444444444446 0.7421875 0.7055555555555557 0.77265625 0.7055555555555557
0 0.815625 0.6527777777777779 0.79140625 0.6527777777777779 0.79140625 0.6972222222222224 0.815625 0.6972222222222224
0 0.828125 0.5958333333333334 0.80234375 0.5958333333333334 0.80234375 0.6527777777777779 0.828125 0.6527777777777779
0 0.80234375 0.563888888888889 0.771875 0.563888888888889 0.771875 0.6319444444444446 0.80234375 0.6319444444444446
0 0.85 0.6222222222222223 0.82578125 0.6222222222222223 0.82578125 0.6791666666666668 0.85 0.6791666666666668
