0 0.8109375 0.3027777777777779 0.76640625 0.3027777777777779 0.76640625 0.37777777777777793 0.8109375 0.37777777777777793
0 0.75859375 0.27777777777777796 0.71796875 0.27777777777777796 0.71796875 0.38472222222222235 0.75859375 0.38472222222222235
0 0.69296875 0.24166666666666684 0.653125 0.24166666666666684 0.653125 0.3194444444444446 0.69296875 0.3194444444444446
0 0.75078125 0.37500000000000017 0.71484375 0.37500000000000017 0.71484375 0.4486111111111113 0.75078125 0.4486111111111113
0 0.64765625 0.2902777777777779 0.5890625 0.2902777777777779 0.5890625 0.46666666666666684 0.64765625 0.46666666666666684
0 0.59296875 0.13333333333333344 0.5640625 0.13333333333333344 0.5640625 0.19166666666666682 0.59296875 0.19166666666666682
0 0.55234375 0.16944444444444456 0.51796875 0.16944444444444456 0.51796875 0.2527777777777779 0.55234375 0.25277777777777793
0 0.375 0.03611111111111119 0.34765625 0.03611111111111119 0.34765625 0.09583333333333341 0.375 0.09583333333333341
0 0.5109375 0.19861111111111118 0.48125 0.19861111111111118 0.48125 0.25555555555555565 0.5109375 0.25555555555555565
0 0.446875 0.1486111111111112 0.42421875 0.1486111111111112 0.42421875 0.19166666666666674 0.446875 0.19166666666666674
0 0.46015625 0.17777777777777787 0.428125 0.17777777777777787 0.428125 0.24166666666666675 0.46015625 0.24166666666666675
0 0.415625 0.18750000000000008 0.384375 0.18750000000000008 0.384375 0.2472222222222223 0.415625 0.2472222222222223
0 0.38046875 0.16944444444444454 0.3515625 0.16944444444444454 0.3515625 0.22777777777777786 0.38046875 0.22777777777777786
0 0.27734375 0.14166666666666672 0.25078125 0.14166666666666672 0.25078125 0.2111111111111112 0.27734375 0.2111111111111112
0 0.328125 0.21527777777777785 0.3 0.21527777777777785 0.3 0.29027777777777786 0.328125 0.29027777777777786
0 0.24921875 0.20694444444444451 0.22265625 0.20694444444444451 0.22265625 0.26805555555555566 0.24921875 0.26805555555555566
0 0.14140625 0.30277777777777776 0.1125 0.30277777777777776 0.11250000000000002 0.36944444444444446 0.14140625000000004 0.36944444444444446
0 0.2375 0.26250000000000007 0.2015625 0.26250000000000007 0.2015625 0.33888888888888896 0.2375 0.33888888888888896
