0 0.2765625 0.15277777777777785 0.22578125 0.15277777777777782 0.22578125 0.24027777777777787 0.2765625 0.24027777777777787
0 0.32578125 0.15694444444444453 0.275 0.15694444444444453 0.275 0.2736111111111112 0.32578125 0.2736111111111112
0 0.39453125 0.15694444444444453 0.34765625 0.15694444444444453 0.34765625 0.24444444444444452 0.39453125 0.24444444444444452
0 0.3140625 0.2527777777777779 0.271875 0.2527777777777779 0.271875 0.3361111111111112 0.3140625 0.3361111111111112
0 0.44453125 0.22638888888888897 0.36875 0.22638888888888897 0.36875 0.41666666666666685 0.44453125 0.41666666666666685
0 0.49765625 0.10416666666666678 0.4640625 0.10416666666666678 0.4640625 0.16944444444444456 0.49765625 0.16944444444444456
0 0.53515625 0.15972222222222235 0.49296875 0.15972222222222235 0.49296875 0.251388888888889 0.53515625 0.251388888888889
0 0.72109375 0.12361111111111127 0.68828125 0.12361111111111127 0.68828125 0.19027777777777793 0.72109375 0.19027777777777793
0 0.56640625 0.20833333333333345 0.53203125 0.20833333333333343 0.53203125 0.27361111111111125 0.56640625 0.27361111111111125
0 0.6296875 0.1930555555555557 0.603125 0.1930555555555557 0.603125 0.24166666666666684 0.6296875 0.24166666666666684
0 0.6203125 0.21527777777777793 0.5828125 0.21527777777777793 0.5828125 0.28750000000000014 0.6203125 0.28750000000000014
0 0.66015625 0.24861111111111128 0.6234375 0.24861111111111128 0.6234375 0.3166666666666668 0.66015625 0.3166666666666668
0 0.6953125 0.25000000000000017 0.66171875 0.25000000000000017 0.66171875 0.31527777777777793 0.6953125 0.31527777777777793
0 0.79609375 0.27500000000000013 0.7625 0.27500000000000013 0.7625 0.35138888888888903 0.79609375 0.35138888888888903
0 0.73671875 0.3194444444444446 0.7015625 0.3194444444444446 0.7015625 0.4013888888888891 0.73671875 0.4013888888888891
0 0.8125 0.35138888888888903 0.78046875 0.35138888888888903 0.78046875 0.4194444444444446 0.8125 0.4194444444444446
0 0.9015625 0.5000000000000001 0.86640625 0.5000000000000001 0.86640625 0.5736111111111113 0.9015625 0.5736111111111113
0 0.82265625 0.41250000000000014 0.7796875 0.41250000000000014 0.7796875 0.4986111111111113 0.82265625 0.4986111111111113
