0 0.82265625 0.5458333333333335 0.7734375 0.5458333333333335 0.7734375 0.6305555555555558 0.82265625 0.6305555555555558
0 0.7734375 0.551388888888889 0.725 0.551388888888889 0.725 0.6666666666666669 0.7734375 0.6666666666666669
0 0.7109375 0.6319444444444446 0.665625 0.6319444444444446 0.665625 0.7180555555555556 0.7109375 0.7180555555555556
0 0.7578125 0.4902777777777779 0.7171875 0.4902777777777779 0.7171875 0.5708333333333335 0.7578125 0.5708333333333335
0 0.6625 0.4986111111111113 0.59140625 0.4986111111111113 0.59140625 0.6847222222222223 0.6625 0.6847222222222223
0 0.6203125 0.7833333333333333 0.5875 0.7833333333333333 0.5875 0.8472222222222222 0.6203125 0.8472222222222222
0 0.578125 0.7333333333333333 0.53828125 0.7333333333333333 0.53828125 0.8222222222222222 0.578125 0.8222222222222222
0 0.4125 0.9333333333333333 0.3812500000000001 0.9333333333333333 0.3812500000000001 0.9986111111111111 0.4125 0.9986111111111111
0 0.534375 0.7402777777777778 0.50078125 0.7402777777777778 0.50078125 0.8041666666666667 0.534375 0.8041666666666667
0 0.475 0.8194444444444444 0.44921875 0.8194444444444444 0.44921875 0.8666666666666667 0.475 0.8666666666666667
0 0.4859375 0.7666666666666667 0.44921875 0.7666666666666667 0.44921875 0.8375 0.4859375 0.8375
0 0.440625 0.7722222222222223 0.40546875 0.7722222222222223 0.40546875 0.8375 0.440625 0.8375
0 0.40703125 0.8 0.3742187500000001 0.8 0.3742187500000001 0.8638888888888889 0.40703125 0.8638888888888889
0 0.3078125000000001 0.8416666666666667 0.2757812500000001 0.8416666666666667 0.2757812500000001 0.9166666666666666 0.3078125000000001 0.9166666666666666
0 0.35234375000000007 0.7513888888888889 0.3187500000000001 0.7513888888888889 0.3187500000000001 0.8319444444444445 0.35234375000000007 0.8319444444444445
0 0.27421875000000007 0.7930555555555555 0.24375000000000008 0.7930555555555555 0.24375000000000008 0.8597222222222223 0.27421875000000007 0.8597222222222223
0 0.16015625000000006 0.7194444444444444 0.12656250000000005 0.7194444444444444 0.12656250000000005 0.7916666666666666 0.16015625000000006 0.7916666666666666
0 0.25859375000000007 0.725 0.2171875000000001 0.725 0.2171875000000001 0.8083333333333333 0.25859375000000007 0.8083333333333333
