0 0.25078125 0.23194444444444454 0.2046875 0.23194444444444454 0.2046875 0.3097222222222223 0.25078125 0.3097222222222223
0 0.29921875 0.21944444444444453 0.25625 0.21944444444444453 0.25625 0.3291666666666667 0.29921875 0.3291666666666667
0 0.3671875 0.20138888888888898 0.32578125 0.20138888888888898 0.32578125 0.2805555555555556 0.3671875 0.2805555555555556
0 0.29609375 0.31666666666666676 0.25859375 0.31666666666666676 0.25859375 0.39305555555555555 0.29609375 0.39305555555555555
0 0.4234375 0.2611111111111112 0.36171875 0.2611111111111112 0.36171875 0.4402777777777779 0.4234375 0.44027777777777793
0 0.4640625 0.11666666666666677 0.434375 0.11666666666666675 0.434375 0.17638888888888898 0.4640625 0.176388888888889
0 0.50546875 0.16250000000000012 0.46953125 0.16250000000000012 0.46953125 0.2472222222222223 0.50546875 0.2472222222222223
0 0.6859375 0.07361111111111127 0.6578125 0.07361111111111125 0.6578125 0.13472222222222238 0.6859375 0.13472222222222238
0 0.54140625 0.20000000000000007 0.5109375 0.20000000000000007 0.5109375 0.2597222222222223 0.54140625 0.2597222222222223
0 0.6015625 0.1666666666666668 0.578125 0.1666666666666668 0.578125 0.21111111111111128 0.6015625 0.21111111111111128
0 0.5953125 0.1930555555555557 0.56171875 0.1930555555555557 0.56171875 0.25833333333333347 0.5953125 0.25833333333333347
0 0.6375 0.21527777777777793 0.60546875 0.21527777777777793 0.60546875 0.2763888888888891 0.6375 0.2763888888888891
0 0.671875 0.2055555555555557 0.6421875 0.2055555555555557 0.6421875 0.26527777777777795 0.671875 0.26527777777777795
0 0.7734375 0.20277777777777795 0.7453125 0.20277777777777795 0.7453125 0.27361111111111125 0.7734375 0.27361111111111125
0 0.71875 0.2625000000000002 0.6890625 0.2625000000000002 0.6890625 0.3388888888888891 0.71875 0.3388888888888891
0 0.79609375 0.27361111111111125 0.76875 0.27361111111111125 0.76875 0.33611111111111125 0.79609375 0.33611111111111125
0 0.89765625 0.3958333333333335 0.8671875 0.3958333333333335 0.8671875 0.4638888888888891 0.89765625 0.4638888888888891
0 0.8125 0.3333333333333335 0.775 0.3333333333333335 0.775 0.41111111111111126 0.8125 0.41111111111111126
