0 0.23515625 0.30277777777777787 0.18984375 0.30277777777777787 0.18984375000000003 0.3902777777777778 0.23515625 0.3902777777777778
0 0.2828125 0.27777777777777785 0.2421875 0.27777777777777785 0.2421875 0.38472222222222224 0.2828125 0.38472222222222224
0 0.353125 0.25416666666666676 0.31328125 0.25416666666666676 0.31328125 0.33194444444444454 0.353125 0.33194444444444454
0 0.31953125 0.32500000000000007 0.28046875 0.32500000000000007 0.28046875 0.4041666666666667 0.31953125 0.4041666666666667
0 0.40234375 0.301388888888889 0.35390625 0.301388888888889 0.35390625 0.40138888888888896 0.40234375 0.4013888888888891
0 0.4359375 0.13333333333333341 0.40703125 0.13333333333333341 0.40703125 0.19166666666666674 0.4359375 0.19166666666666674
0 0.4796875 0.15972222222222232 0.4453125 0.1597222222222223 0.4453125 0.2222222222222223 0.4796875 0.2222222222222223
0 0.653125 0.036111111111111246 0.62578125 0.036111111111111246 0.62578125 0.09583333333333346 0.653125 0.09583333333333349
0 0.515625 0.20138888888888898 0.4859375 0.20138888888888898 0.4859375 0.2583333333333334 0.515625 0.2583333333333334
0 0.5765625 0.14861111111111122 0.55390625 0.14861111111111122 0.55390625 0.19166666666666682 0.5765625 0.19166666666666682
0 0.57265625 0.1777777777777779 0.540625 0.17777777777777787 0.540625 0.24166666666666678 0.57265625 0.24166666666666684
0 0.615625 0.18750000000000017 0.584375 0.18750000000000017 0.584375 0.24722222222222237 0.615625 0.24722222222222237
0 0.6625 0.12638888888888902 0.62890625 0.126388888888889 0.62890625 0.19444444444444461 0.6625 0.19444444444444461
0 0.74375 0.1333333333333335 0.7171875 0.1333333333333335 0.7171875 0.20277777777777795 0.74375 0.20277777777777795
0 0.6953125 0.2097222222222224 0.6671875 0.2097222222222224 0.6671875 0.2847222222222224 0.6953125 0.2847222222222224
0 0.77109375 0.19722222222222238 0.74453125 0.19722222222222238 0.74453125 0.24861111111111128 0.77109375 0.24861111111111128
0 0.88828125 0.3027777777777779 0.859375 0.3027777777777779 0.859375 0.3694444444444446 0.88828125 0.3694444444444446
0 0.77265625 0.2458333333333335 0.73671875 0.2458333333333335 0.73671875 0.32222222222222235 0.77265625 0.32222222222222235
0 0.503125 0.14583333333333345 0.47890625 0.14583333333333345 0.47890625 0.20416666666666675 0.503125 0.20416666666666675
