0 0.78125 0.7319444444444447 0.7296875 0.7319444444444447 0.7296875 0.8305555555555558 0.78125 0.8305555555555558
0 0.7296875 0.7152777777777779 0.68046875 0.7152777777777778 0.68046875 0.8305555555555557 0.7296875 0.8305555555555558
0 0.65390625 0.7347222222222223 0.60859375 0.7347222222222223 0.60859375 0.8208333333333333 0.65390625 0.8208333333333333
0 0.696875 0.6791666666666668 0.6515625 0.6791666666666668 0.6515625 0.7680555555555556 0.696875 0.7680555555555556
0 0.625 0.6444444444444446 0.56875 0.6444444444444446 0.56875 0.7555555555555555 0.625 0.7555555555555555
0 0.54296875 0.8305555555555556 0.51015625 0.8305555555555556 0.51015625 0.8944444444444445 0.54296875 0.8944444444444445
0 0.5109375 0.7819444444444444 0.471875 0.7819444444444444 0.471875 0.8527777777777777 0.5109375 0.8527777777777777
0 0.3187500000000001 0.8236111111111111 0.2867187500000001 0.8236111111111111 0.2867187500000001 0.8888888888888888 0.3187500000000001 0.8888888888888888
0 0.4765625 0.7291666666666666 0.44296875 0.7291666666666666 0.44296875 0.7930555555555555 0.4765625 0.7930555555555555
0 0.40234375 0.7652777777777777 0.3765625000000001 0.7652777777777777 0.3765625000000001 0.8138888888888889 0.40234375 0.8138888888888889
0 0.421875 0.7194444444444444 0.3851562500000001 0.7194444444444444 0.3851562500000001 0.7902777777777777 0.421875 0.7902777777777777
0 0.3804687500000001 0.6944444444444445 0.34453125000000007 0.6944444444444444 0.34453125000000007 0.7611111111111111 0.3804687500000001 0.7611111111111111
0 0.3296875000000001 0.7236111111111111 0.2906250000000001 0.7236111111111111 0.2906250000000001 0.8 0.3296875000000001 0.8
0 0.2453125000000001 0.6791666666666667 0.2132812500000001 0.6791666666666667 0.2132812500000001 0.7541666666666667 0.2453125000000001 0.7541666666666667
0 0.30625 0.6208333333333333 0.271875 0.6208333333333333 0.27187500000000003 0.7013888888888888 0.3062500000000001 0.7013888888888888
0 0.22578125000000004 0.6208333333333333 0.19531250000000006 0.6208333333333333 0.19531250000000006 0.6791666666666667 0.2257812500000001 0.6791666666666667
0 0.13281250000000006 0.4513888888888889 0.09921875000000002 0.4513888888888889 0.09921875000000004 0.5236111111111111 0.13281250000000006 0.5236111111111111
0 0.24375 0.55 0.20234375 0.55 0.20234375 0.6347222222222222 0.24375 0.6347222222222222
0 0.4765625 0.7875 0.44765625 0.7875 0.44765625 0.85 0.4765625 0.85
