0 0.8203125 0.3527777777777779 0.7703125 0.3527777777777779 0.7703125 0.44722222222222235 0.8203125 0.44722222222222235
0 0.76953125 0.3194444444444446 0.7234375 0.3194444444444446 0.7234375 0.4319444444444446 0.76953125 0.4319444444444446
0 0.70078125 0.2833333333333335 0.65703125 0.2833333333333335 0.65703125 0.3666666666666668 0.70078125 0.3666666666666668
0 0.72890625 0.3597222222222224 0.6859375 0.3597222222222224 0.6859375 0.44583333333333347 0.72890625 0.44583333333333347
0 0.6578125 0.32083333333333347 0.60390625 0.32083333333333347 0.60390625 0.4291666666666668 0.6578125 0.4291666666666668
0 0.61328125 0.14861111111111122 0.58203125 0.14861111111111122 0.58203125 0.21111111111111128 0.61328125 0.21111111111111128
0 0.575 0.16527777777777788 0.5375 0.16527777777777788 0.5375 0.23333333333333345 0.575 0.2333333333333335
0 0.403125 0.009722222222222307 0.37265625 0.009722222222222304 0.37265625 0.0736111111111112 0.403125 0.0736111111111112
0 0.53125 0.20000000000000007 0.49921875 0.20000000000000007 0.49921875 0.26250000000000007 0.53125 0.26250000000000007
0 0.46796875 0.1361111111111112 0.44296875 0.13611111111111118 0.44296875 0.1833333333333334 0.46796875 0.1833333333333334
0 0.47890625 0.16666666666666677 0.44375 0.16666666666666674 0.44375 0.2361111111111112 0.47890625 0.2361111111111112
0 0.434375 0.16944444444444454 0.4 0.16944444444444454 0.4 0.23333333333333342 0.434375 0.23333333333333342
0 0.39375 0.09861111111111119 0.35625 0.09861111111111119 0.35625 0.1722222222222223 0.39375 0.1722222222222223
0 0.30625 0.09027777777777786 0.27578125 0.09027777777777786 0.27578125 0.16388888888888897 0.30625 0.16388888888888897
0 0.3515625 0.17500000000000007 0.31953125 0.17500000000000007 0.31953125 0.25416666666666676 0.3515625 0.25416666666666676
0 0.275 0.14861111111111117 0.2453125 0.14861111111111114 0.2453125 0.20416666666666675 0.275 0.20416666666666675
0 0.1546875 0.23194444444444445 0.12265625 0.23194444444444445 0.12265625 0.30277777777777776 0.1546875 0.30277777777777776
0 0.2796875 0.1972222222222223 0.23984375 0.1972222222222223 0.23984375 0.27916666666666673 0.2796875 0.27916666666666673
0 0.5421875 0.14861111111111122 0.51484375 0.14861111111111122 0.51484375 0.2097222222222223 0.5421875 0.2097222222222223
