0 0.23125 0.3361111111111112 0.18281250000000004 0.3361111111111112 0.18281250000000004 0.42916666666666664 0.23125 0.42916666666666664
0 0.278125 0.30555555555555564 0.23359375 0.30555555555555564 0.23359375 0.4166666666666667 0.278125 0.4166666666666667
0 0.34609375 0.2736111111111112 0.30390625 0.2736111111111112 0.30390625 0.35555555555555557 0.34609375 0.35555555555555557
0 0.31640625 0.3486111111111112 0.27421875 0.3486111111111112 0.27421875 0.43194444444444446 0.31640625 0.43194444444444446
0 0.3984375 0.313888888888889 0.34609375 0.313888888888889 0.34609375 0.4194444444444445 0.3984375 0.4194444444444446
0 0.42421875 0.14305555555555563 0.39375 0.14305555555555563 0.39375 0.20416666666666675 0.42421875 0.20416666666666675
0 0.46875 0.1625000000000001 0.43203125 0.1625000000000001 0.43203125 0.22916666666666674 0.46875 0.22916666666666674
0 0.63671875 0.018055555555555693 0.60703125 0.01805555555555569 0.60703125 0.0805555555555557 0.63671875 0.0805555555555557
0 0.50625 0.19861111111111118 0.475 0.19861111111111118 0.475 0.2597222222222223 0.50625 0.2597222222222223
0 0.5640625 0.1402777777777779 0.53984375 0.1402777777777779 0.53984375 0.18611111111111123 0.5640625 0.18611111111111128
0 0.56171875 0.16944444444444456 0.52734375 0.16944444444444456 0.52734375 0.23611111111111122 0.56171875 0.23611111111111127
0 0.60546875 0.17500000000000013 0.571875 0.17500000000000013 0.571875 0.23750000000000016 0.60546875 0.23750000000000016
0 0.65 0.10694444444444458 0.6140625 0.10694444444444456 0.6140625 0.17916666666666684 0.65 0.17916666666666684
0 0.73125 0.10416666666666682 0.7015625 0.10416666666666682 0.7015625 0.17638888888888904 0.73125 0.17638888888888904
0 0.6859375 0.18611111111111128 0.6546875 0.18611111111111128 0.6546875 0.26388888888888906 0.6859375 0.26388888888888906
0 0.7609375 0.16527777777777794 0.73203125 0.16527777777777794 0.73203125 0.2194444444444446 0.7609375 0.2194444444444446
0 0.88203125 0.2555555555555557 0.85078125 0.2555555555555557 0.85078125 0.3250000000000002 0.88203125 0.3250000000000002
0 0.76484375 0.21250000000000016 0.72578125 0.21250000000000016 0.72578125 0.29305555555555574 0.76484375 0.29305555555555574
0 0.49140625 0.14722222222222234 0.46484375 0.14722222222222234 0.46484375 0.20694444444444451 0.49140625 0.20694444444444451
