0 0.2617187500000001 0.7097222222222223 0.2117187500000001 0.7097222222222223 0.2117187500000001 0.8041666666666667 0.2617187500000001 0.8041666666666667
0 0.3101562500000001 0.6972222222222222 0.2640625000000001 0.6972222222222222 0.2640625000000001 0.8097222222222222 0.3101562500000001 0.8097222222222222
0 0.37578125000000007 0.7347222222222223 0.3320312500000001 0.7347222222222223 0.3320312500000001 0.8180555555555555 0.37578125000000007 0.8180555555555555
0 0.34296875000000004 0.6236111111111111 0.3 0.6236111111111111 0.30000000000000004 0.7097222222222223 0.3429687500000001 0.7097222222222223
0 0.41640625 0.6541666666666668 0.3726562500000001 0.6541666666666668 0.3726562500000001 0.7444444444444445 0.41640625 0.7444444444444445
0 0.4875 0.7833333333333333 0.44375 0.7833333333333333 0.44375 0.8902777777777777 0.4875 0.8902777777777777
0 0.51796875 0.7916666666666666 0.48046875 0.7916666666666666 0.48046875 0.8597222222222223 0.51796875 0.8597222222222223
0 0.70234375 0.8430555555555556 0.671875 0.8430555555555556 0.671875 0.9069444444444444 0.70234375 0.9069444444444444
0 0.55234375 0.7416666666666667 0.51875 0.7416666666666667 0.51875 0.8055555555555556 0.55234375 0.8055555555555556
0 0.60859375 0.7805555555555556 0.58359375 0.7805555555555556 0.58359375 0.8277777777777777 0.60859375 0.8277777777777777
0 0.603125 0.7305555555555555 0.56796875 0.7305555555555555 0.56796875 0.8 0.603125 0.8
0 0.67265625 0.7138888888888889 0.63828125 0.7138888888888889 0.63828125 0.7777777777777778 0.67265625 0.7777777777777778
0 0.6953125 0.7222222222222222 0.66328125 0.7222222222222222 0.66328125 0.7875 0.6953125 0.7875
0 0.78046875 0.6986111111111113 0.75 0.6986111111111113 0.75 0.7722222222222226 0.78046875 0.7722222222222226
0 0.72421875 0.6250000000000001 0.6921875 0.6250000000000001 0.6921875 0.7041666666666668 0.72421875 0.7041666666666668
0 0.79921875 0.6486111111111112 0.76953125 0.6486111111111112 0.76953125 0.7041666666666668 0.79921875 0.7041666666666668
0 0.90078125 0.48750000000000016 0.86875 0.48750000000000016 0.86875 0.5583333333333335 0.90078125 0.5583333333333335
0 0.79296875 0.5847222222222224 0.753125 0.5847222222222224 0.753125 0.6666666666666669 0.79296875 0.6666666666666669
0 0.54296875 0.7902777777777777 0.515625 0.7902777777777777 0.515625 0.8513888888888889 0.54296875 0.8513888888888889
