0 0.79453125 0.22222222222222238 0.746875 0.22222222222222238 0.746875 0.31388888888888905 0.79453125 0.31388888888888905
0 0.7421875 0.21250000000000016 0.6984375 0.21250000000000016 0.6984375 0.32222222222222235 0.7421875 0.32222222222222235
0 0.675 0.19861111111111127 0.6328125 0.19861111111111127 0.6328125 0.27916666666666684 0.675 0.27916666666666684
0 0.70390625 0.3083333333333335 0.6625 0.3083333333333335 0.6625 0.39166666666666683 0.70390625 0.39166666666666683
0 0.6328125 0.26666666666666683 0.590625 0.26666666666666683 0.590625 0.35416666666666685 0.6328125 0.35416666666666685
0 0.565625 0.1152777777777779 0.52421875 0.1152777777777779 0.52421875 0.21944444444444455 0.565625 0.2194444444444446
0 0.52890625 0.14305555555555569 0.49296875 0.14305555555555569 0.49296875 0.20833333333333343 0.52890625 0.20833333333333343
0 0.3390625 0.07916666666666673 0.31015625 0.07916666666666673 0.31015625 0.14027777777777786 0.3390625 0.14027777777777786
0 0.4890625 0.19444444444444453 0.45703125 0.19444444444444453 0.45703125 0.25555555555555565 0.4890625 0.25555555555555565
0 0.425 0.16527777777777786 0.4015625 0.16527777777777786 0.4015625 0.2097222222222223 0.425 0.2097222222222223
0 0.4390625 0.19444444444444453 0.40546875 0.19444444444444453 0.40546875 0.2611111111111112 0.4390625 0.2611111111111112
0 0.36875 0.2111111111111112 0.3359375 0.2111111111111112 0.3359375 0.2722222222222223 0.36875 0.2722222222222223
0 0.34453125 0.19861111111111118 0.3140625 0.19861111111111118 0.3140625 0.2611111111111112 0.34453125 0.2611111111111112
0 0.25703125 0.20555555555555563 0.228125 0.20555555555555563 0.228125 0.27638888888888896 0.25703125 0.27638888888888896
0 0.3125 0.27916666666666673 0.28203125 0.27916666666666673 0.28203125 0.35555555555555557 0.3125 0.35555555555555557
0 0.23515625 0.2708333333333334 0.20703125 0.2708333333333334 0.20703125 0.32500000000000007 0.23515625 0.32500000000000007
0 0.13203125000000004 0.40694444444444444 0.10156250000000004 0.40694444444444444 0.10156250000000004 0.47638888888888886 0.13203125000000004 0.47638888888888886
0 0.25078125 0.3097222222222223 0.2125 0.3097222222222223 0.2125 0.3888888888888889 0.25078125 0.3888888888888889
0 0.49375 0.14722222222222234 0.46796875 0.14722222222222234 0.46796875 0.20694444444444451 0.49375 0.20694444444444451
