0 0.2609375000000001 0.6763888888888889 0.2140625000000001 0.6763888888888889 0.2140625000000001 0.7666666666666667 0.2609375000000001 0.7666666666666667
0 0.2914062500000001 0.6722222222222223 0.2531250000000001 0.6722222222222223 0.2531250000000001 0.7722222222222223 0.2914062500000001 0.7722222222222223
0 0.3695312500000001 0.7138888888888889 0.3281250000000001 0.7138888888888889 0.3281250000000001 0.7930555555555555 0.3695312500000001 0.7930555555555555
0 0.33203125000000006 0.6375 0.29140625 0.6375 0.29140625000000003 0.7194444444444444 0.3320312500000001 0.7194444444444444
0 0.4046875 0.6444444444444446 0.36328125 0.6444444444444446 0.36328125000000006 0.7305555555555555 0.4046875 0.7305555555555555
0 0.47265625 0.7791666666666667 0.43203125 0.7791666666666667 0.43203125 0.8833333333333333 0.47265625 0.8833333333333333
0 0.50390625 0.7930555555555555 0.46875 0.7930555555555555 0.46875 0.8569444444444444 0.50390625 0.8569444444444444
0 0.534375 0.7375 0.503125 0.7375 0.503125 0.7986111111111112 0.534375 0.7986111111111112
0 0.59609375 0.7930555555555555 0.57265625 0.7930555555555555 0.57265625 0.8375 0.59609375 0.8375
0 0.5921875 0.7430555555555556 0.55859375 0.7430555555555556 0.55859375 0.8083333333333333 0.5921875 0.8083333333333333
0 0.6765625 0.6611111111111113 0.6234375 0.6611111111111113 0.6234375 0.7958333333333333 0.6765625 0.7958333333333333
0 0.7734375 0.7263888888888892 0.7453125 0.7263888888888892 0.7453125 0.7972222222222225 0.7734375 0.7972222222222225
0 0.715625 0.651388888888889 0.6859375 0.651388888888889 0.6859375 0.7277777777777777 0.715625 0.7277777777777777
0 0.79375 0.6625000000000002 0.76640625 0.6625000000000002 0.76640625 0.7277777777777781 0.79375 0.7277777777777781
0 0.89765625 0.5361111111111113 0.8671875 0.5361111111111113 0.8671875 0.6041666666666669 0.89765625 0.6041666666666669
0 0.809375 0.588888888888889 0.771875 0.588888888888889 0.771875 0.6666666666666669 0.809375 0.6666666666666669
0 0.5296875 0.7944444444444444 0.50390625 0.7944444444444444 0.50390625 0.8527777777777777 0.5296875 0.8527777777777777
0 0.7171875 0.7347222222222223 0.68984375 0.7347222222222223 0.68984375 0.7958333333333333 0.7171875 0.7958333333333333
