0 0.24921875 0.27916666666666673 0.20625 0.27916666666666673 0.20625 0.3625 0.24921875 0.3625
0 0.27890625 0.2666666666666667 0.2453125 0.2666666666666667 0.2453125 0.3625 0.27890625 0.3625
0 0.35546875 0.23333333333333342 0.31796875 0.23333333333333342 0.31796875 0.3083333333333334 0.35546875 0.3083333333333334
0 0.32265625 0.313888888888889 0.28515625 0.313888888888889 0.28515625 0.3902777777777778 0.32265625 0.3902777777777778
0 0.39375 0.29027777777777786 0.35703125 0.29027777777777786 0.35703125 0.3708333333333334 0.39375 0.3708333333333335
0 0.45390625 0.12777777777777788 0.41796875 0.12777777777777785 0.41796875 0.22638888888888897 0.45390625 0.22638888888888897
0 0.48671875 0.14861111111111122 0.45390625 0.14861111111111122 0.45390625 0.20833333333333343 0.48671875 0.20833333333333343
0 0.51953125 0.20277777777777786 0.490625 0.20277777777777786 0.490625 0.2597222222222223 0.51953125 0.2597222222222223
0 0.57890625 0.1527777777777779 0.5578125 0.1527777777777779 0.5578125 0.1930555555555557 0.57890625 0.1930555555555557
0 0.5765625 0.1833333333333335 0.54609375 0.1833333333333335 0.54609375 0.2444444444444446 0.5765625 0.2444444444444446
0 0.66171875 0.18472222222222237 0.61484375 0.18472222222222237 0.61484375 0.31388888888888905 0.66171875 0.31388888888888905
0 0.7578125 0.16666666666666682 0.7328125 0.16666666666666682 0.7328125 0.2333333333333335 0.7578125 0.2333333333333335
0 0.70390625 0.2444444444444446 0.678125 0.2444444444444446 0.678125 0.3166666666666668 0.70390625 0.3166666666666668
0 0.78125 0.2319444444444446 0.75703125 0.2319444444444446 0.75703125 0.29305555555555574 0.78125 0.29305555555555574
0 0.89140625 0.3388888888888891 0.8640625 0.3388888888888891 0.8640625 0.40277777777777796 0.89140625 0.40277777777777796
0 0.8 0.29166666666666685 0.76640625 0.29166666666666685 0.76640625 0.3652777777777779 0.8 0.3652777777777779
0 0.51171875 0.14722222222222234 0.4890625 0.14722222222222234 0.4890625 0.20277777777777786 0.51171875 0.20277777777777786
0 0.7015625 0.17638888888888904 0.6765625 0.17638888888888904 0.6765625 0.2333333333333335 0.7015625 0.2333333333333335
