0 0.2375 0.4027777777777778 0.18359375000000006 0.4027777777777778 0.18359375000000006 0.5041666666666667 0.2375 0.5041666666666667
0 0.26640625 0.37777777777777777 0.2203125 0.37777777777777777 0.2203125 0.4847222222222222 0.26640625 0.4847222222222222
0 0.33515625 0.31250000000000006 0.284375 0.31250000000000006 0.284375 0.41805555555555557 0.33515625 0.41805555555555557
0 0.36640625 0.351388888888889 0.32265625 0.351388888888889 0.32265625 0.438888888888889 0.36640625 0.43888888888888905
0 0.409375 0.16527777777777786 0.365625 0.16527777777777786 0.365625 0.251388888888889 0.409375 0.251388888888889
0 0.48359375 0.20416666666666675 0.44765625 0.20416666666666675 0.44765625 0.2722222222222223 0.48359375 0.2722222222222223
0 0.53203125 0.1277777777777779 0.50546875 0.1277777777777779 0.50546875 0.17777777777777787 0.53203125 0.17777777777777787
0 0.53671875 0.15972222222222235 0.4984375 0.15972222222222235 0.4984375 0.23333333333333342 0.53671875 0.23333333333333342
0 0.62890625 0.12222222222222234 0.56484375 0.12222222222222234 0.56484375 0.2680555555555557 0.62890625 0.2680555555555557
0 0.71015625 0.05972222222222237 0.6765625 0.05972222222222236 0.6765625 0.13611111111111127 0.71015625 0.13611111111111127
0 0.6703125 0.15972222222222235 0.634375 0.15972222222222235 0.634375 0.24166666666666684 0.6703125 0.24166666666666684
0 0.7421875 0.11250000000000016 0.709375 0.11250000000000016 0.709375 0.1833333333333335 0.7421875 0.1833333333333335
0 0.8640625 0.16388888888888908 0.82890625 0.16388888888888908 0.82890625 0.23888888888888904 0.8640625 0.23888888888888904
0 0.7703125 0.16111111111111126 0.7265625 0.16111111111111126 0.7265625 0.24722222222222237 0.7703125 0.24722222222222237
0 0.46875 0.15416666666666676 0.43828125 0.15416666666666676 0.43828125 0.21805555555555564 0.46875 0.21805555555555564
0 0.65625 0.09444444444444458 0.6234375 0.09444444444444457 0.6234375 0.16250000000000014 0.65625 0.16250000000000014
