0 0.2390625 0.5347222222222222 0.18828125000000004 0.5347222222222222 0.18828125000000004 0.6319444444444444 0.2390625 0.6319444444444444
0 0.26796875000000003 0.5486111111111112 0.225 0.5486111111111112 0.22500000000000003 0.6541666666666667 0.2679687500000001 0.6541666666666667
0 0.33984375000000006 0.6083333333333333 0.2921875 0.6083333333333333 0.29218750000000004 0.7111111111111111 0.3398437500000001 0.7111111111111111
0 0.36953125000000003 0.5819444444444445 0.328125 0.5819444444444445 0.32812500000000006 0.6666666666666667 0.3695312500000001 0.6666666666666669
0 0.41953125 0.7638888888888888 0.3781250000000001 0.7638888888888888 0.3781250000000001 0.8472222222222222 0.41953125 0.8472222222222222
0 0.49375 0.7333333333333333 0.459375 0.7333333333333333 0.459375 0.7986111111111112 0.49375 0.7986111111111112
0 0.5453125 0.8208333333333333 0.51953125 0.8208333333333333 0.51953125 0.8680555555555556 0.5453125 0.8680555555555556
0 0.54765625 0.7666666666666667 0.5109375 0.7666666666666667 0.5109375 0.8375 0.54765625 0.8375
0 0.63828125 0.7222222222222222 0.57890625 0.7222222222222222 0.57890625 0.8638888888888889 0.63828125 0.8638888888888889
0 0.725 0.8402777777777778 0.69296875 0.8402777777777778 0.69296875 0.9152777777777777 0.725 0.9152777777777777
0 0.68046875 0.7402777777777778 0.646875 0.7402777777777778 0.646875 0.8208333333333333 0.68046875 0.8208333333333333
0 0.75390625 0.790277777777778 0.7234375 0.7902777777777777 0.7234375 0.8597222222222224 0.75390625 0.8597222222222225
0 0.8734375 0.7194444444444448 0.83984375 0.7194444444444448 0.83984375 0.791666666666667 0.8734375 0.791666666666667
0 0.78046875 0.7236111111111114 0.7390625 0.7236111111111114 0.7390625 0.8069444444444448 0.78046875 0.8069444444444448
0 0.4796875 0.7888888888888889 0.4515625 0.7888888888888889 0.4515625 0.8513888888888889 0.4796875 0.8513888888888889
0 0.66953125 0.8222222222222222 0.6390625 0.8222222222222222 0.6390625 0.8875 0.66953125 0.8875
