0 0.2515625000000001 0.6458333333333334 0.2078125000000001 0.6458333333333334 0.2078125000000001 0.7305555555555555 0.2515625000000001 0.7305555555555555
0 0.2812500000000001 0.6458333333333334 0.2468750000000001 0.6458333333333334 0.2468750000000001 0.7416666666666667 0.2812500000000001 0.7416666666666667
0 0.3585937500000001 0.6777777777777778 0.3187500000000001 0.6777777777777778 0.3187500000000001 0.7694444444444445 0.3585937500000001 0.7694444444444445
0 0.3765625 0.626388888888889 0.3421875 0.6263888888888889 0.34218750000000003 0.701388888888889 0.3765625000000001 0.7013888888888891
0 0.45234375 0.7847222222222222 0.4171875 0.7847222222222222 0.4171875 0.8583333333333333 0.45234375 0.8583333333333333
0 0.52265625 0.7402777777777778 0.49296875 0.7402777777777778 0.49296875 0.7972222222222223 0.52265625 0.7972222222222223
0 0.5828125 0.8041666666666667 0.5609375 0.8041666666666667 0.5609375 0.8458333333333333 0.5828125 0.8458333333333333
0 0.5796875 0.7527777777777778 0.5484375 0.7527777777777778 0.5484375 0.8152777777777778 0.5796875 0.8152777777777778
0 0.65 0.7375 0.61484375 0.7375 0.61484375 0.8152777777777778 0.65 0.8152777777777778
0 0.7578125 0.7625000000000003 0.73203125 0.7625000000000003 0.73203125 0.8305555555555558 0.7578125 0.8305555555555558
0 0.67265625 0.6986111111111113 0.64609375 0.6986111111111113 0.64609375 0.7722222222222223 0.67265625 0.7722222222222223
0 0.784375 0.6986111111111113 0.759375 0.6986111111111113 0.759375 0.7611111111111114 0.784375 0.7611111111111114
0 0.89296875 0.5847222222222224 0.865625 0.5847222222222224 0.865625 0.6500000000000001 0.89296875 0.6500000000000001
0 0.80234375 0.626388888888889 0.76796875 0.626388888888889 0.76796875 0.7000000000000002 0.80234375 0.7000000000000002
0 0.515625 0.7972222222222223 0.4921875 0.7972222222222223 0.4921875 0.8541666666666666 0.515625 0.8541666666666666
0 0.70546875 0.7597222222222222 0.6796875 0.7597222222222222 0.6796875 0.8180555555555555 0.70546875 0.8180555555555555
0 0.48671875 0.7555555555555555 0.45390625 0.7555555555555555 0.45390625 0.8569444444444444 0.48671875 0.8569444444444444
0 0.7515625 0.8722222222222223 0.725 0.8722222222222222 0.725 0.9305555555555557 0.7515625 0.9305555555555559
