0 0.81484375 0.3861111111111113 0.7625 0.3861111111111113 0.7625 0.4847222222222224 0.81484375 0.4847222222222224
0 0.778125 0.36111111111111127 0.73359375 0.36111111111111127 0.73359375 0.4680555555555557 0.778125 0.4680555555555557
0 0.7125 0.30138888888888904 0.66328125 0.30138888888888904 0.66328125 0.4055555555555557 0.7125 0.4055555555555557
0 0.68046875 0.3597222222222224 0.63828125 0.3597222222222224 0.63828125 0.44583333333333347 0.68046875 0.44583333333333347
0 0.62890625 0.17500000000000013 0.5859375 0.17500000000000013 0.5859375 0.25972222222222235 0.62890625 0.25972222222222235
0 0.546875 0.2027777777777779 0.51171875 0.20277777777777786 0.51171875 0.26944444444444454 0.546875 0.2694444444444446
0 0.4875 0.13055555555555567 0.46171875 0.13055555555555567 0.46171875 0.17916666666666675 0.4875 0.17916666666666675
0 0.4953125 0.16111111111111123 0.4578125 0.16111111111111123 0.4578125 0.23333333333333342 0.4953125 0.23333333333333342
0 0.43125 0.13194444444444453 0.38828125 0.13194444444444453 0.38828125 0.21944444444444453 0.43125 0.21944444444444453
0 0.31953125 0.06944444444444452 0.28671875 0.0694444444444445 0.28671875 0.14444444444444451 0.31953125 0.14444444444444451
0 0.39453125 0.1625000000000001 0.36015625 0.1625000000000001 0.36015625 0.24305555555555564 0.39453125 0.24305555555555564
0 0.284375 0.12638888888888894 0.25234375 0.12638888888888894 0.25234375 0.19583333333333341 0.284375 0.19583333333333341
0 0.165625 0.18611111111111112 0.13125 0.18611111111111112 0.13125 0.25972222222222224 0.165625 0.25972222222222224
0 0.2671875 0.17777777777777787 0.225 0.17777777777777787 0.225 0.26250000000000007 0.2671875 0.26250000000000007
0 0.55546875 0.15138888888888902 0.5265625 0.15138888888888902 0.5265625 0.2152777777777779 0.55546875 0.21527777777777793
0 0.36875 0.10416666666666674 0.3375 0.10416666666666674 0.3375 0.17083333333333342 0.36875 0.17083333333333342
0 0.59296875 0.16111111111111123 0.54921875 0.16111111111111123 0.54921875 0.27222222222222237 0.59296875 0.27222222222222237
0 0.33984375 7.041719095097281e-17 0.30703125 6.68453044534597e-17 0.30703125 0.041666666666666734 0.33984375 0.041666666666666734
