0 0.81328125 0.5250000000000001 0.76171875 0.5250000000000001 0.76171875 0.6236111111111112 0.81328125 0.6236111111111112
0 0.7765625 0.5416666666666669 0.7328125 0.5416666666666669 0.7328125 0.6472222222222224 0.7765625 0.6472222222222224
0 0.71015625 0.6013888888888891 0.66171875 0.6013888888888891 0.66171875 0.7041666666666668 0.71015625 0.7041666666666668
0 0.6796875 0.5611111111111112 0.6375 0.5611111111111112 0.6375 0.6458333333333335 0.6796875 0.6458333333333335
0 0.62578125 0.7458333333333333 0.58359375 0.7458333333333333 0.58359375 0.8291666666666667 0.62578125 0.8291666666666667
0 0.54375 0.7333333333333333 0.509375 0.7333333333333333 0.509375 0.7986111111111112 0.54375 0.7986111111111112
0 0.484375 0.8208333333333333 0.45859375 0.8208333333333333 0.45859375 0.8694444444444445 0.484375 0.8694444444444445
0 0.4921875 0.7666666666666667 0.45546875 0.7666666666666667 0.45546875 0.8375 0.4921875 0.8375
0 0.42734375 0.7777777777777778 0.3851562500000001 0.7777777777777778 0.3851562500000001 0.8652777777777778 0.42734375 0.8652777777777778
0 0.3156250000000001 0.85 0.2835937500000001 0.85 0.2835937500000001 0.925 0.3156250000000001 0.925
0 0.3921875000000001 0.7527777777777778 0.3578125000000001 0.7527777777777778 0.3578125000000001 0.8333333333333334 0.3921875000000001 0.8333333333333334
0 0.2804687500000001 0.7972222222222223 0.2492187500000001 0.7972222222222223 0.2492187500000001 0.8666666666666667 0.2804687500000001 0.8666666666666667
0 0.16250000000000003 0.7305555555555555 0.12890625000000006 0.7305555555555555 0.12890625000000006 0.8027777777777778 0.16250000000000003 0.8027777777777778
0 0.2640625000000001 0.7305555555555555 0.22265625000000008 0.7305555555555555 0.22265625000000008 0.8152777777777778 0.2640625000000001 0.8152777777777778
0 0.55234375 0.7875 0.5234375 0.7875 0.5234375 0.85 0.55234375 0.85
0 0.3648437500000001 0.8263888888888888 0.3335937500000001 0.8263888888888888 0.3335937500000001 0.8916666666666667 0.3648437500000001 0.8916666666666667
0 0.58984375 0.7305555555555555 0.546875 0.7305555555555555 0.546875 0.8416666666666667 0.58984375 0.8416666666666667
0 0.3343750000000001 0.9527777777777777 0.3023437500000001 0.9527777777777777 0.3023437500000001 1 0.3343750000000001 1
