0 0.80546875 0.33611111111111125 0.75703125 0.33611111111111125 0.75703125 0.4291666666666668 0.80546875 0.4291666666666668
0 0.76484375 0.3111111111111113 0.725 0.3111111111111113 0.725 0.41250000000000014 0.76484375 0.41250000000000014
0 0.7 0.2694444444444446 0.65546875 0.2694444444444446 0.65546875 0.3680555555555557 0.7 0.3680555555555557
0 0.675 0.33472222222222237 0.6359375 0.33472222222222237 0.6359375 0.4152777777777779 0.675 0.4152777777777779
0 0.61015625 0.15833333333333346 0.5671875 0.15833333333333346 0.5671875 0.24027777777777792 0.61015625 0.24027777777777792
0 0.5234375 0.19583333333333341 0.49140625 0.19583333333333341 0.49140625 0.2583333333333334 0.5234375 0.2583333333333334
0 0.45234375 0.15138888888888896 0.43125 0.15138888888888896 0.43125 0.19166666666666674 0.45234375 0.19166666666666674
0 0.4765625 0.16944444444444454 0.4421875 0.16944444444444454 0.4421875 0.2361111111111112 0.4765625 0.2361111111111112
0 0.4078125 0.15277777777777785 0.36875 0.15277777777777785 0.36875 0.2361111111111112 0.4078125 0.2361111111111112
0 0.29609375 0.10972222222222228 0.26640625 0.10972222222222226 0.26640625 0.18194444444444452 0.29609375 0.18194444444444452
0 0.3765625 0.18888888888888897 0.3453125 0.18888888888888897 0.3453125 0.2666666666666667 0.3765625 0.2666666666666667
0 0.2640625 0.17361111111111116 0.23515625 0.17361111111111116 0.23515625 0.24027777777777787 0.2640625 0.24027777777777787
0 0.15000000000000002 0.25555555555555554 0.11875 0.25555555555555554 0.11875000000000002 0.325 0.15000000000000005 0.325
0 0.25078125 0.22916666666666674 0.21171875 0.22916666666666674 0.21171875 0.3097222222222223 0.25078125 0.3097222222222223
0 0.53515625 0.14722222222222234 0.50859375 0.14722222222222234 0.50859375 0.20694444444444451 0.53515625 0.20694444444444451
0 0.346875 0.1347222222222223 0.31796875 0.1347222222222223 0.31796875 0.1972222222222223 0.346875 0.1972222222222223
0 0.5734375 0.15138888888888902 0.53515625 0.15138888888888902 0.53515625 0.22500000000000012 0.5734375 0.22500000000000014
0 0.24453125 0.07916666666666672 0.20625 0.0791666666666667 0.20625 0.15972222222222227 0.24453125 0.15972222222222227
0 0.19609375 0.06388888888888893 0.16015625 0.06388888888888893 0.16015625 0.1305555555555556 0.19609375 0.1305555555555556
