0 0.23437500000000006 0.5791666666666667 0.18906250000000005 0.5791666666666667 0.18906250000000005 0.6555555555555556 0.23437500000000008 0.6555555555555556
0 0.2906250000000001 0.6458333333333334 0.2500000000000001 0.6458333333333334 0.2500000000000001 0.7194444444444444 0.2906250000000001 0.7194444444444444
0 0.3570312500000001 0.6513888888888889 0.3164062500000001 0.6513888888888889 0.3164062500000001 0.7305555555555555 0.3570312500000001 0.7305555555555555
0 0.328125 0.5513888888888889 0.28359375 0.5513888888888889 0.28359375 0.6375 0.328125 0.6375
0 0.39296875000000003 0.5902777777777779 0.35390625 0.5902777777777778 0.35390625000000003 0.6666666666666667 0.3929687500000001 0.6666666666666669
0 0.47109375 0.4986111111111113 0.4125 0.4986111111111113 0.4125 0.6041666666666669 0.47109375 0.6041666666666669
0 0.42890625 0.8069444444444445 0.4 0.8069444444444445 0.4 0.8652777777777778 0.42890625 0.8652777777777778
0 0.48046875 0.8208333333333333 0.4625 0.8208333333333333 0.4625 0.8555555555555555 0.48046875 0.8555555555555555
0 0.478125 0.7791666666666667 0.45390625 0.7791666666666667 0.45390625 0.8305555555555556 0.478125 0.8305555555555556
0 0.5140625 0.7972222222222223 0.4859375 0.7972222222222223 0.4859375 0.8569444444444444 0.5140625 0.8569444444444444
0 0.51640625 0.7569444444444444 0.49140625 0.7569444444444444 0.49140625 0.8125 0.51640625 0.8125
0 0.52265625 0.8236111111111111 0.50390625 0.8236111111111111 0.50390625 0.8694444444444445 0.52265625 0.8694444444444445
0 0.57265625 0.8111111111111111 0.55 0.8111111111111111 0.55 0.8555555555555555 0.57265625 0.8555555555555555
0 0.57890625 0.7583333333333333 0.54609375 0.7583333333333333 0.54609375 0.8236111111111111 0.57890625 0.8236111111111111
0 0.615625 0.7458333333333333 0.58359375 0.7458333333333333 0.58359375 0.8055555555555556 0.615625 0.8055555555555556
0 0.63203125 0.8208333333333333 0.60859375 0.8208333333333333 0.60859375 0.8694444444444445 0.63203125 0.8694444444444445
0 0.67421875 0.8375 0.65 0.8375 0.65 0.8833333333333333 0.67421875 0.8833333333333333
0 0.6578125 0.7000000000000002 0.62265625 0.7000000000000002 0.62265625 0.7736111111111111 0.6578125 0.7736111111111111
0 0.66953125 0.7791666666666667 0.64453125 0.7791666666666667 0.64453125 0.8305555555555556 0.66953125 0.8305555555555556
0 0.69765625 0.7902777777777777 0.671875 0.7902777777777777 0.671875 0.85 0.69765625 0.85
0 0.75234375 0.7930555555555558 0.73203125 0.7930555555555558 0.73203125 0.8513888888888892 0.75234375 0.8513888888888892
0 0.6984375 0.7166666666666667 0.66953125 0.7166666666666667 0.66953125 0.7916666666666666 0.6984375 0.7916666666666666
0 0.75078125 0.7236111111111113 0.721875 0.7236111111111111 0.721875 0.7819444444444446 0.75078125 0.7819444444444448
0 0.79375 0.7444444444444448 0.7703125 0.7444444444444448 0.7703125 0.7888888888888892 0.79375 0.7888888888888892
0 0.8109375 0.6930555555555558 0.7859375 0.6930555555555558 0.7859375 0.7486111111111114 0.8109375 0.7486111111111114
0 0.78828125 0.651388888888889 0.759375 0.651388888888889 0.759375 0.7180555555555559 0.78828125 0.7180555555555559
0 0.8296875 0.7250000000000003 0.80625 0.7250000000000003 0.80625 0.7805555555555559 0.8296875 0.7805555555555559
