0 0.2375 0.31111111111111117 0.1953125 0.31111111111111117 0.19531250000000003 0.38333333333333336 0.2375 0.38333333333333336
0 0.296875 0.25555555555555565 0.259375 0.25555555555555565 0.259375 0.32500000000000007 0.296875 0.32500000000000007
0 0.3609375 0.26944444444444454 0.32265625 0.26944444444444454 0.32265625 0.3430555555555556 0.3609375 0.3430555555555556
0 0.32421875 0.33055555555555566 0.2890625 0.33055555555555566 0.2890625 0.4027777777777778 0.32421875 0.4027777777777778
0 0.39140625 0.3208333333333334 0.3609375 0.3208333333333334 0.3609375 0.3958333333333334 0.39140625 0.3958333333333335
0 0.48046875 0.38472222222222235 0.434375 0.38472222222222235 0.434375 0.47916666666666685 0.48046875 0.47916666666666685
0 0.440625 0.12777777777777785 0.4140625 0.12777777777777785 0.4140625 0.1833333333333334 0.440625 0.1833333333333334
0 0.49296875 0.14305555555555569 0.47578125 0.14305555555555569 0.47578125 0.176388888888889 0.49296875 0.176388888888889
0 0.4890625 0.16805555555555568 0.46640625 0.16805555555555568 0.46640625 0.21666666666666676 0.4890625 0.21666666666666676
0 0.52578125 0.14583333333333345 0.5 0.14583333333333345 0.5 0.20277777777777786 0.52578125 0.20277777777777786
0 0.53671875 0.21250000000000008 0.5140625 0.21250000000000008 0.5140625 0.2666666666666667 0.53671875 0.2666666666666667
0 0.534375 0.13194444444444456 0.515625 0.13194444444444456 0.515625 0.17083333333333345 0.534375 0.17083333333333345
0 0.58515625 0.15555555555555567 0.56328125 0.15555555555555567 0.56328125 0.19722222222222238 0.58515625 0.19722222222222238
0 0.58828125 0.18611111111111128 0.5578125 0.18611111111111128 0.5578125 0.24722222222222237 0.58828125 0.24722222222222237
0 0.625 0.20833333333333348 0.5953125 0.20833333333333348 0.5953125 0.26527777777777795 0.625 0.26527777777777795
0 0.6453125 0.15138888888888902 0.6234375 0.15138888888888902 0.6234375 0.19722222222222238 0.6453125 0.19722222222222238
0 0.68671875 0.13888888888888903 0.66484375 0.13888888888888903 0.66484375 0.1819444444444446 0.68671875 0.1819444444444446
0 0.66015625 0.2458333333333335 0.6328125 0.2458333333333335 0.6328125 0.3083333333333335 0.66015625 0.3083333333333335
0 0.6796875 0.19166666666666682 0.65703125 0.19166666666666682 0.65703125 0.24027777777777792 0.6796875 0.24027777777777792
0 0.70859375 0.17638888888888904 0.68515625 0.17638888888888904 0.68515625 0.2333333333333335 0.70859375 0.2333333333333335
0 0.75625 0.1722222222222224 0.7375 0.1722222222222224 0.7375 0.22916666666666682 0.75625 0.22916666666666682
0 0.70703125 0.24166666666666684 0.68125 0.24166666666666684 0.68125 0.31388888888888905 0.70703125 0.31388888888888905
0 0.75859375 0.25000000000000017 0.73203125 0.25000000000000017 0.73203125 0.3055555555555557 0.75859375 0.3055555555555557
0 0.80234375 0.24861111111111128 0.78046875 0.24861111111111128 0.78046875 0.2902777777777779 0.80234375 0.2902777777777779
0 0.81796875 0.29166666666666685 0.7953125 0.29166666666666685 0.7953125 0.3444444444444446 0.81796875 0.3444444444444446
0 0.80625 0.3180555555555557 0.7796875 0.3180555555555557 0.7796875 0.3819444444444446 0.80625 0.3819444444444446
0 0.83828125 0.2611111111111113 0.81640625 0.2611111111111113 0.81640625 0.31527777777777793 0.83828125 0.31527777777777793
