0 0.25703125 0.2486111111111112 0.21171875 0.2486111111111112 0.21171875 0.32500000000000007 0.25703125 0.32500000000000007
0 0.2921875 0.24027777777777787 0.2515625 0.24027777777777787 0.2515625 0.313888888888889 0.2921875 0.313888888888889
0 0.36875 0.23888888888888896 0.33359375 0.23888888888888896 0.33359375 0.30416666666666675 0.36875 0.30416666666666675
0 0.2875 0.34027777777777785 0.25625 0.34027777777777785 0.25625 0.4125 0.2875 0.4125
0 0.38046875 0.3000000000000001 0.346875 0.3000000000000001 0.346875 0.37916666666666676 0.38046875 0.3791666666666668
0 0.46640625 0.12916666666666676 0.4328125 0.12916666666666674 0.4328125 0.21527777777777785 0.46640625 0.21527777777777785
0 0.49765625 0.14722222222222234 0.4703125 0.14722222222222234 0.4703125 0.20555555555555563 0.49765625 0.20555555555555563
0 0.5296875 0.14722222222222234 0.5015625 0.14722222222222234 0.5015625 0.20694444444444451 0.5296875 0.20694444444444451
0 0.5484375 0.201388888888889 0.5125 0.20138888888888898 0.5125 0.276388888888889 0.5484375 0.2763888888888891
0 0.596875 0.176388888888889 0.58046875 0.176388888888889 0.58046875 0.2208333333333335 0.596875 0.2208333333333335
0 0.5875 0.18750000000000017 0.5578125 0.18750000000000017 0.5578125 0.24722222222222237 0.5875 0.24722222222222237
0 0.64140625 0.19166666666666682 0.60859375 0.19166666666666682 0.60859375 0.25833333333333347 0.64140625 0.25833333333333347
0 0.703125 0.22777777777777794 0.675 0.22777777777777794 0.675 0.29305555555555574 0.703125 0.29305555555555574
0 0.71484375 0.20277777777777795 0.69375 0.20277777777777795 0.69375 0.25277777777777793 0.71484375 0.25277777777777793
0 0.75546875 0.19444444444444461 0.73515625 0.19444444444444461 0.73515625 0.25277777777777793 0.75546875 0.25277777777777793
0 0.7828125 0.25000000000000017 0.75390625 0.25000000000000017 0.75390625 0.3083333333333335 0.7828125 0.3083333333333335
0 0.66953125 0.06250000000000014 0.64140625 0.06250000000000014 0.64140625 0.12083333333333349 0.66953125 0.12083333333333349
0 0.89453125 0.3875000000000002 0.86953125 0.3875000000000002 0.86953125 0.4430555555555557 0.89453125 0.4430555555555557
0 0.784375 0.31250000000000017 0.75546875 0.31250000000000017 0.75546875 0.3791666666666668 0.784375 0.3791666666666668
0 0.77578125 0.10416666666666682 0.7484375 0.10416666666666682 0.7484375 0.1680555555555557 0.77578125 0.1680555555555557
