0 0.25234375 0.2666666666666667 0.20859375 0.2666666666666667 0.20859375 0.34027777777777785 0.25234375 0.34027777777777785
0 0.28671875 0.25555555555555565 0.24765625 0.25555555555555565 0.24765625 0.32777777777777783 0.28671875 0.32777777777777783
0 0.36328125 0.2486111111111112 0.3296875 0.2486111111111112 0.3296875 0.31250000000000006 0.36328125 0.31250000000000006
0 0.284375 0.35555555555555557 0.25390625 0.35555555555555557 0.25390625 0.4263888888888889 0.284375 0.4263888888888889
0 0.3765625 0.3097222222222223 0.34453125 0.3097222222222223 0.34453125 0.38750000000000007 0.3765625 0.3875000000000002
0 0.459375 0.13194444444444453 0.42734375 0.13194444444444453 0.42734375 0.21666666666666676 0.459375 0.21666666666666676
0 0.490625 0.14861111111111122 0.4640625 0.14861111111111122 0.4640625 0.20555555555555563 0.490625 0.20555555555555563
0 0.52265625 0.14722222222222234 0.49609375 0.14722222222222234 0.49609375 0.20555555555555563 0.52265625 0.20555555555555563
0 0.54296875 0.20000000000000007 0.50859375 0.20000000000000007 0.50859375 0.2736111111111112 0.54296875 0.2736111111111112
0 0.590625 0.17222222222222233 0.575 0.17222222222222233 0.575 0.21527777777777793 0.590625 0.21527777777777793
0 0.58125 0.1833333333333335 0.55234375 0.1833333333333335 0.55234375 0.24166666666666684 0.58125 0.24166666666666684
0 0.63515625 0.18472222222222237 0.60390625 0.18472222222222237 0.60390625 0.25000000000000017 0.63515625 0.25000000000000017
0 0.69765625 0.2166666666666668 0.6703125 0.2166666666666668 0.6703125 0.2805555555555557 0.69765625 0.2805555555555557
0 0.709375 0.19027777777777793 0.6890625 0.19027777777777793 0.6890625 0.23888888888888904 0.709375 0.23888888888888904
0 0.75 0.18055555555555572 0.73046875 0.18055555555555572 0.73046875 0.23750000000000016 0.75 0.23750000000000016
0 0.778125 0.2333333333333335 0.75 0.2333333333333335 0.75 0.2902777777777779 0.778125 0.2902777777777779
0 0.6609375 0.05416666666666681 0.634375 0.05416666666666681 0.634375 0.11111111111111124 0.6609375 0.11111111111111127
0 0.8921875 0.3652777777777779 0.86875 0.3652777777777779 0.86875 0.4194444444444446 0.8921875 0.4194444444444446
0 0.78046875 0.2958333333333335 0.75234375 0.2958333333333335 0.75234375 0.36111111111111127 0.78046875 0.36111111111111127
0 0.76796875 0.08750000000000016 0.74140625 0.08750000000000016 0.74140625 0.15000000000000016 0.76796875 0.15000000000000016
