0 0.24765625 0.2847222222222223 0.20546875 0.2847222222222223 0.20546875 0.35555555555555557 0.24765625 0.35555555555555557
0 0.28203125 0.2708333333333334 0.24453125 0.2708333333333334 0.24453125 0.34027777777777785 0.28203125 0.34027777777777785
0 0.35859375 0.2597222222222223 0.32578125 0.2597222222222223 0.32578125 0.3208333333333334 0.35859375 0.3208333333333334
0 0.28125 0.36944444444444446 0.253125 0.36944444444444446 0.253125 0.4388888888888889 0.28125 0.4388888888888889
0 0.37265625 0.31805555555555565 0.3421875 0.31805555555555565 0.3421875 0.39444444444444454 0.37265625 0.3944444444444446
0 0.45234375 0.13750000000000007 0.421875 0.13750000000000007 0.421875 0.21944444444444453 0.45234375 0.21944444444444453
0 0.48359375 0.15138888888888902 0.45859375 0.15138888888888902 0.45859375 0.20694444444444451 0.48359375 0.20694444444444451
0 0.515625 0.14722222222222234 0.48984375 0.14722222222222234 0.48984375 0.20416666666666675 0.515625 0.20416666666666675
0 0.53671875 0.20000000000000007 0.50390625 0.20000000000000007 0.50390625 0.2708333333333334 0.53671875 0.2708333333333334
0 0.58359375 0.1666666666666668 0.56875 0.1666666666666668 0.56875 0.2097222222222224 0.58359375 0.2097222222222224
0 0.575 0.18055555555555572 0.54765625 0.18055555555555572 0.54765625 0.23750000000000016 0.575 0.23750000000000016
0 0.628125 0.17777777777777792 0.5984375 0.17777777777777792 0.5984375 0.24166666666666684 0.628125 0.24166666666666684
0 0.69140625 0.2069444444444446 0.665625 0.2069444444444446 0.665625 0.2680555555555557 0.69140625 0.2680555555555557
0 0.70234375 0.17916666666666684 0.68359375 0.17916666666666684 0.68359375 0.22638888888888906 0.70234375 0.22638888888888906
0 0.74296875 0.16666666666666682 0.72421875 0.16666666666666682 0.72421875 0.22222222222222238 0.74296875 0.22222222222222238
0 0.771875 0.21805555555555572 0.7453125 0.21805555555555572 0.7453125 0.27361111111111125 0.771875 0.27361111111111125
0 0.65234375 0.04583333333333347 0.6265625 0.04583333333333347 0.6265625 0.10138888888888903 0.65234375 0.10138888888888904
0 0.8890625 0.34166666666666684 0.86640625 0.34166666666666684 0.86640625 0.3944444444444446 0.8890625 0.3944444444444446
0 0.77578125 0.27916666666666684 0.74921875 0.27916666666666684 0.74921875 0.3444444444444446 0.77578125 0.3444444444444446
0 0.76015625 0.07361111111111127 0.734375 0.07361111111111127 0.734375 0.1333333333333335 0.76015625 0.1333333333333335
