0 0.80625 0.3319444444444446 0.76015625 0.3319444444444446 0.76015625 0.41111111111111126 0.80625 0.41111111111111126
0 0.76796875 0.31250000000000017 0.7265625 0.31250000000000017 0.7265625 0.38888888888888906 0.76796875 0.38888888888888906
0 0.6875 0.28750000000000014 0.6515625 0.28750000000000014 0.6515625 0.35555555555555574 0.6875 0.35555555555555574
0 0.75390625 0.41111111111111126 0.72109375 0.41111111111111126 0.72109375 0.48611111111111127 0.75390625 0.48611111111111127
0 0.6671875 0.3430555555555557 0.6328125 0.3430555555555557 0.6328125 0.42361111111111127 0.6671875 0.42361111111111127
0 0.59921875 0.14861111111111122 0.5640625 0.14861111111111122 0.5640625 0.23611111111111127 0.59921875 0.23611111111111127
0 0.56171875 0.15555555555555567 0.53359375 0.15555555555555567 0.53359375 0.2152777777777779 0.56171875 0.21527777777777793
0 0.53125 0.14722222222222234 0.50234375 0.14722222222222234 0.50234375 0.20833333333333343 0.53125 0.20833333333333343
0 0.5140625 0.19444444444444453 0.47734375 0.19444444444444453 0.47734375 0.2708333333333334 0.5140625 0.2708333333333334
0 0.4515625 0.15277777777777785 0.434375 0.15277777777777785 0.434375 0.19861111111111118 0.4515625 0.19861111111111118
0 0.471875 0.16944444444444454 0.440625 0.16944444444444454 0.440625 0.23055555555555562 0.471875 0.23055555555555562
0 0.42109375 0.15694444444444453 0.3875 0.15694444444444453 0.3875 0.2250000000000001 0.42109375 0.2250000000000001
0 0.35234375 0.1722222222222223 0.3234375 0.1722222222222223 0.3234375 0.23888888888888896 0.35234375 0.23888888888888896
0 0.33671875 0.14444444444444451 0.31484375 0.14444444444444451 0.31484375 0.19444444444444453 0.33671875 0.19444444444444453
0 0.296875 0.12361111111111119 0.275 0.12361111111111119 0.275 0.18194444444444452 0.296875 0.18194444444444452
0 0.2734375 0.1694444444444445 0.24296875 0.16944444444444448 0.24296875 0.23055555555555562 0.2734375 0.23055555555555562
0 0.4015625 0.02083333333333342 0.37265625 0.020833333333333412 0.37265625 0.08055555555555563 0.4015625 0.08055555555555563
0 0.1453125 0.2708333333333333 0.11953125 0.2708333333333333 0.11953125000000002 0.3277777777777778 0.14531250000000004 0.3277777777777778
0 0.26484375 0.23055555555555562 0.234375 0.23055555555555562 0.234375 0.2986111111111112 0.26484375 0.2986111111111112
0 0.2921875 0.02777777777777784 0.26328125 0.02777777777777784 0.26328125 0.09305555555555561 0.2921875 0.09305555555555564
