0 0.2453125 0.2708333333333334 0.209375 0.2708333333333334 0.209375 0.3486111111111112 0.2453125 0.3486111111111112
0 0.28203125 0.2708333333333334 0.24453125 0.2708333333333334 0.24453125 0.34027777777777785 0.28203125 0.34027777777777785
0 0.35859375 0.2597222222222223 0.32578125 0.2597222222222223 0.32578125 0.3208333333333334 0.35859375 0.3208333333333334
0 0.37265625 0.31805555555555565 0.3421875 0.31805555555555565 0.3421875 0.39444444444444454 0.37265625 0.3944444444444446
0 0.446875 0.13750000000000007 0.421875 0.13750000000000007 0.421875 0.20000000000000007 0.446875 0.20000000000000007
0 0.4765625 0.16666666666666677 0.4453125 0.16666666666666674 0.4453125 0.2361111111111112 0.4765625 0.2361111111111112
0 0.515625 0.14722222222222234 0.48984375 0.14722222222222234 0.48984375 0.20416666666666675 0.515625 0.20416666666666675
0 0.58359375 0.1666666666666668 0.56875 0.1666666666666668 0.56875 0.2097222222222224 0.58359375 0.2097222222222224
0 0.575 0.18055555555555572 0.54765625 0.18055555555555572 0.54765625 0.23750000000000016 0.575 0.23750000000000016
0 0.62421875 0.19722222222222238 0.59375 0.19722222222222238 0.59375 0.2611111111111113 0.62421875 0.2611111111111113
0 0.7109375 0.2680555555555557 0.68515625 0.2680555555555557 0.68515625 0.3305555555555557 0.7109375 0.3305555555555557
0 0.7 0.17916666666666684 0.68046875 0.17916666666666684 0.68046875 0.22638888888888906 0.7 0.22638888888888906
0 0.74609375 0.1680555555555557 0.728125 0.1680555555555557 0.728125 0.22361111111111126 0.74609375 0.22361111111111126
0 0.771875 0.21805555555555572 0.7453125 0.21805555555555572 0.7453125 0.27361111111111125 0.771875 0.27361111111111125
0 0.6578125 0.04722222222222236 0.61953125 0.04722222222222236 0.61953125 0.11250000000000014 0.6578125 0.11250000000000016
0 0.8890625 0.34166666666666684 0.86640625 0.34166666666666684 0.86640625 0.3944444444444446 0.8890625 0.3944444444444446
0 0.77578125 0.27916666666666684 0.74921875 0.27916666666666684 0.74921875 0.3444444444444446 0.77578125 0.3444444444444446
0 0.65546875 0.20000000000000015 0.63046875 0.20000000000000015 0.63046875 0.2611111111111113 0.65546875 0.2611111111111113
