0 0.7640625 0.7444444444444446 0.71875 0.7444444444444445 0.71875 0.8347222222222224 0.7640625 0.8347222222222226
0 0.72890625 0.7430555555555557 0.68359375 0.7430555555555556 0.68359375 0.8263888888888891 0.72890625 0.8263888888888892
0 0.646875 0.7430555555555556 0.60703125 0.7430555555555556 0.60703125 0.8166666666666667 0.646875 0.8166666666666667
0 0.64609375 0.6541666666666668 0.60703125 0.6541666666666668 0.60703125 0.7402777777777778 0.64609375 0.7402777777777778
0 0.5390625 0.8138888888888889 0.50625 0.8138888888888889 0.50625 0.8847222222222222 0.5390625 0.8847222222222222
0 0.5078125 0.7722222222222223 0.46875 0.7722222222222223 0.46875 0.8527777777777777 0.5078125 0.8527777777777777
0 0.46796875 0.7791666666666667 0.4359375 0.7791666666666667 0.4359375 0.8458333333333333 0.46796875 0.8458333333333333
0 0.39921875000000007 0.7583333333333333 0.3789062500000001 0.7583333333333333 0.3789062500000001 0.8055555555555556 0.39921875000000007 0.8055555555555556
0 0.4203125 0.7263888888888889 0.3859375000000001 0.7263888888888889 0.3859375000000001 0.7930555555555555 0.4203125 0.7930555555555555
0 0.3781250000000001 0.6833333333333335 0.34062500000000007 0.6833333333333333 0.34062500000000007 0.7569444444444444 0.3781250000000001 0.7569444444444444
0 0.31328125000000007 0.6416666666666667 0.28046875 0.6416666666666667 0.28046875000000004 0.7125 0.31328125000000007 0.7125
0 0.28984375000000007 0.6875 0.2648437500000001 0.6875 0.2648437500000001 0.7416666666666667 0.28984375000000007 0.7416666666666667
0 0.2429687500000001 0.6722222222222223 0.2179687500000001 0.6722222222222223 0.2179687500000001 0.7333333333333333 0.2429687500000001 0.7333333333333333
0 0.23281250000000003 0.6125 0.19921875000000006 0.6125 0.19921875000000006 0.6777777777777778 0.2328125000000001 0.6777777777777778
0 0.33671875000000007 0.8263888888888888 0.2960937500000001 0.8263888888888888 0.2960937500000001 0.8958333333333334 0.33671875000000007 0.8958333333333334
0 0.12968750000000004 0.4486111111111111 0.10078125000000004 0.4486111111111111 0.10078125000000004 0.5083333333333333 0.12968750000000004 0.5083333333333333
0 0.24453125 0.55 0.21015625 0.55 0.21015625 0.6236111111111111 0.24453125 0.6236111111111111
0 0.26640625000000007 0.7791666666666667 0.23437500000000008 0.7791666666666667 0.23437500000000008 0.8486111111111111 0.26640625000000007 0.8486111111111111
