0 0.28203125 0.1666666666666667 0.23671875 0.1666666666666667 0.23671875 0.25694444444444453 0.28203125 0.25694444444444453
0 0.31640625 0.17361111111111116 0.27109375 0.17361111111111116 0.27109375 0.25694444444444453 0.31640625 0.25694444444444453
0 0.39296875 0.1847222222222223 0.353125 0.1847222222222223 0.353125 0.2583333333333334 0.39296875 0.2583333333333334
0 0.39375 0.2611111111111112 0.3546875 0.2611111111111112 0.3546875 0.3472222222222223 0.39375 0.3472222222222223
0 0.53125 0.13472222222222235 0.4921875 0.13472222222222235 0.4921875 0.21527777777777785 0.53125 0.21527777777777785
0 0.5640625 0.15555555555555567 0.53203125 0.15555555555555567 0.53203125 0.22222222222222235 0.5640625 0.22222222222222238
0 0.62734375 0.176388888888889 0.59765625 0.176388888888889 0.59765625 0.23888888888888904 0.62734375 0.23888888888888904
0 0.61015625 0.21805555555555572 0.57578125 0.21805555555555572 0.57578125 0.2847222222222224 0.61015625 0.2847222222222224
0 0.659375 0.24305555555555572 0.621875 0.24305555555555572 0.621875 0.3166666666666668 0.659375 0.3166666666666668
0 0.70546875 0.3097222222222224 0.66953125 0.3097222222222224 0.66953125 0.38472222222222235 0.70546875 0.38472222222222235
0 0.73515625 0.25833333333333347 0.71015625 0.25833333333333347 0.71015625 0.31250000000000017 0.73515625 0.31250000000000017
0 0.74609375 0.30138888888888904 0.71484375 0.30138888888888904 0.71484375 0.3694444444444446 0.74609375 0.3694444444444446
0 0.89921875 0.4930555555555557 0.8703125 0.4930555555555557 0.8703125 0.5527777777777779 0.89921875 0.5527777777777779