0 0.809375 0.5361111111111113 0.76484375 0.5361111111111113 0.76484375 0.626388888888889 0.809375 0.626388888888889
0 0.77734375 0.5625000000000001 0.73203125 0.5625000000000001 0.73203125 0.6444444444444446 0.77734375 0.6444444444444446
0 0.7015625 0.6222222222222223 0.6625 0.6222222222222223 0.6625 0.6944444444444446 0.7015625 0.6944444444444446
0 0.68046875 0.5416666666666669 0.6421875 0.5416666666666669 0.6421875 0.626388888888889 0.68046875 0.626388888888889
0 0.58671875 0.7652777777777777 0.5484375 0.7652777777777777 0.5484375 0.8444444444444444 0.58671875 0.8444444444444444
0 0.546875 0.7861111111111111 0.51484375 0.7861111111111111 0.51484375 0.8513888888888889 0.546875 0.8513888888888889
0 0.48359375 0.8194444444444444 0.45390625 0.8194444444444444 0.45390625 0.8805555555555555 0.48359375 0.8805555555555555
0 0.4921875 0.7625 0.45859375 0.7625 0.45859375 0.8277777777777777 0.4921875 0.8277777777777777
0 0.44375 0.7694444444444445 0.40703125 0.7694444444444445 0.40703125 0.8430555555555556 0.44375 0.8430555555555556
0 0.3851562500000001 0.7416666666666667 0.3492187500000001 0.7416666666666667 0.3492187500000001 0.8166666666666667 0.3851562500000001 0.8166666666666667
0 0.3617187500000001 0.8361111111111111 0.3375000000000001 0.8361111111111111 0.3375000000000001 0.8888888888888888 0.3617187500000001 0.8888888888888888
0 0.3460937500000001 0.7902777777777777 0.3148437500000001 0.7902777777777777 0.3148437500000001 0.8569444444444444 0.3460937500000001 0.8569444444444444
0 0.16015625000000006 0.7388888888888889 0.13203125000000004 0.7388888888888889 0.13203125000000004 0.7986111111111112 0.16015625000000006 0.7986111111111112