0 0.80625 0.32083333333333347 0.76328125 0.32083333333333347 0.76328125 0.3930555555555557 0.80625 0.3930555555555557
0 0.74296875 0.2625000000000002 0.7046875 0.2625000000000002 0.7046875 0.3333333333333335 0.74296875 0.3333333333333335
0 0.6796875 0.27361111111111125 0.64140625 0.27361111111111125 0.64140625 0.34861111111111126 0.6796875 0.34861111111111126
0 0.7125 0.33611111111111125 0.6765625 0.33611111111111125 0.6765625 0.4097222222222224 0.7125 0.4097222222222224
0 0.64140625 0.3250000000000002 0.61015625 0.3250000000000002 0.61015625 0.4013888888888891 0.64140625 0.4013888888888891
0 0.5671875 0.3861111111111113 0.51953125 0.3861111111111113 0.51953125 0.4819444444444446 0.5671875 0.4819444444444446
0 0.58984375 0.1291666666666668 0.5625 0.1291666666666668 0.5625 0.18611111111111128 0.58984375 0.18611111111111128
0 0.52734375 0.14444444444444457 0.51015625 0.14444444444444457 0.51015625 0.17777777777777787 0.52734375 0.17777777777777787
0 0.5375 0.16944444444444456 0.5140625 0.16944444444444456 0.5140625 0.21805555555555564 0.5375 0.21805555555555564
0 0.50390625 0.14444444444444457 0.47734375 0.14444444444444457 0.47734375 0.20277777777777786 0.50390625 0.20277777777777786
0 0.4890625 0.21250000000000008 0.465625 0.21250000000000008 0.465625 0.2666666666666667 0.4890625 0.2666666666666667
0 0.48828125 0.13194444444444456 0.46953125 0.13194444444444456 0.46953125 0.17083333333333345 0.48828125 0.17083333333333345
0 0.43984375 0.15277777777777785 0.41796875 0.15277777777777785 0.41796875 0.19444444444444453 0.43984375 0.19444444444444453
0 0.4453125 0.1847222222222223 0.4140625 0.1847222222222223 0.4140625 0.2472222222222223 0.4453125 0.2472222222222223
0 0.4078125 0.20555555555555563 0.37734375 0.20555555555555563 0.37734375 0.26250000000000007 0.4078125 0.26250000000000007
0 0.38046875 0.1472222222222223 0.3578125 0.1472222222222223 0.3578125 0.19305555555555565 0.38046875 0.19305555555555565
0 0.3390625 0.1347222222222223 0.31640625 0.1347222222222223 0.31640625 0.17777777777777787 0.3390625 0.17777777777777787
0 0.36953125 0.24166666666666675 0.3421875 0.24166666666666675 0.3421875 0.30416666666666675 0.36953125 0.30416666666666675
0 0.34609375 0.1861111111111112 0.32265625 0.1861111111111112 0.32265625 0.2361111111111112 0.34609375 0.2361111111111112
0 0.31796875 0.16944444444444454 0.29375 0.16944444444444454 0.29375 0.22777777777777786 0.31796875 0.22777777777777786
0 0.265625 0.16527777777777783 0.246875 0.16527777777777783 0.246875 0.2222222222222223 0.265625 0.2222222222222223
0 0.32109375 0.2347222222222223 0.29453125 0.2347222222222223 0.29453125 0.3083333333333334 0.32109375 0.3083333333333334
0 0.2703125 0.24166666666666675 0.24296875 0.24166666666666675 0.24296875 0.2986111111111112 0.2703125 0.2986111111111112
0 0.221875 0.24027777777777787 0.19921875 0.24027777777777787 0.19921875 0.2819444444444445 0.221875 0.2819444444444445
0 0.20703125 0.2819444444444445 0.18359375 0.2819444444444445 0.18359375000000003 0.3347222222222223 0.20703125 0.3347222222222223
0 0.22265625 0.3083333333333334 0.1953125 0.3083333333333334 0.19531250000000003 0.3736111111111111 0.22265625 0.3736111111111111
0 0.1859375 0.25138888888888894 0.1640625 0.2513888888888889 0.1640625 0.3055555555555556 0.1859375 0.30555555555555564
