0 0.25390625 0.20138888888888898 0.215625 0.20138888888888898 0.215625 0.2805555555555556 0.25390625 0.2805555555555556
0 0.3296875 0.1847222222222223 0.2953125 0.1847222222222223 0.2953125 0.251388888888889 0.3296875 0.251388888888889
0 0.38203125 0.2111111111111112 0.34375 0.2111111111111112 0.34375 0.2861111111111112 0.38203125 0.2861111111111112
0 0.34609375 0.26250000000000007 0.30390625 0.26250000000000007 0.30390625 0.34583333333333344 0.34609375 0.34583333333333344
0 0.4125 0.27777777777777785 0.37421875 0.27777777777777785 0.37421875 0.36250000000000016 0.4125 0.36250000000000016
0 0.4875 0.37500000000000017 0.43203125 0.37500000000000017 0.43203125 0.4833333333333335 0.4875 0.4833333333333335
0 0.48046875 0.11111111111111123 0.45390625 0.11111111111111123 0.45390625 0.16944444444444456 0.48046875 0.16944444444444456
0 0.52109375 0.1250000000000001 0.50078125 0.1250000000000001 0.50078125 0.16250000000000012 0.52109375 0.16250000000000012
0 0.51484375 0.1500000000000001 0.4875 0.1500000000000001 0.4875 0.20555555555555563 0.51484375 0.20555555555555563
0 0.56328125 0.15138888888888902 0.53203125 0.15138888888888902 0.53203125 0.21666666666666679 0.56328125 0.2166666666666668
0 0.56640625 0.22500000000000012 0.53828125 0.2250000000000001 0.53828125 0.2847222222222223 0.56640625 0.2847222222222224
0 0.5734375 0.14444444444444457 0.55078125 0.14444444444444457 0.55078125 0.18888888888888905 0.5734375 0.18888888888888905
0 0.62109375 0.1833333333333335 0.5953125 0.1833333333333335 0.5953125 0.2305555555555557 0.62109375 0.2305555555555557
0 0.61875 0.21250000000000016 0.584375 0.21250000000000016 0.584375 0.27500000000000013 0.61875 0.27500000000000013
0 0.65390625 0.24722222222222237 0.61875 0.24722222222222237 0.61875 0.31250000000000017 0.65390625 0.31250000000000017
0 0.68046875 0.19861111111111127 0.65390625 0.19861111111111127 0.65390625 0.25138888888888905 0.68046875 0.25138888888888905
0 0.72265625 0.20138888888888903 0.69609375 0.20138888888888903 0.69609375 0.25138888888888905 0.72265625 0.25138888888888905
0 0.68125 0.2958333333333335 0.6484375 0.2958333333333335 0.6484375 0.3652777777777779 0.68125 0.3652777777777779
0 0.71015625 0.25000000000000017 0.6828125 0.25000000000000017 0.6828125 0.3055555555555557 0.71015625 0.3055555555555557
0 0.74296875 0.25277777777777793 0.71328125 0.25277777777777793 0.71328125 0.3166666666666668 0.74296875 0.3166666666666668
0 0.7875 0.2694444444444446 0.76328125 0.2694444444444446 0.76328125 0.3305555555555557 0.7875 0.3305555555555557
0 0.73125 0.3083333333333335 0.69765625 0.3083333333333335 0.69765625 0.38888888888888906 0.73125 0.38888888888888906
0 0.78125 0.3333333333333335 0.7484375 0.3333333333333335 0.7484375 0.39722222222222237 0.78125 0.39722222222222237
0 0.8328125 0.35138888888888903 0.80703125 0.35138888888888903 0.80703125 0.39861111111111125 0.8328125 0.39861111111111125
0 0.834375 0.3958333333333335 0.80625 0.3958333333333335 0.80625 0.4555555555555557 0.834375 0.4555555555555557
0 0.81015625 0.4152777777777779 0.7828125 0.4152777777777779 0.7828125 0.48888888888888904 0.81015625 0.48888888888888904
0 0.86015625 0.3736111111111113 0.8296875 0.3736111111111113 0.8296875 0.4430555555555557 0.86015625 0.4430555555555557
