0 0.21796875 0.4152777777777778 0.17812500000000003 0.4152777777777778 0.17812500000000003 0.49583333333333335 0.21796875 0.49583333333333335
0 0.28203125 0.3444444444444445 0.246875 0.3444444444444445 0.246875 0.4125 0.28203125 0.4125
0 0.3375 0.33055555555555566 0.29765625 0.33055555555555566 0.29765625 0.40694444444444444 0.3375 0.40694444444444444
0 0.3171875 0.40555555555555556 0.2734375 0.40555555555555556 0.2734375 0.49027777777777776 0.3171875 0.49027777777777776
0 0.38046875 0.3694444444444445 0.34140625 0.36944444444444446 0.34140625 0.45555555555555566 0.38046875 0.4555555555555557
0 0.47578125 0.4097222222222224 0.41875 0.4097222222222224 0.41875 0.5194444444444446 0.47578125 0.5194444444444446
0 0.4015625 0.16527777777777786 0.37421875 0.16527777777777786 0.37421875 0.2250000000000001 0.4015625 0.2250000000000001
0 0.43828125 0.1472222222222223 0.41796875 0.1472222222222223 0.41796875 0.1861111111111112 0.43828125 0.1861111111111112
0 0.44140625 0.17777777777777787 0.41328125 0.17777777777777787 0.41328125 0.23333333333333342 0.44140625 0.23333333333333342
0 0.4875 0.14444444444444457 0.45546875 0.14444444444444457 0.45546875 0.2111111111111112 0.4875 0.2111111111111112
0 0.50625 0.20833333333333343 0.47734375 0.20833333333333343 0.47734375 0.26944444444444454 0.50625 0.26944444444444454
0 0.49140625 0.1277777777777779 0.46875 0.1277777777777779 0.46875 0.17361111111111122 0.49140625 0.17361111111111122
0 0.54453125 0.13055555555555567 0.51875 0.13055555555555567 0.51875 0.17916666666666678 0.54453125 0.17916666666666684
0 0.5515625 0.16111111111111123 0.51640625 0.16111111111111123 0.51640625 0.22500000000000012 0.5515625 0.22500000000000014
0 0.5921875 0.1666666666666668 0.55625 0.1666666666666668 0.55625 0.2333333333333335 0.5921875 0.2333333333333335
0 0.603125 0.1027777777777779 0.57578125 0.1027777777777779 0.57578125 0.15555555555555567 0.603125 0.15555555555555567
0 0.6421875 0.07500000000000014 0.61484375 0.07500000000000014 0.61484375 0.12500000000000014 0.6421875 0.12500000000000017
0 0.628125 0.19027777777777793 0.59453125 0.19027777777777793 0.59453125 0.2611111111111113 0.628125 0.2611111111111113
0 0.6421875 0.1277777777777779 0.6140625 0.1277777777777779 0.6140625 0.18472222222222237 0.6421875 0.18472222222222237
0 0.67421875 0.10555555555555571 0.64375 0.10555555555555571 0.64375 0.1708333333333335 0.67421875 0.1708333333333335
0 0.71796875 0.08888888888888904 0.69296875 0.08888888888888904 0.69296875 0.15000000000000016 0.71796875 0.15000000000000016
0 0.67890625 0.16527777777777794 0.64453125 0.16527777777777794 0.64453125 0.2458333333333335 0.67890625 0.2458333333333335
0 0.728125 0.15277777777777793 0.69453125 0.15277777777777793 0.69453125 0.21805555555555572 0.728125 0.21805555555555572
0 0.77734375 0.1305555555555557 0.75078125 0.1305555555555557 0.75078125 0.17916666666666684 0.77734375 0.17916666666666684
0 0.78984375 0.1708333333333335 0.7609375 0.1708333333333335 0.7609375 0.2305555555555557 0.78984375 0.2305555555555557
0 0.77421875 0.20416666666666683 0.7453125 0.20416666666666683 0.7453125 0.27916666666666684 0.77421875 0.27916666666666684
0 0.81015625 0.13194444444444461 0.778125 0.13194444444444461 0.778125 0.20138888888888903 0.81015625 0.20138888888888903
