0 0.22734375 0.3000000000000001 0.1953125 0.3000000000000001 0.19531250000000003 0.36944444444444446 0.22734375 0.36944444444444446
0 0.3 0.25694444444444453 0.271875 0.25694444444444453 0.271875 0.31666666666666676 0.3 0.31666666666666676
0 0.3546875 0.2666666666666667 0.32265625 0.2666666666666667 0.32265625 0.33194444444444454 0.3546875 0.33194444444444454
0 0.32421875 0.33055555555555566 0.2890625 0.33055555555555566 0.2890625 0.4027777777777778 0.32421875 0.4027777777777778
0 0.39140625 0.3208333333333334 0.3609375 0.3208333333333334 0.3609375 0.3958333333333334 0.39140625 0.3958333333333335
0 0.47578125 0.3958333333333335 0.4296875 0.3958333333333335 0.4296875 0.4902777777777779 0.47578125 0.4902777777777779
0 0.43984375 0.13055555555555565 0.41875 0.13055555555555565 0.41875 0.1833333333333334 0.43984375 0.1833333333333334
0 0.48046875 0.13055555555555567 0.46328125 0.13055555555555567 0.46328125 0.16250000000000012 0.48046875 0.16250000000000012
0 0.478125 0.15972222222222235 0.4546875 0.15972222222222235 0.4546875 0.20694444444444451 0.478125 0.20694444444444451
0 0.52578125 0.14583333333333345 0.5 0.14583333333333345 0.5 0.20277777777777786 0.52578125 0.20277777777777786
0 0.53671875 0.21527777777777785 0.5140625 0.21527777777777785 0.5140625 0.26805555555555566 0.53671875 0.26805555555555566
0 0.534375 0.13194444444444456 0.515625 0.13194444444444456 0.515625 0.17083333333333345 0.534375 0.17083333333333345
0 0.58515625 0.15555555555555567 0.56328125 0.15555555555555567 0.56328125 0.19722222222222238 0.58515625 0.19722222222222238
0 0.58671875 0.18611111111111128 0.5578125 0.18611111111111128 0.5578125 0.24027777777777792 0.58671875 0.24027777777777792
0 0.625 0.20833333333333348 0.5953125 0.20833333333333348 0.5953125 0.26527777777777795 0.625 0.26527777777777795
0 0.6453125 0.15138888888888902 0.6234375 0.15138888888888902 0.6234375 0.19722222222222238 0.6453125 0.19722222222222238
0 0.68671875 0.13888888888888903 0.66484375 0.13888888888888903 0.66484375 0.1819444444444446 0.68671875 0.1819444444444446
0 0.65625 0.2458333333333335 0.6296875 0.2458333333333335 0.6296875 0.3083333333333335 0.65625 0.3083333333333335
0 0.6796875 0.19166666666666682 0.65703125 0.19166666666666682 0.65703125 0.24027777777777792 0.6796875 0.24027777777777792
0 0.7125 0.1819444444444446 0.6890625 0.1819444444444446 0.6890625 0.23888888888888904 0.7125 0.23888888888888904
0 0.7578125 0.1833333333333335 0.7390625 0.1833333333333335 0.7390625 0.23888888888888904 0.7578125 0.23888888888888904
0 0.70703125 0.24166666666666684 0.68125 0.24166666666666684 0.68125 0.31388888888888905 0.70703125 0.31388888888888905
0 0.75859375 0.25000000000000017 0.73203125 0.25000000000000017 0.73203125 0.3055555555555557 0.75859375 0.3055555555555557
0 0.81171875 0.24861111111111128 0.78984375 0.24861111111111128 0.78984375 0.2902777777777779 0.81171875 0.2902777777777779
0 0.81796875 0.29166666666666685 0.7953125 0.29166666666666685 0.7953125 0.3444444444444446 0.81796875 0.3444444444444446
0 0.79609375 0.3180555555555557 0.77578125 0.3180555555555557 0.77578125 0.3861111111111113 0.79609375 0.3861111111111113
0 0.840625 0.2611111111111113 0.81640625 0.2611111111111113 0.81640625 0.3236111111111113 0.840625 0.3236111111111113
