0 0.2484375 0.21805555555555564 0.2109375 0.21805555555555564 0.2109375 0.2958333333333334 0.2484375 0.2958333333333334
0 0.32421875 0.1972222222222223 0.29140625 0.1972222222222223 0.29140625 0.26250000000000007 0.32421875 0.26250000000000007
0 0.3796875 0.20416666666666675 0.3421875 0.20416666666666675 0.3421875 0.27777777777777785 0.3796875 0.27777777777777785
0 0.3421875 0.2736111111111112 0.30078125 0.2736111111111112 0.30078125 0.35555555555555557 0.3421875 0.35555555555555557
0 0.41796875 0.27777777777777785 0.38125 0.27777777777777785 0.38125 0.36111111111111127 0.41796875 0.36111111111111127
0 0.4859375 0.3791666666666668 0.43203125 0.3791666666666668 0.43203125 0.4847222222222224 0.4859375 0.4847222222222224
0 0.4734375 0.1125000000000001 0.44765625 0.11250000000000007 0.44765625 0.17083333333333342 0.4734375 0.17083333333333345
0 0.5203125 0.1250000000000001 0.4921875 0.1250000000000001 0.4921875 0.1847222222222223 0.5203125 0.1847222222222223
0 0.525 0.1847222222222223 0.4984375 0.1847222222222223 0.4984375 0.23888888888888896 0.525 0.23888888888888896
0 0.5578125 0.16250000000000012 0.52890625 0.16250000000000012 0.52890625 0.22222222222222235 0.5578125 0.22222222222222238
0 0.5828125 0.24166666666666684 0.55546875 0.24166666666666684 0.55546875 0.30138888888888904 0.5828125 0.30138888888888904
0 0.57265625 0.14583333333333345 0.55078125 0.14583333333333345 0.55078125 0.18888888888888905 0.57265625 0.18888888888888905
0 0.61484375 0.17777777777777792 0.58984375 0.17777777777777792 0.58984375 0.22500000000000014 0.61484375 0.22500000000000014
0 0.6125 0.2097222222222224 0.5796875 0.2097222222222224 0.5796875 0.2708333333333335 0.6125 0.2708333333333335
0 0.64453125 0.2305555555555557 0.61015625 0.2305555555555557 0.61015625 0.2944444444444446 0.64453125 0.2944444444444446
0 0.67421875 0.19027777777777793 0.6484375 0.19027777777777793 0.6484375 0.24166666666666684 0.67421875 0.24166666666666684
0 0.71640625 0.19027777777777793 0.690625 0.19027777777777793 0.690625 0.23888888888888904 0.71640625 0.23888888888888904
0 0.6828125 0.29166666666666685 0.65078125 0.29166666666666685 0.65078125 0.3597222222222224 0.6828125 0.3597222222222224
0 0.7046875 0.23888888888888904 0.678125 0.23888888888888904 0.678125 0.29305555555555574 0.7046875 0.29305555555555574
0 0.73828125 0.23888888888888904 0.71015625 0.23888888888888904 0.71015625 0.30138888888888904 0.73828125 0.30138888888888904
0 0.78828125 0.2541666666666668 0.76015625 0.2541666666666668 0.76015625 0.3111111111111113 0.78828125 0.3111111111111113
0 0.72734375 0.2958333333333335 0.6953125 0.2958333333333335 0.6953125 0.37500000000000017 0.72734375 0.37500000000000017
0 0.775 0.31250000000000017 0.74375 0.31250000000000017 0.74375 0.37500000000000017 0.775 0.37500000000000017
0 0.82578125 0.3180555555555557 0.7984375 0.3180555555555557 0.7984375 0.3736111111111113 0.82578125 0.3736111111111113
0 0.8328125 0.37638888888888905 0.80546875 0.37638888888888905 0.80546875 0.4347222222222224 0.8328125 0.4347222222222224
0 0.80859375 0.4277777777777779 0.7828125 0.4277777777777779 0.7828125 0.48055555555555574 0.80859375 0.48055555555555574
0 0.85546875 0.3527777777777779 0.82890625 0.3527777777777779 0.82890625 0.4152777777777779 0.85546875 0.4152777777777779
