0 0.221875 0.3444444444444445 0.18671875000000004 0.3444444444444445 0.18671875000000004 0.41805555555555557 0.221875 0.41805555555555557
0 0.2921875 0.29027777777777786 0.2609375 0.29027777777777786 0.2609375 0.35277777777777786 0.2921875 0.35277777777777786
0 0.34765625 0.27777777777777785 0.3125 0.27777777777777785 0.3125 0.3486111111111112 0.34765625 0.3486111111111112
0 0.3203125 0.35833333333333334 0.28203125 0.35833333333333334 0.28203125 0.4361111111111111 0.3203125 0.4361111111111111
0 0.39453125 0.31944444444444453 0.36015625 0.31944444444444453 0.36015625 0.4000000000000001 0.39453125 0.40000000000000013
0 0.471875 0.40000000000000013 0.42109375 0.40000000000000013 0.42109375 0.5000000000000001 0.471875 0.5000000000000001
0 0.425 0.14166666666666675 0.40078125 0.14166666666666675 0.40078125 0.1972222222222223 0.425 0.1972222222222223
0 0.471875 0.13333333333333344 0.44609375 0.13333333333333341 0.44609375 0.19027777777777785 0.471875 0.19027777777777785
0 0.48671875 0.19305555555555565 0.4578125 0.19305555555555565 0.4578125 0.251388888888889 0.48671875 0.251388888888889
0 0.51640625 0.15555555555555567 0.4890625 0.15555555555555567 0.4890625 0.21388888888888896 0.51640625 0.21388888888888896
0 0.54921875 0.22083333333333346 0.52421875 0.2208333333333334 0.52421875 0.2777777777777779 0.54921875 0.27777777777777796
0 0.525 0.1291666666666668 0.5046875 0.1291666666666668 0.5046875 0.17083333333333345 0.525 0.17083333333333345
0 0.5703125 0.14444444444444457 0.546875 0.14444444444444457 0.546875 0.18888888888888905 0.5703125 0.18888888888888905
0 0.5734375 0.1777777777777779 0.5421875 0.17777777777777787 0.5421875 0.23611111111111122 0.5734375 0.23611111111111127
0 0.60625 0.1833333333333335 0.58046875 0.1833333333333335 0.58046875 0.24027777777777792 0.60625 0.24027777777777792
0 0.6296875 0.13055555555555567 0.60546875 0.13055555555555567 0.60546875 0.17916666666666684 0.6296875 0.17916666666666684
0 0.6703125 0.11250000000000016 0.64609375 0.11250000000000016 0.64609375 0.1583333333333335 0.6703125 0.1583333333333335
0 0.66171875 0.2305555555555557 0.63203125 0.2305555555555557 0.63203125 0.2958333333333335 0.66171875 0.2958333333333335
0 0.66640625 0.16388888888888906 0.64140625 0.16388888888888906 0.64140625 0.2166666666666668 0.66640625 0.2166666666666668
0 0.69921875 0.15000000000000016 0.67265625 0.15000000000000016 0.67265625 0.21111111111111128 0.69921875 0.21111111111111128
0 0.746875 0.1430555555555557 0.72265625 0.1430555555555557 0.72265625 0.19722222222222238 0.746875 0.19722222222222238
0 0.696875 0.21111111111111128 0.66796875 0.21111111111111128 0.66796875 0.27500000000000013 0.696875 0.27500000000000013
0 0.7453125 0.2069444444444446 0.715625 0.2069444444444446 0.715625 0.26666666666666683 0.7453125 0.26666666666666683
0 0.80078125 0.19027777777777793 0.775 0.19027777777777793 0.775 0.24305555555555572 0.80078125 0.24305555555555572
0 0.80859375 0.24305555555555572 0.78359375 0.24305555555555572 0.78359375 0.29861111111111127 0.80859375 0.29861111111111127
0 0.7921875 0.3041666666666668 0.76796875 0.3041666666666668 0.76796875 0.35416666666666685 0.7921875 0.35416666666666685
0 0.828125 0.21111111111111128 0.80390625 0.21111111111111128 0.80390625 0.2708333333333335 0.828125 0.2708333333333335
