0 0.22265625 0.3347222222222223 0.18828125000000004 0.3347222222222223 0.18828125000000004 0.4083333333333333 0.22265625 0.4083333333333333
0 0.29375 0.28333333333333344 0.26328125 0.28333333333333344 0.26328125 0.34583333333333344 0.29375 0.34583333333333344
0 0.34921875 0.2736111111111112 0.31484375 0.2736111111111112 0.31484375 0.3430555555555556 0.34921875 0.3430555555555556
0 0.32109375 0.35277777777777786 0.2828125 0.35277777777777786 0.2828125 0.42916666666666664 0.32109375 0.42916666666666664
0 0.3953125 0.3152777777777779 0.36171875 0.3152777777777779 0.36171875 0.39444444444444454 0.3953125 0.3944444444444446
0 0.471875 0.39861111111111125 0.421875 0.39861111111111125 0.421875 0.4986111111111113 0.471875 0.4986111111111113
0 0.428125 0.13888888888888898 0.4046875 0.13888888888888898 0.4046875 0.19444444444444453 0.428125 0.19444444444444453
0 0.475 0.13333333333333344 0.44921875 0.13333333333333341 0.44921875 0.18888888888888897 0.475 0.18888888888888897
0 0.4890625 0.19166666666666674 0.4609375 0.19166666666666674 0.4609375 0.25000000000000006 0.4890625 0.25000000000000006
0 0.51875 0.15694444444444455 0.4921875 0.15694444444444455 0.4921875 0.21388888888888896 0.51875 0.21388888888888896
0 0.5515625 0.22222222222222235 0.5265625 0.2222222222222223 0.5265625 0.2777777777777779 0.5515625 0.27777777777777796
0 0.528125 0.13055555555555567 0.5078125 0.13055555555555567 0.5078125 0.17222222222222233 0.528125 0.17222222222222233
0 0.57265625 0.14583333333333345 0.55 0.14583333333333345 0.55 0.19027777777777793 0.57265625 0.19027777777777793
0 0.57578125 0.17916666666666684 0.5453125 0.17916666666666684 0.5453125 0.23611111111111127 0.57578125 0.23611111111111127
0 0.60859375 0.18750000000000017 0.58359375 0.18750000000000017 0.58359375 0.24305555555555572 0.60859375 0.24305555555555572
0 0.6328125 0.13333333333333344 0.609375 0.13333333333333344 0.609375 0.1819444444444446 0.6328125 0.1819444444444446
0 0.67421875 0.11666666666666682 0.65 0.11666666666666682 0.65 0.16250000000000014 0.67421875 0.16250000000000014
0 0.66328125 0.2347222222222224 0.634375 0.2347222222222224 0.634375 0.30000000000000016 0.66328125 0.30000000000000016
0 0.66953125 0.1694444444444446 0.64453125 0.1694444444444446 0.64453125 0.2208333333333335 0.66953125 0.2208333333333335
0 0.70234375 0.1569444444444446 0.6765625 0.1569444444444446 0.6765625 0.2166666666666668 0.70234375 0.2166666666666668
0 0.75 0.15138888888888904 0.7265625 0.15138888888888904 0.7265625 0.20416666666666683 0.75 0.20416666666666683
0 0.69921875 0.2166666666666668 0.67109375 0.2166666666666668 0.67109375 0.27916666666666684 0.69921875 0.27916666666666684
0 0.74765625 0.21388888888888904 0.71875 0.21388888888888904 0.71875 0.27222222222222237 0.74765625 0.27222222222222237
0 0.803125 0.20000000000000015 0.778125 0.20000000000000015 0.778125 0.25277777777777793 0.803125 0.25277777777777793
0 0.8109375 0.25277777777777793 0.7859375 0.25277777777777793 0.7859375 0.3083333333333335 0.8109375 0.3083333333333335
0 0.79375 0.31250000000000017 0.7703125 0.31250000000000017 0.7703125 0.36250000000000016 0.79375 0.36250000000000016
0 0.8296875 0.2208333333333335 0.80625 0.2208333333333335 0.80625 0.2805555555555557 0.8296875 0.2805555555555557
