0 0.81171875 0.5805555555555557 0.77578125 0.5805555555555557 0.77578125 0.6555555555555557 0.81171875 0.6555555555555557
0 0.74140625 0.640277777777778 0.71015625 0.640277777777778 0.71015625 0.7041666666666668 0.74140625 0.7041666666666668
0 0.6875 0.6500000000000001 0.6515625 0.6500000000000001 0.6515625 0.7208333333333333 0.6875 0.7208333333333333
0 0.71953125 0.5583333333333335 0.68046875 0.5583333333333335 0.68046875 0.6375000000000002 0.71953125 0.6375000000000002
0 0.64375 0.5736111111111113 0.609375 0.5736111111111113 0.609375 0.6541666666666668 0.64375 0.6541666666666668
0 0.58046875 0.4986111111111113 0.52890625 0.4986111111111113 0.52890625 0.6000000000000002 0.58046875 0.6000000000000002
0 0.603125 0.8 0.57890625 0.8 0.57890625 0.8569444444444444 0.603125 0.8569444444444444
0 0.56796875 0.8166666666666667 0.54140625 0.8166666666666667 0.54140625 0.8736111111111111 0.56796875 0.8736111111111111
0 0.5453125 0.7472222222222222 0.51640625 0.7472222222222222 0.51640625 0.8069444444444445 0.5453125 0.8069444444444445
0 0.5109375 0.7847222222222222 0.48359375 0.7847222222222222 0.48359375 0.8430555555555556 0.5109375 0.8430555555555556
0 0.4796875 0.7236111111111111 0.45390625 0.7236111111111111 0.45390625 0.7805555555555556 0.4796875 0.7805555555555556
0 0.49921875 0.8305555555555556 0.47890625 0.8305555555555556 0.47890625 0.8722222222222222 0.49921875 0.8722222222222222
0 0.4609375 0.8138888888888889 0.4375 0.8138888888888889 0.4375 0.8583333333333333 0.4609375 0.8583333333333333
0 0.45859375 0.7666666666666667 0.4265625 0.7666666666666667 0.4265625 0.8263888888888888 0.45859375 0.8263888888888888
0 0.41484375 0.7541666666666667 0.3882812500000001 0.7541666666666667 0.3882812500000001 0.8111111111111111 0.41484375 0.8111111111111111
0 0.3976562500000001 0.825 0.3734375000000001 0.825 0.3734375000000001 0.875 0.3976562500000001 0.875
0 0.3578125000000001 0.8472222222222222 0.33281250000000007 0.8472222222222222 0.33281250000000007 0.8944444444444445 0.3578125000000001 0.8944444444444445
0 0.3734375000000001 0.7055555555555556 0.3429687500000001 0.7055555555555556 0.3429687500000001 0.7722222222222223 0.3734375000000001 0.7722222222222223
0 0.3625000000000001 0.7875 0.33671875000000007 0.7875 0.33671875000000007 0.8402777777777778 0.3625000000000001 0.8402777777777778
0 0.3304687500000001 0.7944444444444444 0.3039062500000001 0.7944444444444444 0.3039062500000001 0.8555555555555555 0.3304687500000001 0.8555555555555555
0 0.2812500000000001 0.8097222222222222 0.2562500000000001 0.8097222222222222 0.2562500000000001 0.8638888888888889 0.2812500000000001 0.8638888888888889
0 0.32890625000000007 0.7291666666666666 0.2992187500000001 0.7291666666666666 0.2992187500000001 0.7930555555555555 0.32890625000000007 0.7930555555555555
0 0.2875000000000001 0.7416666666666667 0.2570312500000001 0.7416666666666667 0.2570312500000001 0.8027777777777778 0.2875000000000001 0.8027777777777778
0 0.22812500000000008 0.7652777777777777 0.2023437500000001 0.7652777777777777 0.2023437500000001 0.8194444444444444 0.22812500000000008 0.8194444444444444
0 0.21875000000000008 0.7097222222222223 0.19296875000000005 0.7097222222222223 0.19296875000000005 0.7666666666666667 0.21875000000000008 0.7666666666666667
0 0.2578125000000001 0.6888888888888889 0.22265625000000008 0.6888888888888889 0.22265625000000008 0.7555555555555555 0.2578125000000001 0.7555555555555555
0 0.2000000000000001 0.7347222222222223 0.16953125000000005 0.7347222222222223 0.16953125000000005 0.8013888888888889 0.2000000000000001 0.8013888888888889
