0 0.77421875 0.1708333333333335 0.73359375 0.1708333333333335 0.73359375 0.25138888888888905 0.77421875 0.25138888888888905
0 0.696875 0.16666666666666682 0.66171875 0.16666666666666682 0.66171875 0.23611111111111127 0.696875 0.23611111111111127
0 0.64375 0.18472222222222237 0.60390625 0.18472222222222237 0.60390625 0.2625000000000002 0.64375 0.2625000000000002
0 0.69140625 0.2444444444444446 0.64765625 0.2444444444444446 0.64765625 0.3305555555555557 0.69140625 0.3305555555555557
0 0.61640625 0.27361111111111125 0.5765625 0.27361111111111125 0.5765625 0.3597222222222224 0.61640625 0.3597222222222224
0 0.5703125 0.3652777777777779 0.5125 0.3652777777777779 0.5125 0.47638888888888903 0.5703125 0.47638888888888903
0 0.5359375 0.10694444444444456 0.5078125 0.10694444444444456 0.5078125 0.1666666666666668 0.5359375 0.1666666666666668
0 0.5 0.11250000000000011 0.46953125 0.11250000000000011 0.46953125 0.17500000000000013 0.5 0.17500000000000013
0 0.49140625 0.18888888888888897 0.45859375 0.18888888888888897 0.45859375 0.2527777777777779 0.49140625 0.2527777777777779
0 0.453125 0.17638888888888896 0.421875 0.17638888888888896 0.421875 0.23888888888888896 0.453125 0.23888888888888896
0 0.43515625 0.2527777777777779 0.40546875 0.2527777777777779 0.40546875 0.313888888888889 0.43515625 0.313888888888889
0 0.434375 0.15416666666666676 0.4109375 0.15416666666666676 0.4109375 0.20000000000000007 0.434375 0.20000000000000007
0 0.40078125 0.19166666666666674 0.37421875 0.19166666666666674 0.37421875 0.24027777777777787 0.40078125 0.24027777777777787
0 0.40625 0.2250000000000001 0.37109375 0.2250000000000001 0.37109375 0.29027777777777786 0.40625 0.29027777777777786
0 0.36796875 0.26388888888888895 0.33828125 0.26388888888888895 0.33828125 0.32500000000000007 0.36796875 0.32500000000000007
0 0.3390625 0.21388888888888896 0.31171875 0.21388888888888896 0.31171875 0.26805555555555566 0.3390625 0.26805555555555566
0 0.296875 0.2208333333333334 0.26953125 0.2208333333333334 0.26953125 0.2722222222222223 0.296875 0.2722222222222223
0 0.33828125 0.32638888888888895 0.30390625 0.32638888888888895 0.30390625 0.3972222222222222 0.33828125 0.3972222222222222
0 0.3125 0.26805555555555566 0.28359375 0.26805555555555566 0.28359375 0.32500000000000007 0.3125 0.32500000000000007
0 0.28125 0.2736111111111112 0.25078125 0.2736111111111112 0.25078125 0.33888888888888896 0.28125 0.33888888888888896
0 0.23203125 0.2958333333333334 0.20390625 0.2958333333333334 0.20390625 0.35416666666666674 0.23203125 0.35416666666666674
0 0.29140625 0.3347222222222223 0.2578125 0.3347222222222223 0.2578125 0.4041666666666667 0.29140625 0.4041666666666667
0 0.25078125 0.351388888888889 0.2171875 0.351388888888889 0.2171875 0.4166666666666667 0.25078125 0.4166666666666667
0 0.19062500000000004 0.36944444444444446 0.16171875000000005 0.36944444444444446 0.16171875000000005 0.42777777777777776 0.19062500000000004 0.42777777777777776
0 0.19218750000000004 0.425 0.16328125000000004 0.425 0.16328125000000004 0.4861111111111111 0.19218750000000004 0.4861111111111111
0 0.2328125 0.41388888888888886 0.19375000000000003 0.41388888888888886 0.19375000000000003 0.4861111111111111 0.2328125 0.4861111111111111
0 0.16953125000000005 0.40555555555555556 0.13515625000000003 0.40555555555555556 0.13515625000000003 0.47638888888888886 0.16953125000000005 0.47638888888888886
