0 0.22109375 0.3819444444444444 0.18281250000000004 0.3819444444444444 0.18281250000000004 0.4597222222222222 0.22109375 0.4597222222222222
0 0.2875 0.3208333333333334 0.25 0.3208333333333334 0.25 0.39166666666666666 0.2875 0.39166666666666666
0 0.34375 0.3000000000000001 0.30546875 0.3000000000000001 0.30546875 0.375 0.34375 0.375
0 0.328125 0.40555555555555556 0.28671875 0.40555555555555556 0.28671875 0.4875 0.328125 0.4875
0 0.3890625 0.3611111111111112 0.3515625 0.3611111111111111 0.3515625 0.44444444444444453 0.3890625 0.4444444444444446
0 0.471875 0.4055555555555557 0.4171875 0.4055555555555557 0.4171875 0.5125000000000002 0.471875 0.5125000000000002
0 0.41328125 0.15000000000000008 0.3796875 0.15000000000000008 0.3796875 0.21388888888888896 0.41328125 0.21388888888888896
0 0.446875 0.13333333333333341 0.41875 0.13333333333333341 0.41875 0.19305555555555565 0.446875 0.19305555555555565
0 0.475 0.19583333333333341 0.44375 0.19583333333333341 0.44375 0.2583333333333334 0.475 0.2583333333333334
0 0.509375 0.19444444444444453 0.475 0.19444444444444453 0.475 0.26388888888888895 0.509375 0.26388888888888895
0 0.5046875 0.15972222222222235 0.4796875 0.15972222222222235 0.4796875 0.20555555555555563 0.5046875 0.20555555555555563
0 0.50859375 0.126388888888889 0.48671875 0.126388888888889 0.48671875 0.17083333333333345 0.50859375 0.17083333333333345
0 0.5421875 0.1277777777777779 0.515625 0.1277777777777779 0.515625 0.19166666666666674 0.5421875 0.19166666666666674
0 0.57109375 0.17361111111111122 0.53359375 0.17361111111111122 0.53359375 0.238888888888889 0.57109375 0.23888888888888904
0 0.60390625 0.1666666666666668 0.57265625 0.1666666666666668 0.57265625 0.23750000000000016 0.60390625 0.23750000000000016
0 0.61328125 0.11111111111111123 0.5875 0.11111111111111123 0.5875 0.16250000000000012 0.61328125 0.16250000000000012
0 0.653125 0.08750000000000013 0.62734375 0.08750000000000013 0.62734375 0.13611111111111124 0.653125 0.13611111111111127
0 0.628125 0.2069444444444446 0.59609375 0.2069444444444446 0.59609375 0.2763888888888891 0.628125 0.2763888888888891
0 0.65234375 0.14027777777777792 0.625 0.1402777777777779 0.625 0.1958333333333335 0.65234375 0.1958333333333335
0 0.684375 0.12083333333333349 0.65546875 0.12083333333333349 0.65546875 0.18472222222222237 0.684375 0.18472222222222237
0 0.73359375 0.09583333333333349 0.7046875 0.09583333333333349 0.7046875 0.15972222222222238 0.73359375 0.15972222222222238
0 0.6734375 0.1680555555555557 0.6421875 0.1680555555555557 0.6421875 0.23611111111111127 0.6734375 0.23611111111111127
0 0.71796875 0.1472222222222224 0.6859375 0.1472222222222224 0.6859375 0.21111111111111128 0.71796875 0.21111111111111128
0 0.7625 0.1430555555555557 0.73203125 0.1430555555555557 0.73203125 0.2055555555555557 0.7625 0.2055555555555557
0 0.78671875 0.18472222222222237 0.759375 0.18472222222222237 0.759375 0.24305555555555572 0.78671875 0.24305555555555572
0 0.76953125 0.21250000000000016 0.73203125 0.21250000000000016 0.73203125 0.2819444444444446 0.76953125 0.2819444444444446
0 0.8203125 0.1597222222222224 0.78828125 0.15972222222222238 0.78828125 0.22916666666666682 0.8203125 0.22916666666666682
