0 0.79921875 0.6527777777777779 0.76640625 0.6527777777777779 0.76640625 0.7236111111111114 0.79921875 0.7236111111111114
0 0.72578125 0.6958333333333335 0.6921875 0.6958333333333335 0.6921875 0.7597222222222224 0.72578125 0.7597222222222225
0 0.66953125 0.690277777777778 0.6359375 0.690277777777778 0.6359375 0.7583333333333333 0.66953125 0.7583333333333333
0 0.70078125 0.5861111111111112 0.6640625 0.5861111111111112 0.6640625 0.6611111111111113 0.70078125 0.6611111111111113
0 0.63203125 0.6055555555555557 0.6 0.6055555555555557 0.6 0.6833333333333335 0.63203125 0.6833333333333335
0 0.5734375 0.5125000000000002 0.525 0.5125000000000002 0.525 0.6097222222222224 0.5734375 0.6097222222222224
0 0.57890625 0.8222222222222222 0.54921875 0.8222222222222222 0.54921875 0.8791666666666667 0.57890625 0.8791666666666667
0 0.5390625 0.8277777777777777 0.5140625 0.8277777777777777 0.5140625 0.8819444444444444 0.5390625 0.8819444444444444
0 0.521875 0.7541666666666667 0.49453125 0.7541666666666667 0.49453125 0.8111111111111111 0.521875 0.8111111111111111
0 0.49140625 0.7375 0.4609375 0.7375 0.4609375 0.8 0.49140625 0.8
0 0.48203125 0.7944444444444444 0.46015625 0.7944444444444444 0.46015625 0.8361111111111111 0.48203125 0.8361111111111111
0 0.471875 0.825 0.45234375 0.825 0.45234375 0.8652777777777778 0.471875 0.8652777777777778
0 0.44375 0.7930555555555555 0.421875 0.7930555555555555 0.421875 0.8527777777777777 0.44375 0.8527777777777777
0 0.43203125 0.7402777777777778 0.3984375000000001 0.7402777777777778 0.3984375000000001 0.7986111111111112 0.43203125 0.7986111111111112
0 0.3921875000000001 0.7277777777777777 0.3656250000000001 0.7277777777777777 0.3656250000000001 0.7930555555555555 0.3921875000000001 0.7930555555555555
0 0.3710937500000001 0.7958333333333333 0.34843750000000007 0.7958333333333333 0.34843750000000007 0.8430555555555556 0.3710937500000001 0.8430555555555556
0 0.3296875000000001 0.8069444444444445 0.3062500000000001 0.8069444444444445 0.3062500000000001 0.8513888888888889 0.3296875000000001 0.8513888888888889
0 0.3742187500000001 0.6791666666666667 0.3460937500000001 0.6791666666666667 0.3460937500000001 0.7430555555555556 0.3742187500000001 0.7430555555555556
0 0.3375000000000001 0.7486111111111111 0.3140625000000001 0.7486111111111111 0.3140625000000001 0.7986111111111112 0.3375000000000001 0.7986111111111112
0 0.3062500000000001 0.7472222222222222 0.2812500000000001 0.7472222222222222 0.2812500000000001 0.8055555555555556 0.3062500000000001 0.8055555555555556
0 0.2554687500000001 0.7541666666666667 0.23046875000000008 0.7541666666666667 0.23046875000000008 0.8138888888888889 0.2554687500000001 0.8138888888888889
0 0.32500000000000007 0.7013888888888888 0.2984375000000001 0.7013888888888888 0.2984375000000001 0.7652777777777777 0.32500000000000007 0.7652777777777777
0 0.2789062500000001 0.7111111111111111 0.25078125000000007 0.7111111111111111 0.25078125000000007 0.7680555555555556 0.2789062500000001 0.7680555555555556
0 0.2335937500000001 0.7 0.20703125000000008 0.7 0.20703125000000008 0.7569444444444444 0.2335937500000001 0.7569444444444444
0 0.21093750000000008 0.6527777777777778 0.18750000000000006 0.6527777777777778 0.18750000000000006 0.7069444444444445 0.21093750000000008 0.7069444444444445
0 0.24218750000000006 0.625 0.209375 0.625 0.20937500000000003 0.6875 0.24218750000000008 0.6875
0 0.18046875000000004 0.6555555555555556 0.15234375000000006 0.6555555555555556 0.15234375000000006 0.7194444444444444 0.18046875000000004 0.7194444444444444
