0 0.8203125 0.5430555555555557 0.771875 0.5430555555555557 0.771875 0.6250000000000001 0.8203125 0.6250000000000001
0 0.74375 0.6055555555555557 0.7 0.6055555555555557 0.7 0.6847222222222223 0.74375 0.6847222222222223
0 0.684375 0.640277777777778 0.6515625 0.640277777777778 0.6515625 0.7125 0.684375 0.7125
0 0.71484375 0.502777777777778 0.66640625 0.502777777777778 0.66640625 0.5944444444444446 0.71484375 0.5944444444444446
0 0.65 0.5680555555555558 0.61484375 0.5680555555555558 0.61484375 0.6416666666666668 0.65 0.6416666666666668
0 0.56015625 0.4777777777777779 0.50859375 0.4777777777777779 0.50859375 0.5944444444444446 0.56015625 0.5944444444444446
0 0.61796875 0.7875 0.58671875 0.7875 0.58671875 0.85 0.61796875 0.85
0 0.56015625 0.8152777777777778 0.53828125 0.8152777777777778 0.53828125 0.8652777777777778 0.56015625 0.8652777777777778
0 0.515625 0.7152777777777778 0.48359375 0.7152777777777778 0.48359375 0.7888888888888889 0.515625 0.7888888888888889
0 0.5109375 0.8111111111111111 0.4796875 0.8111111111111111 0.4796875 0.8847222222222222 0.5109375 0.8847222222222222
0 0.47109375 0.8166666666666667 0.44609375 0.8166666666666667 0.44609375 0.8638888888888889 0.47109375 0.8638888888888889
0 0.428125 0.7708333333333334 0.403125 0.7708333333333334 0.403125 0.8222222222222222 0.428125 0.8222222222222222
0 0.4046875 0.8347222222222223 0.3789062500000001 0.8347222222222223 0.3789062500000001 0.8861111111111111 0.4046875 0.8861111111111111
0 0.3734375000000001 0.8638888888888889 0.35234375000000007 0.8638888888888889 0.35234375000000007 0.9027777777777778 0.3734375000000001 0.9027777777777778
0 0.3828125000000001 0.7263888888888889 0.3531250000000001 0.7263888888888889 0.3531250000000001 0.7875 0.3828125000000001 0.7875
0 0.37187500000000007 0.8013888888888889 0.3453125000000001 0.8013888888888889 0.3453125000000001 0.8555555555555555 0.37187500000000007 0.8555555555555555
0 0.3070312500000001 0.8347222222222223 0.27421875000000007 0.8347222222222223 0.27421875000000007 0.9013888888888889 0.3070312500000001 0.9013888888888889
0 0.3500000000000001 0.7458333333333333 0.3179687500000001 0.7458333333333333 0.3179687500000001 0.8180555555555555 0.3500000000000001 0.8180555555555555
0 0.2796875000000001 0.7555555555555555 0.2484375000000001 0.7555555555555555 0.2484375000000001 0.8180555555555555 0.2796875000000001 0.8180555555555555
0 0.23828125000000008 0.7777777777777778 0.2062500000000001 0.7777777777777778 0.2062500000000001 0.8458333333333333 0.23828125000000008 0.8458333333333333
0 0.5625 0.7694444444444445 0.5296875 0.7694444444444445 0.5296875 0.8291666666666667 0.5625 0.8291666666666667
0 0.5234375 0.7833333333333333 0.49375 0.7833333333333333 0.49375 0.8472222222222222 0.5234375 0.8472222222222222
0 0.47109375 0.7763888888888889 0.44140625 0.7763888888888889 0.44140625 0.8375 0.47109375 0.8375
0 0.34062500000000007 0.8069444444444445 0.3109375000000001 0.8069444444444445 0.3109375000000001 0.8666666666666667 0.34062500000000007 0.8666666666666667
0 0.2523437500000001 0.6944444444444444 0.22031250000000008 0.6944444444444444 0.22031250000000008 0.7708333333333334 0.2523437500000001 0.7708333333333334
0 0.2039062500000001 0.7722222222222223 0.17343750000000005 0.7722222222222223 0.17343750000000005 0.8333333333333334 0.2039062500000001 0.8333333333333334
0 0.20312500000000008 0.7055555555555556 0.16484375000000004 0.7055555555555556 0.16484375000000004 0.7847222222222222 0.20312500000000008 0.7847222222222222