0 0.259375 0.20833333333333343 0.2109375 0.20833333333333343 0.2109375 0.29166666666666674 0.259375 0.29166666666666674
0 0.3390625 0.19444444444444453 0.2953125 0.19444444444444453 0.2953125 0.2750000000000001 0.3390625 0.2750000000000001
0 0.390625 0.20000000000000007 0.35703125 0.20000000000000007 0.35703125 0.2736111111111112 0.390625 0.2736111111111112
0 0.35390625 0.2972222222222223 0.3046875 0.2972222222222223 0.3046875 0.3902777777777778 0.35390625 0.3902777777777778
0 0.4125 0.2875000000000001 0.3765625 0.2875000000000001 0.3765625 0.36111111111111127 0.4125 0.36111111111111127
0 0.50078125 0.38888888888888906 0.4484375 0.38888888888888906 0.4484375 0.5069444444444446 0.50078125 0.5069444444444446
0 0.478125 0.10833333333333343 0.44609375 0.1083333333333334 0.44609375 0.17222222222222233 0.478125 0.17222222222222233
0 0.52734375 0.1250000000000001 0.50546875 0.1250000000000001 0.50546875 0.17500000000000013 0.52734375 0.17500000000000013
0 0.56328125 0.226388888888889 0.53046875 0.22638888888888897 0.53046875 0.3000000000000001 0.56328125 0.30000000000000016
0 0.584375 0.13750000000000012 0.553125 0.13750000000000012 0.553125 0.21111111111111128 0.584375 0.21111111111111128
0 0.6140625 0.17916666666666684 0.5890625 0.17916666666666684 0.5890625 0.22638888888888906 0.6140625 0.22638888888888906
0 0.646875 0.24166666666666684 0.621875 0.24166666666666684 0.621875 0.2944444444444446 0.646875 0.2944444444444446
0 0.68203125 0.19722222222222238 0.65625 0.19722222222222238 0.65625 0.24861111111111128 0.68203125 0.24861111111111128
0 0.7109375 0.19861111111111127 0.68984375 0.19861111111111127 0.68984375 0.23750000000000016 0.7109375 0.23750000000000016
0 0.6875 0.3027777777777779 0.65703125 0.3027777777777779 0.65703125 0.3652777777777779 0.6875 0.3652777777777779
0 0.7078125 0.2444444444444446 0.68046875 0.2444444444444446 0.68046875 0.30000000000000016 0.7078125 0.30000000000000016
0 0.78203125 0.24027777777777792 0.74921875 0.24027777777777792 0.74921875 0.3083333333333335 0.78203125 0.3083333333333335
0 0.725 0.29305555555555574 0.69296875 0.29305555555555574 0.69296875 0.3666666666666668 0.725 0.3666666666666668
0 0.79140625 0.33472222222222237 0.759375 0.33472222222222237 0.759375 0.39861111111111125 0.79140625 0.39861111111111125
0 0.8359375 0.3333333333333335 0.803125 0.3333333333333335 0.803125 0.4013888888888891 0.8359375 0.4013888888888891
0 0.528125 0.15972222222222235 0.49453125 0.15972222222222235 0.49453125 0.2208333333333334 0.528125 0.2208333333333334
0 0.56484375 0.16527777777777788 0.534375 0.16527777777777788 0.534375 0.2291666666666668 0.56484375 0.22916666666666682
0 0.61328125 0.20416666666666683 0.58359375 0.20416666666666683 0.58359375 0.26527777777777795 0.61328125 0.26527777777777795
0 0.74140625 0.2541666666666668 0.7109375 0.2541666666666668 0.7109375 0.31388888888888905 0.74140625 0.31388888888888905
0 0.80859375 0.3958333333333335 0.77578125 0.3958333333333335 0.77578125 0.4722222222222224 0.80859375 0.4722222222222224
0 0.865625 0.3652777777777779 0.834375 0.3652777777777779 0.834375 0.42638888888888904 0.865625 0.42638888888888904
0 0.86328125 0.41250000000000014 0.825 0.41250000000000014 0.825 0.4916666666666668 0.86328125 0.4916666666666668