0 0.8171875 0.40000000000000013 0.7765625 0.40000000000000013 0.7765625 0.4722222222222224 0.8171875 0.4722222222222224
0 0.7546875 0.32638888888888906 0.71015625 0.32638888888888906 0.71015625 0.4069444444444446 0.7546875 0.4069444444444446
0 0.69609375 0.3041666666666668 0.659375 0.3041666666666668 0.659375 0.38472222222222235 0.69609375 0.38472222222222235
0 0.71953125 0.40277777777777796 0.6703125 0.40277777777777796 0.6703125 0.4958333333333335 0.71953125 0.4958333333333335
0 0.6484375 0.34861111111111126 0.6046875 0.34861111111111126 0.6046875 0.4416666666666668 0.6484375 0.4416666666666668
0 0.58359375 0.4069444444444446 0.5296875 0.4069444444444446 0.5296875 0.5250000000000001 0.58359375 0.5250000000000001
0 0.625 0.15555555555555567 0.5921875 0.15555555555555567 0.5921875 0.2194444444444446 0.625 0.2194444444444446
0 0.58125 0.13194444444444456 0.5484375 0.13194444444444456 0.5484375 0.20416666666666683 0.58125 0.20416666666666683
0 0.51640625 0.19583333333333341 0.4828125 0.19583333333333341 0.4828125 0.26527777777777783 0.51640625 0.26527777777777783
0 0.521875 0.11944444444444456 0.4953125 0.11944444444444456 0.4953125 0.17222222222222233 0.521875 0.17222222222222233
0 0.48984375 0.1277777777777779 0.4609375 0.1277777777777779 0.4609375 0.19305555555555565 0.48984375 0.19305555555555565
0 0.43125 0.17083333333333342 0.4 0.17083333333333342 0.4 0.2347222222222223 0.43125 0.2347222222222223
0 0.41640625 0.10694444444444452 0.38671875 0.10694444444444452 0.38671875 0.16527777777777786 0.41640625 0.16527777777777786
0 0.38203125 0.08055555555555563 0.3515625 0.08055555555555563 0.3515625 0.1347222222222223 0.38203125 0.1347222222222223
0 0.384375 0.20833333333333343 0.34765625 0.20833333333333343 0.34765625 0.28333333333333344 0.384375 0.28333333333333344
0 0.37890625 0.13611111111111118 0.3515625 0.13611111111111118 0.3515625 0.19166666666666674 0.37890625 0.19166666666666674
0 0.30546875 0.08472222222222228 0.271875 0.08472222222222228 0.271875 0.15277777777777785 0.30546875 0.15277777777777785
0 0.35859375 0.16805555555555562 0.32578125 0.16805555555555562 0.32578125 0.24166666666666675 0.35859375 0.24166666666666675
0 0.3171875 0.1583333333333334 0.284375 0.1583333333333334 0.284375 0.2222222222222223 0.3171875 0.2222222222222223
0 0.28046875 0.1333333333333334 0.24765625 0.13333333333333336 0.24765625 0.20277777777777786 0.28046875 0.20277777777777786
0 0.56171875 0.20555555555555569 0.528125 0.20555555555555563 0.528125 0.2666666666666668 0.56171875 0.26666666666666683
0 0.5296875 0.1527777777777779 0.49921875 0.1527777777777779 0.49921875 0.21805555555555564 0.5296875 0.21805555555555564
0 0.471875 0.16666666666666677 0.43359375 0.16666666666666674 0.43359375 0.23888888888888896 0.471875 0.23888888888888896
0 0.35625 0.11388888888888897 0.32578125 0.11388888888888897 0.32578125 0.1736111111111112 0.35625 0.1736111111111112
0 0.26796875 0.20555555555555563 0.23515625 0.20555555555555563 0.23515625 0.2819444444444445 0.26796875 0.2819444444444445
0 0.2140625 0.15000000000000005 0.18359375 0.15000000000000005 0.18359375 0.21805555555555564 0.2140625 0.21805555555555564
0 0.24609375 0.17500000000000004 0.20703125 0.17500000000000004 0.20703125 0.25555555555555565 0.24609375 0.25555555555555565
