0 0.23359375 0.2944444444444445 0.19765625 0.2944444444444445 0.19765625000000003 0.3736111111111111 0.23359375 0.3736111111111111
0 0.30234375 0.2527777777777779 0.2640625 0.2527777777777779 0.2640625 0.3222222222222223 0.30234375 0.3222222222222223
0 0.3640625 0.2361111111111112 0.3265625 0.2361111111111112 0.3265625 0.313888888888889 0.3640625 0.313888888888889
0 0.32734375 0.3333333333333334 0.29296875 0.3333333333333334 0.29296875 0.4111111111111111 0.32734375 0.4111111111111111
0 0.40546875 0.31250000000000006 0.36953125 0.31250000000000006 0.36953125 0.3944444444444446 0.40546875 0.3944444444444446
0 0.471875 0.38333333333333347 0.42265625 0.38333333333333347 0.42265625 0.5000000000000001 0.471875 0.5000000000000001
0 0.44296875 0.12916666666666674 0.415625 0.12916666666666674 0.415625 0.1847222222222223 0.44296875 0.1847222222222223
0 0.4921875 0.13194444444444456 0.47109375 0.13194444444444456 0.47109375 0.18055555555555564 0.4921875 0.18055555555555564
0 0.528125 0.21250000000000008 0.50078125 0.21250000000000008 0.50078125 0.2722222222222223 0.528125 0.2722222222222223
0 0.5390625 0.13611111111111124 0.51953125 0.13611111111111124 0.51953125 0.17222222222222233 0.5390625 0.17222222222222233
0 0.5734375 0.14583333333333345 0.54921875 0.14583333333333345 0.54921875 0.19444444444444461 0.5734375 0.19444444444444461
0 0.62890625 0.20833333333333348 0.60390625 0.20833333333333348 0.60390625 0.26527777777777795 0.62890625 0.26527777777777795
0 0.6484375 0.15138888888888902 0.6234375 0.15138888888888902 0.6234375 0.20138888888888903 0.6484375 0.20138888888888903
0 0.6859375 0.13750000000000015 0.66015625 0.13750000000000015 0.66015625 0.1833333333333335 0.6859375 0.1833333333333335
0 0.67109375 0.25277777777777793 0.640625 0.25277777777777793 0.640625 0.3180555555555557 0.67109375 0.3180555555555557
0 0.66796875 0.17500000000000016 0.64296875 0.17500000000000016 0.64296875 0.2333333333333335 0.66796875 0.2333333333333335
0 0.765625 0.17500000000000016 0.73828125 0.17500000000000016 0.73828125 0.2347222222222224 0.765625 0.2347222222222224
0 0.6953125 0.22500000000000014 0.66875 0.22500000000000014 0.66875 0.29166666666666685 0.6953125 0.29166666666666685
0 0.74921875 0.21527777777777793 0.71640625 0.21527777777777793 0.71640625 0.2819444444444446 0.74921875 0.2819444444444446
0 0.821875 0.23888888888888904 0.79609375 0.23888888888888904 0.79609375 0.27777777777777796 0.821875 0.27777777777777796
0 0.4890625 0.17500000000000013 0.46015625 0.17500000000000013 0.46015625 0.22777777777777786 0.4890625 0.22777777777777786
0 0.5328125 0.15972222222222235 0.50703125 0.15972222222222235 0.50703125 0.21666666666666676 0.5328125 0.21666666666666676
0 0.5875 0.18611111111111128 0.55703125 0.18611111111111128 0.55703125 0.23750000000000016 0.5875 0.23750000000000016
0 0.71328125 0.17777777777777792 0.68203125 0.17777777777777792 0.68203125 0.2333333333333335 0.71328125 0.2333333333333335
0 0.7890625 0.31388888888888905 0.76328125 0.31388888888888905 0.76328125 0.38333333333333347 0.7890625 0.38333333333333347
0 0.8421875 0.2708333333333335 0.81796875 0.2708333333333335 0.81796875 0.3319444444444446 0.8421875 0.3319444444444446
0 0.81875 0.2763888888888891 0.7921875 0.2763888888888891 0.7921875 0.3472222222222224 0.81875 0.3472222222222224