0 0.225 0.3888888888888889 0.18125000000000005 0.3888888888888889 0.18125000000000005 0.4791666666666667 0.225 0.4791666666666667
0 0.28671875 0.32500000000000007 0.2421875 0.32500000000000007 0.2421875 0.40555555555555556 0.28671875 0.40555555555555556
0 0.346875 0.2875000000000001 0.3015625 0.2875000000000001 0.3015625 0.3763888888888889 0.346875 0.3763888888888889
0 0.32109375 0.39444444444444443 0.2796875 0.39444444444444443 0.2796875 0.48333333333333334 0.32109375 0.48333333333333334
0 0.39609375 0.3486111111111112 0.35234375 0.3486111111111112 0.35234375 0.44166666666666676 0.39609375 0.4416666666666668
0 0.47265625 0.3958333333333335 0.41171875 0.3958333333333335 0.41171875 0.526388888888889 0.47265625 0.526388888888889
0 0.41015625 0.15555555555555564 0.37734375 0.15555555555555564 0.37734375 0.21944444444444453 0.41015625 0.21944444444444453
0 0.4578125 0.14166666666666677 0.43203125 0.14166666666666675 0.43203125 0.1972222222222223 0.4578125 0.1972222222222223
0 0.50390625 0.20833333333333343 0.4703125 0.20833333333333343 0.4703125 0.27777777777777785 0.50390625 0.27777777777777785
0 0.503125 0.13055555555555567 0.48046875 0.13055555555555567 0.48046875 0.17222222222222233 0.503125 0.17222222222222233
0 0.5390625 0.1277777777777779 0.5109375 0.1277777777777779 0.5109375 0.1847222222222223 0.5390625 0.1847222222222223
0 0.6015625 0.17083333333333345 0.5703125 0.17083333333333345 0.5703125 0.2347222222222224 0.6015625 0.2347222222222224
0 0.6140625 0.10694444444444456 0.584375 0.10694444444444456 0.584375 0.16527777777777788 0.6140625 0.16527777777777788
0 0.6484375 0.0805555555555557 0.61796875 0.0805555555555557 0.61796875 0.13472222222222235 0.6484375 0.13472222222222238
0 0.6484375 0.19861111111111127 0.61171875 0.19861111111111127 0.61171875 0.27361111111111125 0.6484375 0.27361111111111125
0 0.63671875 0.12500000000000014 0.60546875 0.1250000000000001 0.60546875 0.19027777777777793 0.63671875 0.19027777777777793
0 0.7328125 0.09027777777777793 0.69921875 0.09027777777777793 0.69921875 0.1583333333333335 0.7328125 0.1583333333333335
0 0.66953125 0.16527777777777794 0.63671875 0.16527777777777794 0.63671875 0.23888888888888904 0.66953125 0.23888888888888904
0 0.72109375 0.13611111111111127 0.68203125 0.13611111111111127 0.68203125 0.21250000000000016 0.72109375 0.21250000000000016
0 0.7921875 0.13611111111111127 0.7625 0.13611111111111127 0.7625 0.1819444444444446 0.7921875 0.1819444444444446
0 0.46015625 0.1847222222222223 0.4265625 0.1847222222222223 0.4265625 0.2458333333333334 0.46015625 0.2458333333333334
0 0.50234375 0.15555555555555567 0.47109375 0.15555555555555567 0.47109375 0.21944444444444453 0.50234375 0.21944444444444453
0 0.5578125 0.16250000000000012 0.52265625 0.16250000000000012 0.52265625 0.22222222222222235 0.5578125 0.22222222222222238
0 0.68125 0.11250000000000016 0.64375 0.11250000000000016 0.64375 0.17777777777777792 0.68125 0.17777777777777792
0 0.771875 0.2194444444444446 0.7390625 0.2194444444444446 0.7390625 0.2958333333333335 0.771875 0.2958333333333335
0 0.81796875 0.1597222222222224 0.7875 0.15972222222222238 0.7875 0.22777777777777794 0.81796875 0.22777777777777794
0 0.796875 0.1722222222222224 0.76328125 0.1722222222222224 0.76328125 0.25138888888888905 0.796875 0.25138888888888905