0 0.7859375 0.7069444444444446 0.74296875 0.7069444444444446 0.74296875 0.7958333333333336 0.7859375 0.7958333333333336
0 0.71484375 0.7361111111111112 0.67109375 0.7361111111111112 0.67109375 0.8166666666666667 0.71484375 0.8166666666666667
0 0.653125 0.7263888888888889 0.60859375 0.7263888888888889 0.60859375 0.8138888888888889 0.653125 0.8138888888888889
0 0.6953125 0.640277777777778 0.65390625 0.640277777777778 0.65390625 0.7277777777777777 0.6953125 0.7277777777777777
0 0.61796875 0.6333333333333335 0.575 0.6333333333333335 0.575 0.725 0.61796875 0.725
0 0.57578125 0.5083333333333335 0.51640625 0.5083333333333335 0.51640625 0.6388888888888891 0.57578125 0.6388888888888891
0 0.55234375 0.8277777777777777 0.5203125 0.8277777777777777 0.5203125 0.8916666666666667 0.55234375 0.8916666666666667
0 0.49765625 0.8180555555555555 0.471875 0.8180555555555555 0.471875 0.8722222222222222 0.49765625 0.8722222222222222
0 0.47734375 0.7152777777777778 0.44453125 0.7152777777777778 0.44453125 0.7833333333333333 0.47734375 0.7833333333333333
0 0.4484375 0.8111111111111111 0.42578125 0.8111111111111111 0.42578125 0.8527777777777777 0.4484375 0.8527777777777777
0 0.421875 0.7777777777777778 0.3937500000000001 0.7777777777777778 0.3937500000000001 0.8333333333333334 0.421875 0.8333333333333334
0 0.37578125000000007 0.6916666666666668 0.34453125000000007 0.6916666666666667 0.34453125000000007 0.7555555555555555 0.37578125000000007 0.7555555555555555
0 0.3492187500000001 0.7486111111111111 0.3203125000000001 0.7486111111111111 0.3203125000000001 0.8055555555555556 0.3492187500000001 0.8055555555555556
0 0.3117187500000001 0.7555555555555555 0.28203125000000007 0.7555555555555555 0.28203125000000007 0.8083333333333333 0.3117187500000001 0.8083333333333333
0 0.34453125000000007 0.6277777777777778 0.3078125 0.6277777777777778 0.30781250000000004 0.7013888888888888 0.34453125000000007 0.7013888888888888
0 0.3335937500000001 0.7111111111111111 0.3031250000000001 0.7111111111111111 0.3031250000000001 0.7763888888888889 0.3335937500000001 0.7763888888888889
0 0.23984375000000008 0.6791666666666667 0.20703125000000008 0.6791666666666667 0.20703125000000008 0.7472222222222222 0.23984375000000008 0.7472222222222222
0 0.31328125000000007 0.6444444444444445 0.28125 0.6444444444444445 0.28125000000000006 0.7180555555555556 0.31328125000000007 0.7180555555555556
0 0.26562500000000006 0.6388888888888888 0.22734375 0.6388888888888888 0.22734375000000004 0.7138888888888889 0.2656250000000001 0.7138888888888889
0 0.18671875000000004 0.6194444444444445 0.15781250000000005 0.6194444444444445 0.15781250000000005 0.6652777777777777 0.18671875000000004 0.6652777777777777
0 0.5125 0.7722222222222223 0.47890625 0.7722222222222223 0.47890625 0.8333333333333334 0.5125 0.8333333333333334
0 0.46484375 0.7694444444444445 0.434375 0.7694444444444445 0.434375 0.8333333333333334 0.46484375 0.8333333333333334
0 0.41796875 0.7319444444444444 0.38359375000000007 0.7319444444444444 0.38359375000000007 0.7916666666666666 0.41796875 0.7916666666666666
0 0.2953125000000001 0.6958333333333333 0.25859375000000007 0.6958333333333333 0.25859375000000007 0.7611111111111111 0.2953125000000001 0.7611111111111111
0 0.2296875 0.5263888888888889 0.19687500000000005 0.5263888888888889 0.19687500000000005 0.6027777777777777 0.2296875 0.6027777777777777
0 0.17109375000000004 0.5597222222222222 0.14140625000000004 0.5597222222222222 0.14140625000000004 0.6277777777777778 0.17109375000000004 0.6277777777777778
0 0.19687500000000005 0.5527777777777778 0.16406250000000006 0.5527777777777778 0.16406250000000006 0.6305555555555555 0.19687500000000005 0.6305555555555555