0 0.8 0.2763888888888891 0.7625 0.2763888888888891 0.7625 0.3583333333333335 0.8 0.3583333333333335
0 0.73203125 0.23888888888888904 0.69296875 0.23888888888888904 0.69296875 0.3111111111111113 0.73203125 0.3111111111111113
0 0.66953125 0.22638888888888906 0.63046875 0.22638888888888906 0.63046875 0.3055555555555557 0.66953125 0.3055555555555557
0 0.7046875 0.32083333333333347 0.66953125 0.32083333333333347 0.66953125 0.4013888888888891 0.7046875 0.4013888888888891
0 0.62890625 0.3041666666666668 0.59140625 0.3041666666666668 0.59140625 0.38888888888888906 0.62890625 0.38888888888888906
0 0.57734375 0.3791666666666668 0.52578125 0.3791666666666668 0.52578125 0.4986111111111113 0.57734375 0.4986111111111113
0 0.578125 0.12361111111111123 0.55 0.12361111111111123 0.55 0.18055555555555572 0.578125 0.18055555555555572
0 0.52265625 0.13055555555555567 0.50078125 0.13055555555555567 0.50078125 0.18055555555555564 0.52265625 0.18055555555555564
0 0.49453125 0.21250000000000008 0.465625 0.21250000000000008 0.465625 0.2750000000000001 0.49453125 0.2750000000000001
0 0.47421875 0.13750000000000012 0.45390625 0.13750000000000012 0.45390625 0.17500000000000013 0.47421875 0.17500000000000013
0 0.44453125 0.1486111111111112 0.4203125 0.1486111111111112 0.4203125 0.20000000000000007 0.44453125 0.20000000000000007
0 0.3921875 0.21527777777777785 0.365625 0.21527777777777785 0.365625 0.2736111111111112 0.3921875 0.2736111111111112
0 0.37109375 0.1597222222222223 0.3453125 0.1597222222222223 0.3453125 0.2111111111111112 0.37109375 0.2111111111111112
0 0.33359375 0.1472222222222223 0.30703125 0.1472222222222223 0.30703125 0.19444444444444453 0.33359375 0.19444444444444453
0 0.35625 0.2611111111111112 0.32421875 0.2611111111111112 0.32421875 0.3291666666666667 0.35625 0.3291666666666667
0 0.35234375 0.1847222222222223 0.32578125 0.1847222222222223 0.32578125 0.24444444444444452 0.35234375 0.24444444444444452
0 0.25703125 0.18888888888888897 0.228125 0.18888888888888897 0.228125 0.251388888888889 0.25703125 0.251388888888889
0 0.32734375 0.2361111111111112 0.3 0.2361111111111112 0.3 0.30416666666666675 0.32734375 0.30416666666666675
0 0.2796875 0.22916666666666674 0.24609375 0.22916666666666674 0.24609375 0.2972222222222223 0.2796875 0.2972222222222223
0 0.2 0.25833333333333336 0.1734375 0.25833333333333336 0.1734375 0.29861111111111116 0.2 0.2986111111111112
0 0.534375 0.17222222222222233 0.5046875 0.17222222222222233 0.5046875 0.22638888888888897 0.534375 0.22638888888888897
0 0.4875 0.16111111111111123 0.4609375 0.16111111111111123 0.4609375 0.21944444444444453 0.4875 0.21944444444444453
0 0.43828125 0.19027777777777785 0.40703125 0.19027777777777785 0.40703125 0.24305555555555564 0.43828125 0.24305555555555564
0 0.31328125 0.19027777777777785 0.28046875 0.19027777777777785 0.28046875 0.2486111111111112 0.31328125 0.2486111111111112
0 0.234375 0.33055555555555566 0.20703125 0.33055555555555566 0.20703125 0.4013888888888889 0.234375 0.4013888888888889
0 0.17968750000000003 0.2916666666666667 0.15390625 0.2916666666666667 0.15390625000000002 0.3541666666666667 0.17968750000000006 0.3541666666666667
0 0.2046875 0.2944444444444445 0.1765625 0.29444444444444445 0.1765625 0.36666666666666664 0.2046875 0.36666666666666664