0 0.22421875 0.5305555555555556 0.18125000000000005 0.5305555555555556 0.18125000000000005 0.6194444444444445 0.22421875 0.6194444444444445
0 0.29296875000000006 0.6055555555555555 0.24921875 0.6055555555555555 0.24921875000000004 0.6847222222222222 0.2929687500000001 0.6847222222222222
0 0.35390625000000003 0.6375 0.31015625 0.6375 0.31015625 0.7236111111111111 0.3539062500000001 0.7236111111111111
0 0.33671875 0.5097222222222222 0.2859375 0.5097222222222222 0.2859375 0.6097222222222223 0.33671875 0.6097222222222223
0 0.39687500000000003 0.5680555555555556 0.3546875 0.5680555555555555 0.35468750000000004 0.6597222222222223 0.3968750000000001 0.6597222222222224
0 0.4765625 0.47916666666666685 0.41796875 0.47916666666666685 0.41796875 0.6083333333333335 0.4765625 0.6083333333333335
0 0.415625 0.7888888888888889 0.3843750000000001 0.7888888888888889 0.3843750000000001 0.8513888888888889 0.415625 0.8513888888888889
0 0.47578125 0.8055555555555556 0.45078125 0.8055555555555556 0.45078125 0.8597222222222223 0.47578125 0.8597222222222223
0 0.50234375 0.7236111111111111 0.46953125 0.7236111111111111 0.46953125 0.7916666666666666 0.50234375 0.7916666666666666
0 0.51015625 0.8305555555555556 0.48828125 0.8305555555555556 0.48828125 0.8708333333333333 0.51015625 0.8708333333333333
0 0.5453125 0.8138888888888889 0.515625 0.8138888888888889 0.515625 0.8680555555555556 0.5453125 0.8680555555555556
0 0.60703125 0.7611111111111111 0.5765625 0.7611111111111111 0.5765625 0.8236111111111111 0.60703125 0.8236111111111111
0 0.6203125 0.8291666666666667 0.59140625 0.8291666666666667 0.59140625 0.8861111111111111 0.6203125 0.8861111111111111
0 0.659375 0.8583333333333333 0.6296875 0.8583333333333333 0.6296875 0.9111111111111111 0.659375 0.9111111111111111
0 0.653125 0.7194444444444444 0.6171875 0.7194444444444444 0.6171875 0.7930555555555555 0.653125 0.7930555555555555
0 0.6515625 0.8027777777777778 0.62109375 0.8027777777777778 0.62109375 0.8666666666666667 0.6515625 0.8666666666666667
0 0.73984375 0.8291666666666668 0.70703125 0.8291666666666667 0.70703125 0.8958333333333335 0.73984375 0.8958333333333337
0 0.675 0.7527777777777778 0.64296875 0.7527777777777778 0.64296875 0.825 0.675 0.825
0 0.72734375 0.7750000000000001 0.6890625 0.775 0.6890625 0.8500000000000002 0.72734375 0.8500000000000003
0 0.7984375 0.8027777777777781 0.76953125 0.8027777777777781 0.76953125 0.8472222222222225 0.7984375 0.8472222222222225
0 0.4671875 0.7541666666666667 0.434375 0.7541666666666667 0.434375 0.8138888888888889 0.4671875 0.8138888888888889
0 0.50546875 0.7805555555555556 0.4703125 0.7805555555555556 0.4703125 0.8569444444444444 0.50546875 0.8569444444444444
0 0.5625 0.7763888888888889 0.528125 0.7763888888888889 0.528125 0.8347222222222223 0.5625 0.8347222222222223
0 0.6859375 0.8138888888888889 0.65 0.8138888888888889 0.65 0.8777777777777778 0.6859375 0.8777777777777778
0 0.775 0.6958333333333335 0.74296875 0.6958333333333335 0.74296875 0.7722222222222226 0.775 0.7722222222222226
0 0.8234375 0.754166666666667 0.79375 0.754166666666667 0.79375 0.8208333333333336 0.8234375 0.8208333333333336
0 0.79765625 0.7319444444444447 0.76484375 0.7319444444444447 0.76484375 0.8097222222222226 0.79765625 0.8097222222222226
