0 0.7875 0.7069444444444446 0.74375 0.7069444444444446 0.74375 0.7972222222222225 0.7875 0.7972222222222225
0 0.71015625 0.7361111111111112 0.665625 0.7361111111111112 0.665625 0.8166666666666667 0.71015625 0.8166666666666667
0 0.64609375 0.7277777777777777 0.60078125 0.7277777777777777 0.60078125 0.8166666666666667 0.64609375 0.8166666666666667
0 0.6921875 0.6194444444444446 0.63984375 0.6194444444444446 0.63984375 0.7222222222222222 0.6921875 0.7222222222222222
0 0.6171875 0.6361111111111113 0.5734375 0.6361111111111113 0.5734375 0.7291666666666666 0.6171875 0.7291666666666666
0 0.571875 0.5083333333333335 0.5109375 0.5083333333333335 0.5109375 0.6388888888888891 0.571875 0.6388888888888891
0 0.54921875 0.8291666666666667 0.51640625 0.8291666666666667 0.51640625 0.8930555555555556 0.54921875 0.8930555555555556
0 0.48359375 0.8069444444444445 0.4578125 0.8069444444444445 0.4578125 0.8625 0.48359375 0.8625
0 0.48125 0.7152777777777778 0.44765625 0.7152777777777778 0.44765625 0.7847222222222222 0.48125 0.7847222222222222
0 0.4453125 0.8083333333333333 0.42265625 0.8083333333333333 0.42265625 0.85 0.4453125 0.85
0 0.42109375 0.775 0.3906250000000001 0.775 0.3906250000000001 0.8305555555555556 0.42109375 0.8305555555555556
0 0.3734375000000001 0.6875000000000001 0.3421875000000001 0.6875 0.3421875000000001 0.7513888888888889 0.3734375000000001 0.7513888888888889
0 0.3468750000000001 0.7430555555555556 0.31718750000000007 0.7430555555555556 0.31718750000000007 0.8013888888888889 0.3468750000000001 0.8013888888888889
0 0.30546875000000007 0.7472222222222222 0.2750000000000001 0.7472222222222222 0.2750000000000001 0.8013888888888889 0.30546875000000007 0.8013888888888889
0 0.34296875000000004 0.6208333333333333 0.30625 0.6208333333333333 0.30625 0.6958333333333333 0.3429687500000001 0.6958333333333333
0 0.3234375000000001 0.7 0.2921875000000001 0.7 0.2921875000000001 0.7652777777777777 0.3234375000000001 0.7652777777777777
0 0.2375000000000001 0.6708333333333333 0.2039062500000001 0.6708333333333333 0.2039062500000001 0.7388888888888889 0.2375000000000001 0.7388888888888889
0 0.31250000000000006 0.6388888888888888 0.2796875 0.6388888888888888 0.27968750000000003 0.7125 0.3125000000000001 0.7125
0 0.26406250000000003 0.6291666666666667 0.225 0.6291666666666667 0.22500000000000003 0.7055555555555556 0.2640625000000001 0.7055555555555556
0 0.18593750000000003 0.6097222222222223 0.15625000000000006 0.6097222222222223 0.15625000000000006 0.6555555555555556 0.18593750000000003 0.6555555555555556
0 0.509375 0.7666666666666667 0.47578125 0.7666666666666667 0.47578125 0.8277777777777777 0.509375 0.8277777777777777
0 0.46875 0.7680555555555556 0.43203125 0.7680555555555556 0.43203125 0.8458333333333333 0.46875 0.8458333333333333
0 0.41640625 0.7291666666666666 0.3812500000000001 0.7291666666666666 0.3812500000000001 0.7888888888888889 0.41640625 0.7888888888888889
0 0.2945312500000001 0.6902777777777778 0.2570312500000001 0.6902777777777778 0.2570312500000001 0.7555555555555555 0.2945312500000001 0.7555555555555555
0 0.228125 0.525 0.19531250000000006 0.525 0.19531250000000006 0.6013888888888889 0.228125 0.6013888888888889
0 0.17031250000000003 0.5486111111111112 0.13984375000000004 0.5486111111111112 0.13984375000000004 0.6166666666666667 0.17031250000000003 0.6166666666666667
0 0.20078125 0.5430555555555555 0.16718750000000004 0.5430555555555555 0.16718750000000004 0.6222222222222222 0.20078125 0.6222222222222222
