0 0.79375 0.22222222222222238 0.7515625 0.22222222222222238 0.7515625 0.3097222222222224 0.79375 0.3097222222222224
0 0.7140625 0.2069444444444446 0.6703125 0.2069444444444446 0.6703125 0.2902777777777779 0.7140625 0.2902777777777779
0 0.6453125 0.2055555555555557 0.60234375 0.2055555555555557 0.60234375 0.29166666666666685 0.6453125 0.29166666666666685
0 0.6890625 0.27777777777777796 0.6390625 0.27777777777777796 0.6390625 0.37638888888888905 0.6890625 0.37638888888888905
0 0.62109375 0.2819444444444446 0.5796875 0.2819444444444446 0.5796875 0.3722222222222224 0.62109375 0.3722222222222224
0 0.57578125 0.3736111111111113 0.51796875 0.3736111111111113 0.51796875 0.501388888888889 0.57578125 0.501388888888889
0 0.55859375 0.11388888888888901 0.52734375 0.11388888888888901 0.52734375 0.176388888888889 0.55859375 0.176388888888889
0 0.49921875 0.13055555555555567 0.47421875 0.13055555555555567 0.47421875 0.1847222222222223 0.49921875 0.1847222222222223
0 0.48203125 0.19583333333333341 0.45 0.19583333333333341 0.45 0.26250000000000007 0.48203125 0.26250000000000007
0 0.4578125 0.14166666666666677 0.43515625 0.14166666666666675 0.43515625 0.17638888888888898 0.4578125 0.176388888888889
0 0.4296875 0.16388888888888897 0.40078125 0.16388888888888897 0.40078125 0.21666666666666676 0.4296875 0.21666666666666676
0 0.37890625 0.23750000000000007 0.34921875 0.23750000000000007 0.34921875 0.3000000000000001 0.37890625 0.3000000000000001
0 0.35390625 0.1847222222222223 0.32578125 0.1847222222222223 0.32578125 0.24027777777777787 0.35390625 0.24027777777777787
0 0.31328125 0.18194444444444452 0.284375 0.18194444444444452 0.284375 0.23333333333333342 0.31328125 0.23333333333333342
0 0.3546875 0.3000000000000001 0.31953125 0.3000000000000001 0.31953125 0.37222222222222223 0.3546875 0.37222222222222223
0 0.3296875 0.21944444444444453 0.3 0.21944444444444453 0.3 0.28333333333333344 0.3296875 0.28333333333333344
0 0.24375 0.23750000000000007 0.21171875 0.23750000000000007 0.21171875 0.30416666666666675 0.24375 0.30416666666666675
0 0.3171875 0.2708333333333334 0.2859375 0.2708333333333334 0.2859375 0.3430555555555556 0.3171875 0.3430555555555556
0 0.26640625 0.2847222222222223 0.22890625 0.2847222222222223 0.22890625 0.35833333333333334 0.26640625 0.35833333333333334
0 0.18750000000000003 0.32222222222222224 0.159375 0.32222222222222224 0.15937500000000002 0.36666666666666664 0.18750000000000006 0.36666666666666664
0 0.5234375 0.15138888888888902 0.490625 0.15138888888888902 0.490625 0.2222222222222223 0.5234375 0.2222222222222223
0 0.46953125 0.15416666666666676 0.4421875 0.15416666666666676 0.4421875 0.21527777777777785 0.46953125 0.21527777777777785
0 0.42734375 0.19861111111111118 0.39375 0.19861111111111118 0.39375 0.25694444444444453 0.42734375 0.25694444444444453
0 0.30078125 0.22638888888888897 0.26484375 0.22638888888888897 0.26484375 0.288888888888889 0.30078125 0.288888888888889
0 0.22109375 0.4041666666666667 0.18984375000000003 0.4041666666666667 0.18984375000000003 0.4791666666666667 0.22109375 0.4791666666666667
0 0.17109375000000004 0.35138888888888886 0.14218750000000005 0.35138888888888886 0.14218750000000005 0.41805555555555557 0.17109375000000004 0.41805555555555557
0 0.203125 0.35000000000000003 0.17109375000000004 0.35 0.17109375000000004 0.4263888888888889 0.203125 0.4263888888888889
