0 0.80234375 0.2680555555555557 0.7640625 0.2680555555555557 0.7640625 0.35000000000000014 0.80234375 0.35000000000000014
0 0.7015625 0.26666666666666683 0.66640625 0.26666666666666683 0.66640625 0.31388888888888905 0.7015625 0.31388888888888905
0 0.65546875 0.22777777777777794 0.615625 0.22777777777777794 0.615625 0.3083333333333335 0.65546875 0.3083333333333335
0 0.703125 0.3083333333333335 0.65859375 0.3083333333333335 0.65859375 0.3958333333333335 0.703125 0.3958333333333335
0 0.62734375 0.30138888888888904 0.5890625 0.30138888888888904 0.5890625 0.3875000000000002 0.62734375 0.3875000000000002
0 0.57109375 0.3652777777777779 0.51875 0.3652777777777779 0.51875 0.48611111111111127 0.57109375 0.48611111111111127
0 0.571875 0.13055555555555567 0.54296875 0.13055555555555567 0.54296875 0.188888888888889 0.571875 0.18888888888888905
0 0.52109375 0.11805555555555568 0.4984375 0.11805555555555568 0.4984375 0.16944444444444456 0.52109375 0.16944444444444456
0 0.490625 0.21527777777777785 0.46171875 0.21527777777777785 0.46171875 0.27916666666666673 0.490625 0.27916666666666673
0 0.47421875 0.1361111111111112 0.45078125 0.13611111111111118 0.45078125 0.17083333333333342 0.47421875 0.17083333333333345
0 0.44375 0.15277777777777785 0.41640625 0.15277777777777785 0.41640625 0.20277777777777786 0.44375 0.20277777777777786
0 0.38984375 0.21944444444444453 0.3625 0.21944444444444453 0.3625 0.27777777777777785 0.38984375 0.27777777777777785
0 0.36796875 0.1625000000000001 0.3421875 0.1625000000000001 0.3421875 0.21527777777777785 0.36796875 0.21527777777777785
0 0.328125 0.15277777777777785 0.30078125 0.15277777777777785 0.30078125 0.20138888888888898 0.328125 0.20138888888888898
0 0.346875 0.27916666666666673 0.31484375 0.27916666666666673 0.31484375 0.3472222222222223 0.346875 0.3472222222222223
0 0.34140625 0.19305555555555565 0.3140625 0.19305555555555565 0.3140625 0.2527777777777779 0.34140625 0.2527777777777779
0 0.2578125 0.1972222222222223 0.22890625 0.1972222222222223 0.22890625 0.2597222222222223 0.2578125 0.2597222222222223
0 0.3234375 0.24305555555555564 0.29765625 0.24305555555555564 0.29765625 0.31111111111111117 0.3234375 0.31111111111111117
0 0.27734375 0.23888888888888896 0.24296875 0.23888888888888896 0.24296875 0.3083333333333334 0.27734375 0.3083333333333334
0 0.5359375 0.15833333333333346 0.50546875 0.15833333333333346 0.50546875 0.2250000000000001 0.5359375 0.2250000000000001
0 0.4828125 0.16250000000000012 0.4578125 0.16250000000000012 0.4578125 0.2208333333333334 0.4828125 0.2208333333333334
0 0.440625 0.18750000000000008 0.39765625 0.18750000000000008 0.39765625 0.25555555555555565 0.440625 0.25555555555555565
0 0.30703125 0.19583333333333341 0.2734375 0.19583333333333341 0.2734375 0.25416666666666676 0.30703125 0.25416666666666676
0 0.2234375 0.3597222222222222 0.19531250000000006 0.3597222222222222 0.19531250000000006 0.43194444444444446 0.2234375 0.43194444444444446
0 0.18125000000000002 0.29305555555555557 0.1546875 0.29305555555555557 0.15468750000000003 0.35694444444444445 0.18125000000000005 0.35694444444444445
0 0.2078125 0.3027777777777778 0.17890625 0.30277777777777776 0.17890625000000002 0.3763888888888889 0.2078125 0.3763888888888889
