0 0.77734375 0.16111111111111126 0.73125 0.16111111111111126 0.73125 0.2541666666666668 0.77734375 0.2541666666666668
0 0.675 0.19722222222222238 0.6359375 0.19722222222222238 0.6359375 0.2555555555555557 0.675 0.2555555555555557
0 0.6296875 0.17777777777777792 0.58203125 0.17777777777777792 0.58203125 0.2694444444444446 0.6296875 0.2694444444444446
0 0.6859375 0.23888888888888904 0.6328125 0.23888888888888904 0.6328125 0.3388888888888891 0.6859375 0.3388888888888891
0 0.6109375 0.25972222222222235 0.56484375 0.25972222222222235 0.56484375 0.35555555555555574 0.6109375 0.35555555555555574
0 0.5671875 0.34305555555555567 0.503125 0.3430555555555556 0.503125 0.4777777777777779 0.5671875 0.4777777777777779
0 0.53359375 0.11388888888888901 0.49921875 0.11388888888888901 0.49921875 0.18055555555555564 0.53359375 0.18055555555555564
0 0.48203125 0.11944444444444456 0.4546875 0.11944444444444456 0.4546875 0.176388888888889 0.48203125 0.176388888888889
0 0.46484375 0.2250000000000001 0.4296875 0.2250000000000001 0.4296875 0.2972222222222223 0.46484375 0.2972222222222223
0 0.4359375 0.15416666666666676 0.409375 0.15416666666666676 0.409375 0.19583333333333341 0.4359375 0.19583333333333341
0 0.41015625 0.18194444444444452 0.378125 0.18194444444444452 0.378125 0.23888888888888896 0.41015625 0.23888888888888896
0 0.365625 0.2666666666666667 0.3328125 0.2666666666666667 0.3328125 0.3333333333333334 0.365625 0.3333333333333334
0 0.3375 0.21944444444444453 0.30625 0.21944444444444453 0.30625 0.27916666666666673 0.3375 0.27916666666666673
0 0.29609375 0.2250000000000001 0.26484375 0.2250000000000001 0.26484375 0.2805555555555556 0.29609375 0.2805555555555556
0 0.33203125 0.34027777777777785 0.29296875 0.34027777777777785 0.29296875 0.41805555555555557 0.33203125 0.41805555555555557
0 0.315625 0.2583333333333334 0.2828125 0.2583333333333334 0.2828125 0.32638888888888895 0.315625 0.32638888888888895
0 0.23515625 0.2944444444444445 0.2 0.2944444444444445 0.2 0.36527777777777776 0.23515625 0.36527777777777776
0 0.3046875 0.313888888888889 0.271875 0.313888888888889 0.271875 0.3888888888888889 0.3046875 0.3888888888888889
0 0.259375 0.32777777777777783 0.21796875 0.32777777777777783 0.21796875 0.40694444444444444 0.259375 0.40694444444444444
0 0.50234375 0.15416666666666679 0.465625 0.15416666666666679 0.465625 0.22916666666666674 0.50234375 0.22916666666666674
0 0.45 0.17777777777777787 0.41953125 0.17777777777777787 0.41953125 0.24166666666666675 0.45 0.24166666666666675
0 0.41328125 0.21666666666666676 0.3640625 0.21666666666666676 0.3640625 0.2986111111111112 0.41328125 0.2986111111111112
0 0.28203125 0.2750000000000001 0.24296875 0.2750000000000001 0.24296875 0.3430555555555556 0.28203125 0.3430555555555556
0 0.22109375 0.4666666666666667 0.18593750000000003 0.4666666666666667 0.18593750000000003 0.5458333333333333 0.22109375 0.5458333333333333
0 0.17109375000000004 0.4166666666666667 0.13828125000000005 0.4166666666666667 0.13828125000000005 0.4875 0.17109375000000004 0.4875
0 0.19921875000000006 0.4166666666666667 0.16328125000000004 0.4166666666666667 0.16328125000000004 0.49722222222222223 0.19921875000000006 0.49722222222222223
