0 0.22109375 0.5194444444444445 0.17734375000000005 0.5194444444444445 0.17734375000000005 0.6097222222222223 0.22109375 0.6097222222222223
0 0.31250000000000006 0.5972222222222222 0.27421875 0.5972222222222222 0.27421875000000007 0.6527777777777778 0.3125000000000001 0.6527777777777778
0 0.35937500000000006 0.6222222222222222 0.3140625 0.6222222222222222 0.3140625 0.7111111111111111 0.3593750000000001 0.7111111111111111
0 0.3296875 0.5180555555555556 0.2796875 0.5180555555555556 0.2796875 0.6138888888888889 0.3296875 0.6138888888888889
0 0.39609375 0.5597222222222223 0.35234375 0.5597222222222222 0.35234375000000007 0.6527777777777779 0.3960937500000001 0.6527777777777779
0 0.47734375 0.48888888888888904 0.41640625 0.48888888888888904 0.41640625 0.6194444444444446 0.47734375 0.6194444444444446
0 0.41484375 0.7736111111111111 0.3820312500000001 0.7736111111111111 0.3820312500000001 0.8375 0.41484375 0.8375
0 0.45546875 0.8138888888888889 0.4296875 0.8138888888888889 0.4296875 0.8694444444444445 0.45546875 0.8694444444444445
0 0.50546875 0.7222222222222222 0.471875 0.7222222222222222 0.471875 0.7916666666666666 0.50546875 0.7916666666666666
0 0.50234375 0.8333333333333334 0.4765625 0.8333333333333334 0.4765625 0.8736111111111111 0.50234375 0.8736111111111111
0 0.5390625 0.8152777777777778 0.50859375 0.8152777777777778 0.50859375 0.8708333333333333 0.5390625 0.8708333333333333
0 0.6015625 0.7666666666666667 0.5703125 0.7666666666666667 0.5703125 0.8305555555555556 0.6015625 0.8305555555555556
0 0.6140625 0.8347222222222223 0.584375 0.8347222222222223 0.584375 0.8930555555555556 0.6140625 0.8930555555555556
0 0.6515625 0.8666666666666667 0.62109375 0.8666666666666667 0.62109375 0.9208333333333333 0.6515625 0.9208333333333333
0 0.65703125 0.7166666666666667 0.6203125 0.7166666666666667 0.6203125 0.7916666666666666 0.65703125 0.7916666666666666
0 0.6453125 0.8111111111111111 0.6140625 0.8111111111111111 0.6140625 0.8763888888888889 0.6453125 0.8763888888888889
0 0.72890625 0.8402777777777779 0.6953125 0.8402777777777778 0.6953125 0.9083333333333334 0.72890625 0.9083333333333337
0 0.66875 0.7625 0.63828125 0.7625 0.63828125 0.8361111111111111 0.66875 0.8361111111111111
0 0.721875 0.7847222222222222 0.6828125 0.7847222222222222 0.6828125 0.8611111111111112 0.721875 0.8611111111111112
0 0.45546875 0.7541666666666667 0.42109375 0.7541666666666667 0.42109375 0.8263888888888888 0.45546875 0.8263888888888888
0 0.5015625 0.7819444444444444 0.47265625 0.7819444444444444 0.47265625 0.8444444444444444 0.5015625 0.8444444444444444
0 0.5640625 0.7666666666666667 0.5171875 0.7666666666666667 0.5171875 0.8444444444444444 0.5640625 0.8444444444444444
0 0.68515625 0.825 0.64765625 0.825 0.64765625 0.8902777777777777 0.68515625 0.8902777777777777
0 0.784375 0.688888888888889 0.7515625 0.688888888888889 0.7515625 0.7652777777777781 0.784375 0.7652777777777781
0 0.8140625 0.779166666666667 0.78359375 0.779166666666667 0.78359375 0.8472222222222225 0.8140625 0.8472222222222225
0 0.79296875 0.7486111111111114 0.759375 0.7486111111111114 0.759375 0.8277777777777781 0.79296875 0.8277777777777781
