0 0.2515625000000001 0.7 0.20859375000000008 0.7 0.20859375000000008 0.7888888888888889 0.2515625000000001 0.7888888888888889
0 0.3437500000000001 0.7305555555555555 0.3062500000000001 0.7305555555555555 0.3062500000000001 0.7833333333333333 0.3437500000000001 0.7833333333333333
0 0.40078125 0.7166666666666667 0.3570312500000001 0.7166666666666667 0.3570312500000001 0.8027777777777778 0.40078125 0.8027777777777778
0 0.35234375000000007 0.6430555555555556 0.303125 0.6430555555555556 0.30312500000000003 0.7375 0.35234375000000007 0.7375
0 0.42265625 0.6305555555555558 0.38046875 0.6305555555555558 0.38046875 0.7222222222222222 0.42265625 0.7222222222222222
0 0.48203125 0.5125000000000002 0.4234375 0.5125000000000002 0.4234375 0.6416666666666668 0.48203125 0.6416666666666668
0 0.47890625 0.8180555555555555 0.44765625 0.8180555555555555 0.44765625 0.8805555555555555 0.47890625 0.8805555555555555
0 0.51875 0.8291666666666667 0.49375 0.8291666666666667 0.49375 0.8833333333333333 0.51875 0.8833333333333333
0 0.55546875 0.7138888888888889 0.52265625 0.7138888888888889 0.52265625 0.7819444444444444 0.55546875 0.7819444444444444
0 0.5703125 0.8194444444444444 0.5453125 0.8194444444444444 0.5453125 0.8583333333333333 0.5703125 0.8583333333333333
0 0.61015625 0.7763888888888889 0.58046875 0.7763888888888889 0.58046875 0.8305555555555556 0.61015625 0.8305555555555556
0 0.65234375 0.7055555555555557 0.621875 0.7055555555555557 0.621875 0.7680555555555556 0.65234375 0.7680555555555556
0 0.67734375 0.7652777777777777 0.6484375 0.7652777777777777 0.6484375 0.8222222222222222 0.67734375 0.8222222222222222
0 0.71875 0.7611111111111111 0.6890625 0.7611111111111111 0.6890625 0.8138888888888889 0.71875 0.8138888888888889
0 0.6921875 0.6222222222222223 0.65625 0.6222222222222223 0.65625 0.6958333333333335 0.6921875 0.6958333333333335
0 0.703125 0.7125 0.67265625 0.7125 0.67265625 0.7763888888888889 0.703125 0.7763888888888889
0 0.796875 0.6819444444444446 0.7640625 0.6819444444444446 0.7640625 0.7486111111111114 0.796875 0.7486111111111114
0 0.7171875 0.651388888888889 0.6875 0.651388888888889 0.6875 0.7236111111111111 0.7171875 0.7236111111111111
0 0.77109375 0.6430555555555557 0.7328125 0.6430555555555557 0.7328125 0.7180555555555559 0.77109375 0.7180555555555559
0 0.51484375 0.775 0.48125 0.775 0.48125 0.8458333333333333 0.51484375 0.8458333333333333
0 0.56171875 0.7722222222222223 0.53359375 0.7722222222222223 0.53359375 0.8333333333333334 0.56171875 0.8333333333333334
0 0.61953125 0.725 0.5734375 0.725 0.5734375 0.8 0.61953125 0.8
0 0.72734375 0.7125000000000001 0.6984375 0.7125 0.6984375 0.7708333333333335 0.72734375 0.7708333333333337
0 0.81171875 0.5125000000000002 0.7796875 0.5125000000000002 0.7796875 0.588888888888889 0.81171875 0.588888888888889
0 0.85546875 0.5791666666666668 0.82578125 0.5791666666666668 0.82578125 0.6458333333333335 0.85546875 0.6458333333333335
0 0.83125 0.563888888888889 0.7984375 0.563888888888889 0.7984375 0.6416666666666668 0.83125 0.6416666666666668
0 0.64296875 0.6305555555555558 0.59921875 0.6305555555555558 0.59921875 0.7138888888888889 0.64296875 0.7138888888888889