0 0.2265625 0.3208333333333334 0.18828125 0.3208333333333334 0.18828125 0.4027777777777778 0.2265625 0.4027777777777778
0 0.31640625 0.29166666666666674 0.28125 0.29166666666666674 0.28125 0.33888888888888896 0.31640625 0.33888888888888896
0 0.371875 0.251388888888889 0.33203125 0.251388888888889 0.33203125 0.33194444444444454 0.371875 0.33194444444444454
0 0.33125 0.3347222222222223 0.28671875 0.3347222222222223 0.28671875 0.4222222222222222 0.33125 0.4222222222222222
0 0.40234375 0.3222222222222223 0.3640625 0.3222222222222223 0.3640625 0.4083333333333335 0.40234375 0.4083333333333335
0 0.4703125 0.3819444444444446 0.41796875 0.3819444444444446 0.41796875 0.502777777777778 0.4703125 0.502777777777778
0 0.4375 0.14305555555555563 0.40859375 0.14305555555555563 0.40859375 0.20138888888888898 0.4375 0.20138888888888898
0 0.47578125 0.1250000000000001 0.453125 0.12500000000000008 0.453125 0.17638888888888898 0.47578125 0.176388888888889
0 0.5234375 0.21250000000000008 0.49453125 0.21250000000000008 0.49453125 0.27638888888888896 0.5234375 0.27638888888888896
0 0.52890625 0.13055555555555567 0.50546875 0.13055555555555567 0.50546875 0.16527777777777788 0.52890625 0.16527777777777788
0 0.57109375 0.14444444444444457 0.54375 0.14444444444444457 0.54375 0.19444444444444456 0.57109375 0.19444444444444461
0 0.6203125 0.18888888888888905 0.59296875 0.18888888888888905 0.59296875 0.24722222222222237 0.6203125 0.24722222222222237
0 0.63828125 0.12638888888888902 0.6125 0.126388888888889 0.6125 0.17916666666666684 0.63828125 0.17916666666666684
0 0.6796875 0.1194444444444446 0.65234375 0.1194444444444446 0.65234375 0.1680555555555557 0.6796875 0.1680555555555557
0 0.66796875 0.24722222222222237 0.6359375 0.24722222222222237 0.6359375 0.31527777777777793 0.66796875 0.31527777777777793
0 0.66875 0.16250000000000014 0.64140625 0.16250000000000014 0.64140625 0.22222222222222238 0.66875 0.22222222222222238
0 0.76328125 0.1541666666666668 0.734375 0.1541666666666668 0.734375 0.2166666666666668 0.76328125 0.2166666666666668
0 0.6890625 0.20833333333333348 0.66328125 0.20833333333333348 0.66328125 0.2763888888888891 0.6890625 0.2763888888888891
0 0.74296875 0.1958333333333335 0.70859375 0.1958333333333335 0.70859375 0.26527777777777795 0.74296875 0.26527777777777795
0 0.4765625 0.163888888888889 0.44609375 0.16388888888888897 0.44609375 0.23055555555555562 0.4765625 0.23055555555555562
0 0.52421875 0.15833333333333346 0.49921875 0.15833333333333346 0.49921875 0.21666666666666676 0.52421875 0.21666666666666676
0 0.5859375 0.17500000000000013 0.54296875 0.17500000000000013 0.54296875 0.24305555555555566 0.5859375 0.24305555555555572
0 0.69296875 0.1583333333333335 0.6671875 0.1583333333333335 0.6671875 0.21250000000000016 0.69296875 0.21250000000000016
0 0.79765625 0.3069444444444446 0.76953125 0.3069444444444446 0.76953125 0.3791666666666668 0.79765625 0.3791666666666668
0 0.83359375 0.2319444444444446 0.80703125 0.2319444444444446 0.80703125 0.2958333333333335 0.83359375 0.2958333333333335
0 0.81015625 0.24722222222222237 0.78125 0.24722222222222237 0.78125 0.32083333333333347 0.81015625 0.32083333333333347
0 0.61875 0.24861111111111128 0.57890625 0.24861111111111128 0.57890625 0.32638888888888906 0.61875 0.32638888888888906