0 0.22734375000000004 0.6069444444444444 0.18984375000000003 0.6069444444444444 0.18984375000000003 0.6888888888888889 0.2273437500000001 0.6888888888888889
0 0.3179687500000001 0.6694444444444444 0.2835937500000001 0.6694444444444444 0.2835937500000001 0.7152777777777778 0.3179687500000001 0.7152777777777778
0 0.3671875000000001 0.6736111111111112 0.3281250000000001 0.6736111111111112 0.3281250000000001 0.7527777777777778 0.3671875000000001 0.7527777777777778
0 0.33046875000000003 0.5833333333333334 0.28671875 0.5833333333333334 0.28671875 0.6694444444444444 0.3304687500000001 0.6694444444444444
0 0.40390625 0.5972222222222224 0.36640625 0.5972222222222224 0.36640625000000004 0.6819444444444446 0.40390625 0.6819444444444446
0 0.47109375 0.5000000000000001 0.41953125 0.5000000000000001 0.41953125 0.6194444444444446 0.47109375 0.6194444444444446
0 0.440625 0.8013888888888889 0.4125 0.8013888888888889 0.4125 0.8583333333333333 0.440625 0.8583333333333333
0 0.48046875 0.825 0.45859375 0.825 0.45859375 0.875 0.48046875 0.875
0 0.5171875 0.7472222222222222 0.48828125 0.7472222222222222 0.48828125 0.8083333333333333 0.5171875 0.8083333333333333
0 0.53359375 0.8347222222222223 0.51015625 0.8347222222222223 0.51015625 0.8694444444444445 0.53359375 0.8694444444444445
0 0.56953125 0.8055555555555556 0.54296875 0.8055555555555556 0.54296875 0.8541666666666666 0.56953125 0.8541666666666666
0 0.61796875 0.7513888888888889 0.59140625 0.7513888888888889 0.59140625 0.8097222222222222 0.61796875 0.8097222222222222
0 0.64140625 0.8069444444444445 0.615625 0.8069444444444445 0.615625 0.8583333333333333 0.64140625 0.8583333333333333
0 0.6828125 0.8277777777777777 0.65625 0.8277777777777777 0.65625 0.875 0.6828125 0.875
0 0.646875 0.7013888888888891 0.61484375 0.7013888888888891 0.61484375 0.7694444444444445 0.646875 0.7694444444444445
0 0.67109375 0.7736111111111111 0.64453125 0.7736111111111111 0.64453125 0.8333333333333334 0.67109375 0.8333333333333334
0 0.76640625 0.7763888888888892 0.7375 0.7763888888888892 0.7375 0.8388888888888892 0.76640625 0.8388888888888892
0 0.70390625 0.7111111111111111 0.671875 0.7111111111111111 0.671875 0.7805555555555556 0.70390625 0.7805555555555556
0 0.7453125 0.7291666666666669 0.71171875 0.7291666666666666 0.71171875 0.7972222222222224 0.7453125 0.7972222222222225
0 0.4796875 0.7708333333333334 0.45 0.7708333333333334 0.45 0.8361111111111111 0.4796875 0.8361111111111111
0 0.521875 0.7986111111111112 0.496875 0.7986111111111112 0.496875 0.8430555555555556 0.521875 0.8430555555555556
0 0.58828125 0.7569444444444444 0.54609375 0.7569444444444444 0.54609375 0.8236111111111111 0.58828125 0.8236111111111111
0 0.69609375 0.7819444444444444 0.6703125 0.7819444444444444 0.6703125 0.8361111111111111 0.69609375 0.8361111111111111
0 0.784375 0.6416666666666668 0.75703125 0.6416666666666668 0.75703125 0.7125000000000004 0.784375 0.7125000000000004
0 0.83515625 0.6944444444444446 0.809375 0.6944444444444446 0.809375 0.7569444444444448 0.83515625 0.7569444444444448
0 0.81171875 0.6708333333333335 0.78359375 0.6708333333333335 0.78359375 0.7430555555555559 0.81171875 0.7430555555555559
0 0.60234375 0.676388888888889 0.56328125 0.676388888888889 0.56328125 0.7527777777777778 0.60234375 0.7527777777777778
