0 0.80703125 0.2958333333333335 0.77109375 0.2958333333333335 0.77109375 0.37500000000000017 0.80703125 0.37500000000000017
0 0.7125 0.27361111111111125 0.67890625 0.27361111111111125 0.67890625 0.3180555555555557 0.7125 0.3180555555555557
0 0.6671875 0.24027777777777792 0.6296875 0.24027777777777792 0.6296875 0.3166666666666668 0.6671875 0.3166666666666668
0 0.71015625 0.32083333333333347 0.66796875 0.32083333333333347 0.66796875 0.40416666666666684 0.71015625 0.40416666666666684
0 0.63046875 0.31250000000000017 0.59453125 0.31250000000000017 0.59453125 0.3944444444444446 0.63046875 0.3944444444444446
0 0.57890625 0.3791666666666668 0.5296875 0.3791666666666668 0.5296875 0.4958333333333335 0.57890625 0.4958333333333335
0 0.58125 0.138888888888889 0.55390625 0.138888888888889 0.55390625 0.19444444444444461 0.58125 0.19444444444444461
0 0.53515625 0.1250000000000001 0.5140625 0.1250000000000001 0.5140625 0.17361111111111122 0.53515625 0.17361111111111122
0 0.50703125 0.19444444444444453 0.47890625 0.19444444444444453 0.47890625 0.2527777777777779 0.50703125 0.2527777777777779
0 0.48359375 0.13333333333333344 0.4609375 0.13333333333333344 0.4609375 0.1666666666666668 0.48359375 0.1666666666666668
0 0.45 0.15138888888888896 0.42421875 0.15138888888888896 0.42421875 0.19861111111111118 0.45 0.19861111111111118
0 0.40390625 0.19861111111111118 0.378125 0.19861111111111118 0.378125 0.25555555555555565 0.40390625 0.25555555555555565
0 0.37734375 0.15000000000000008 0.353125 0.15000000000000008 0.353125 0.20000000000000007 0.37734375 0.20000000000000007
0 0.33671875 0.13750000000000007 0.3109375 0.13750000000000007 0.3109375 0.1833333333333334 0.33671875 0.1833333333333334
0 0.38046875 0.24027777777777787 0.35 0.24027777777777787 0.35 0.30555555555555564 0.38046875 0.30555555555555564
0 0.34921875 0.17777777777777787 0.32421875 0.17777777777777787 0.32421875 0.2361111111111112 0.34921875 0.2361111111111112
0 0.25625 0.17916666666666675 0.22890625 0.17916666666666675 0.22890625 0.23888888888888896 0.25625 0.23888888888888896
0 0.3234375 0.23333333333333342 0.29296875 0.23333333333333342 0.29296875 0.301388888888889 0.3234375 0.301388888888889
0 0.28359375 0.21944444444444453 0.25078125 0.21944444444444453 0.25078125 0.2861111111111112 0.28359375 0.2861111111111112
0 0.54375 0.16250000000000012 0.515625 0.16250000000000012 0.515625 0.22638888888888897 0.54375 0.22638888888888897
0 0.496875 0.15972222222222235 0.47265625 0.15972222222222235 0.47265625 0.20277777777777786 0.496875 0.20277777777777786
0 0.4484375 0.18194444444444452 0.4078125 0.18194444444444452 0.4078125 0.2472222222222223 0.4484375 0.2472222222222223
0 0.3234375 0.17638888888888896 0.29921875 0.17638888888888896 0.29921875 0.22916666666666674 0.3234375 0.22916666666666674
0 0.23984375 0.30555555555555564 0.21328125 0.30555555555555564 0.21328125 0.375 0.23984375 0.375
0 0.18593750000000003 0.26388888888888895 0.16171875 0.2638888888888889 0.16171875000000002 0.32500000000000007 0.18593750000000003 0.32500000000000007
0 0.21171875 0.27638888888888896 0.18515625 0.27638888888888896 0.18515625000000002 0.3472222222222223 0.21171875 0.3472222222222223
0 0.43203125 0.25555555555555565 0.39453125 0.25555555555555565 0.39453125 0.3291666666666667 0.43203125 0.3291666666666667
