0 0.26250000000000007 0.7305555555555555 0.2171875000000001 0.7305555555555555 0.2171875000000001 0.8222222222222222 0.26250000000000007 0.8222222222222222
0 0.3546875000000001 0.7486111111111111 0.3164062500000001 0.7486111111111111 0.3164062500000001 0.8055555555555556 0.3546875000000001 0.8055555555555556
0 0.39921875000000007 0.7194444444444444 0.3546875000000001 0.7194444444444444 0.3546875000000001 0.8166666666666667 0.39921875000000007 0.8166666666666667
0 0.3593750000000001 0.6625 0.3078125000000001 0.6625 0.3078125000000001 0.7597222222222222 0.3593750000000001 0.7597222222222222
0 0.43203125 0.640277777777778 0.38671875 0.640277777777778 0.38671875000000006 0.7347222222222223 0.43203125 0.7347222222222223
0 0.48671875 0.5166666666666668 0.42421875 0.5166666666666668 0.42421875 0.6500000000000001 0.48671875 0.6500000000000001
0 0.49375 0.8208333333333333 0.46015625 0.8208333333333333 0.46015625 0.8861111111111111 0.49375 0.8861111111111111
0 0.5375 0.8111111111111111 0.5109375 0.8111111111111111 0.5109375 0.8666666666666667 0.5375 0.8666666666666667
0 0.56484375 0.7222222222222222 0.53046875 0.7222222222222222 0.53046875 0.7902777777777777 0.56484375 0.7902777777777777
0 0.58359375 0.8097222222222222 0.55703125 0.8097222222222222 0.55703125 0.8513888888888889 0.58359375 0.8513888888888889
0 0.61796875 0.7638888888888888 0.58671875 0.7638888888888888 0.58671875 0.8208333333333333 0.61796875 0.8208333333333333
0 0.6578125 0.690277777777778 0.62578125 0.690277777777778 0.62578125 0.7555555555555555 0.6578125 0.7555555555555555
0 0.6875 0.7333333333333333 0.65703125 0.7333333333333333 0.65703125 0.7916666666666666 0.6875 0.7916666666666666
0 0.73046875 0.7333333333333335 0.69921875 0.7333333333333333 0.69921875 0.7888888888888891 0.73046875 0.7888888888888892
0 0.6796875 0.6291666666666669 0.64140625 0.6291666666666669 0.64140625 0.7055555555555557 0.6796875 0.7055555555555557
0 0.71328125 0.6861111111111112 0.68125 0.6861111111111112 0.68125 0.7527777777777778 0.71328125 0.7527777777777778
0 0.80546875 0.6458333333333335 0.77109375 0.6458333333333335 0.77109375 0.7152777777777781 0.80546875 0.7152777777777781
0 0.7359375 0.6125000000000002 0.69765625 0.6125000000000002 0.69765625 0.690277777777778 0.7359375 0.690277777777778
0 0.771875 0.6222222222222223 0.73203125 0.6222222222222223 0.73203125 0.7000000000000002 0.771875 0.7000000000000002
0 0.5265625 0.7736111111111111 0.490625 0.7736111111111111 0.490625 0.8472222222222222 0.5265625 0.8472222222222222
0 0.57578125 0.7722222222222223 0.54453125 0.7722222222222223 0.54453125 0.8277777777777777 0.57578125 0.8277777777777777
0 0.6265625 0.7166666666666667 0.5859375 0.7166666666666667 0.5859375 0.7875 0.6265625 0.7875
0 0.740625 0.6750000000000002 0.70625 0.6750000000000002 0.70625 0.7458333333333335 0.740625 0.7458333333333337
0 0.8046875 0.5069444444444446 0.7703125 0.5069444444444446 0.7703125 0.5847222222222224 0.8046875 0.5847222222222224
0 0.86015625 0.5361111111111113 0.82890625 0.5361111111111113 0.82890625 0.6055555555555557 0.86015625 0.6055555555555557
0 0.83515625 0.5236111111111112 0.8 0.5236111111111112 0.8 0.602777777777778 0.83515625 0.602777777777778
0 0.634375 0.6250000000000001 0.58828125 0.6250000000000001 0.58828125 0.7125 0.634375 0.7125
