0 0.22421875 0.3375000000000001 0.18437500000000004 0.3375000000000001 0.18437500000000004 0.4222222222222222 0.22421875 0.4222222222222222
0 0.31328125 0.30277777777777787 0.27734375 0.30277777777777787 0.27734375 0.35277777777777786 0.31328125 0.35277777777777786
0 0.35625 0.26805555555555566 0.3171875 0.26805555555555566 0.3171875 0.35833333333333334 0.35625 0.35833333333333334
0 0.328125 0.3472222222222223 0.28203125 0.3472222222222223 0.28203125 0.4361111111111111 0.328125 0.4361111111111111
0 0.40078125 0.32777777777777783 0.3609375 0.32777777777777783 0.3609375 0.41527777777777786 0.40078125 0.4152777777777779
0 0.4703125 0.38472222222222235 0.415625 0.38472222222222235 0.415625 0.5083333333333335 0.4703125 0.5083333333333335
0 0.43203125 0.1472222222222223 0.40234375 0.1472222222222223 0.40234375 0.20694444444444451 0.43203125 0.20694444444444451
0 0.47578125 0.13888888888888898 0.45234375 0.13888888888888898 0.45234375 0.19027777777777785 0.47578125 0.19027777777777785
0 0.51640625 0.19861111111111118 0.4859375 0.19861111111111118 0.4859375 0.2611111111111112 0.51640625 0.2611111111111112
0 0.521875 0.13055555555555567 0.49765625 0.13055555555555567 0.49765625 0.1666666666666668 0.521875 0.1666666666666668
0 0.5609375 0.1402777777777779 0.5328125 0.1402777777777779 0.5328125 0.1916666666666668 0.5609375 0.19166666666666682
0 0.61015625 0.1819444444444446 0.58203125 0.1819444444444446 0.58203125 0.24166666666666684 0.61015625 0.24166666666666684
0 0.63203125 0.1291666666666668 0.60546875 0.1291666666666668 0.60546875 0.1833333333333335 0.63203125 0.1833333333333335
0 0.67265625 0.10972222222222237 0.64453125 0.10972222222222237 0.64453125 0.15972222222222238 0.67265625 0.15972222222222238
0 0.640625 0.21805555555555572 0.60703125 0.21805555555555572 0.60703125 0.28750000000000014 0.640625 0.28750000000000014
0 0.66328125 0.15277777777777793 0.63515625 0.15277777777777793 0.63515625 0.21388888888888904 0.66328125 0.21388888888888904
0 0.7578125 0.13888888888888903 0.72734375 0.13888888888888903 0.72734375 0.20277777777777795 0.7578125 0.20277777777777795
0 0.696875 0.20138888888888903 0.66328125 0.20138888888888903 0.66328125 0.27361111111111125 0.696875 0.27361111111111125
0 0.72890625 0.17361111111111127 0.69296875 0.17361111111111127 0.69296875 0.2444444444444446 0.72890625 0.2444444444444446
0 0.46953125 0.16666666666666677 0.43828125 0.16666666666666674 0.43828125 0.2347222222222223 0.46953125 0.2347222222222223
0 0.51953125 0.15833333333333346 0.49140625 0.15833333333333346 0.49140625 0.20833333333333343 0.51953125 0.20833333333333343
0 0.57578125 0.17083333333333345 0.5390625 0.17083333333333345 0.5390625 0.23333333333333345 0.57578125 0.2333333333333335
0 0.690625 0.14583333333333348 0.66015625 0.14583333333333348 0.66015625 0.21111111111111128 0.690625 0.21111111111111128
0 0.7796875 0.2625000000000002 0.75 0.2625000000000002 0.75 0.33611111111111125 0.7796875 0.33611111111111125
0 0.82890625 0.21250000000000016 0.8015625 0.21250000000000016 0.8015625 0.27777777777777796 0.82890625 0.27777777777777796
0 0.80625 0.22777777777777794 0.7765625 0.22777777777777794 0.7765625 0.3027777777777779 0.80625 0.3027777777777779
0 0.596875 0.24027777777777792 0.55625 0.24027777777777792 0.55625 0.3194444444444446 0.596875 0.3194444444444446
