0 0.2359375 0.3000000000000001 0.19375 0.3000000000000001 0.19375000000000003 0.37083333333333335 0.2359375 0.37083333333333335
0 0.31328125 0.2611111111111112 0.275 0.2611111111111112 0.275 0.33055555555555566 0.31328125 0.33055555555555566
0 0.36328125 0.2472222222222223 0.3359375 0.2472222222222223 0.3359375 0.31250000000000006 0.36328125 0.31250000000000006
0 0.33671875 0.35833333333333334 0.2953125 0.35833333333333334 0.2953125 0.4388888888888889 0.33671875 0.4388888888888889
0 0.39375 0.32638888888888895 0.3640625 0.32638888888888895 0.3640625 0.3930555555555557 0.39375 0.3930555555555557
0 0.49140625 0.40277777777777796 0.4484375 0.40277777777777796 0.4484375 0.5083333333333335 0.49140625 0.5083333333333335
0 0.440625 0.12916666666666674 0.4140625 0.12916666666666674 0.4140625 0.1847222222222223 0.440625 0.1847222222222223
0 0.490625 0.1277777777777779 0.47265625 0.1277777777777779 0.47265625 0.17222222222222233 0.490625 0.17222222222222233
0 0.5359375 0.21805555555555564 0.509375 0.21805555555555564 0.509375 0.2847222222222223 0.5359375 0.2847222222222223
0 0.5484375 0.1250000000000001 0.52265625 0.1250000000000001 0.52265625 0.1916666666666668 0.5484375 0.19166666666666682
0 0.58203125 0.15555555555555567 0.56015625 0.15555555555555567 0.56015625 0.19722222222222238 0.58203125 0.19722222222222238
0 0.61953125 0.2069444444444446 0.5984375 0.2069444444444446 0.5984375 0.2541666666666668 0.61953125 0.2541666666666668
0 0.65 0.15138888888888902 0.628125 0.15138888888888902 0.628125 0.19722222222222238 0.65 0.19722222222222238
0 0.678125 0.1430555555555557 0.66015625 0.1430555555555557 0.66015625 0.17777777777777792 0.678125 0.17777777777777792
0 0.66640625 0.2555555555555557 0.640625 0.2555555555555557 0.640625 0.3097222222222224 0.66640625 0.3097222222222224
0 0.6796875 0.19166666666666682 0.65703125 0.19166666666666682 0.65703125 0.24027777777777792 0.6796875 0.24027777777777792
0 0.753125 0.16388888888888906 0.72578125 0.16388888888888906 0.72578125 0.22500000000000014 0.753125 0.22500000000000014
0 0.70234375 0.2347222222222224 0.67578125 0.2347222222222224 0.67578125 0.30138888888888904 0.70234375 0.30138888888888904
0 0.771875 0.2555555555555557 0.74453125 0.2555555555555557 0.74453125 0.3111111111111113 0.771875 0.3111111111111113
0 0.81484375 0.23888888888888904 0.78828125 0.23888888888888904 0.78828125 0.30000000000000016 0.81484375 0.30000000000000016
0 0.4953125 0.16527777777777788 0.46640625 0.16527777777777788 0.46640625 0.21805555555555564 0.4953125 0.21805555555555564
0 0.53203125 0.15833333333333346 0.50703125 0.15833333333333346 0.50703125 0.21527777777777785 0.53203125 0.21527777777777785
0 0.5828125 0.1819444444444446 0.5578125 0.1819444444444446 0.5578125 0.23611111111111127 0.5828125 0.23611111111111127
0 0.7140625 0.19027777777777793 0.6890625 0.19027777777777793 0.6890625 0.24305555555555572 0.7140625 0.24305555555555572
0 0.79375 0.3097222222222224 0.76796875 0.3097222222222224 0.76796875 0.3791666666666668 0.79375 0.3791666666666668
0 0.84765625 0.2611111111111113 0.82109375 0.2611111111111113 0.82109375 0.31527777777777793 0.84765625 0.31527777777777793
0 0.85 0.3097222222222224 0.81796875 0.3097222222222224 0.81796875 0.3805555555555557 0.85 0.3805555555555557