0 0.79921875 0.2902777777777779 0.75546875 0.2902777777777779 0.75546875 0.36388888888888904 0.79921875 0.36388888888888904
0 0.715625 0.25000000000000017 0.6765625 0.25000000000000017 0.6765625 0.32222222222222235 0.715625 0.32222222222222235
0 0.67734375 0.2444444444444446 0.6375 0.2444444444444446 0.6375 0.3194444444444446 0.67734375 0.3194444444444446
0 0.7078125 0.31388888888888905 0.66484375 0.31388888888888905 0.66484375 0.39722222222222237 0.7078125 0.39722222222222237
0 0.63046875 0.3083333333333335 0.59296875 0.3083333333333335 0.59296875 0.3819444444444446 0.63046875 0.3819444444444446
0 0.57109375 0.3958333333333335 0.521875 0.3958333333333335 0.521875 0.502777777777778 0.57109375 0.502777777777778
0 0.57265625 0.13333333333333344 0.54453125 0.13333333333333344 0.54453125 0.19027777777777793 0.57265625 0.19027777777777793
0 0.52109375 0.1291666666666668 0.50234375 0.1291666666666668 0.50234375 0.176388888888889 0.52109375 0.176388888888889
0 0.48671875 0.2097222222222223 0.45546875 0.2097222222222223 0.45546875 0.27916666666666673 0.48671875 0.27916666666666673
0 0.47421875 0.13888888888888898 0.45 0.13888888888888898 0.45 0.18055555555555564 0.47421875 0.18055555555555564
0 0.4390625 0.15416666666666676 0.4171875 0.15416666666666676 0.4171875 0.1972222222222223 0.4390625 0.1972222222222223
0 0.4015625 0.20277777777777786 0.37578125 0.20277777777777786 0.37578125 0.2597222222222223 0.4015625 0.2597222222222223
0 0.36640625 0.1597222222222223 0.34375 0.1597222222222223 0.34375 0.20694444444444451 0.36640625 0.20694444444444451
0 0.32890625 0.15138888888888896 0.3046875 0.15138888888888896 0.3046875 0.19583333333333341 0.32890625 0.19583333333333341
0 0.3765625 0.24444444444444452 0.346875 0.24444444444444452 0.346875 0.3097222222222223 0.3765625 0.3097222222222223
0 0.3390625 0.19305555555555565 0.315625 0.19305555555555565 0.315625 0.24305555555555564 0.3390625 0.24305555555555564
0 0.25625 0.19166666666666674 0.23046875 0.19166666666666674 0.23046875 0.24305555555555564 0.25625 0.24305555555555564
0 0.3234375 0.24166666666666675 0.29609375 0.24166666666666675 0.29609375 0.3097222222222223 0.3234375 0.3097222222222223
0 0.27109375 0.24444444444444452 0.24296875 0.24444444444444452 0.24296875 0.301388888888889 0.27109375 0.301388888888889
0 0.54375 0.16111111111111123 0.5140625 0.16111111111111123 0.5140625 0.21527777777777785 0.54375 0.21527777777777785
0 0.48984375 0.1666666666666668 0.4640625 0.1666666666666668 0.4640625 0.21805555555555564 0.48984375 0.21805555555555564
0 0.43984375 0.18888888888888897 0.41015625 0.18888888888888897 0.41015625 0.2486111111111112 0.43984375 0.2486111111111112
0 0.3125 0.1972222222222223 0.2859375 0.1972222222222223 0.2859375 0.251388888888889 0.3125 0.251388888888889
0 0.23203125 0.31944444444444453 0.2046875 0.31944444444444453 0.2046875 0.3902777777777778 0.23203125 0.3902777777777778
0 0.17968750000000003 0.28194444444444444 0.15625 0.28194444444444444 0.15625000000000003 0.34305555555555556 0.17968750000000006 0.34305555555555556
0 0.20625 0.3055555555555556 0.17890625 0.3055555555555556 0.17890625000000002 0.36944444444444446 0.20625 0.36944444444444446
0 0.42109375 0.26527777777777783 0.38984375 0.26527777777777783 0.38984375 0.3430555555555556 0.42109375 0.3430555555555556