0 0.2328125 0.4166666666666667 0.18281250000000004 0.4166666666666667 0.18281250000000004 0.5027777777777778 0.2328125 0.5027777777777778
0 0.30234375 0.34166666666666673 0.25703125 0.34166666666666673 0.25703125 0.425 0.30234375 0.425
0 0.328125 0.4013888888888889 0.28203125 0.4013888888888889 0.28203125 0.4875 0.328125 0.4875
0 0.35234375 0.30277777777777787 0.3015625 0.30277777777777787 0.3015625 0.39861111111111114 0.35234375 0.39861111111111114
0 0.39296875 0.351388888888889 0.34609375 0.351388888888889 0.34609375 0.4472222222222223 0.39296875 0.44722222222222235
0 0.47421875 0.34583333333333344 0.41484375 0.34583333333333344 0.41484375 0.47638888888888903 0.47421875 0.47638888888888903
0 0.40703125 0.16388888888888897 0.3734375 0.16388888888888897 0.3734375 0.22916666666666674 0.40703125 0.22916666666666674
0 0.45078125 0.14444444444444451 0.42734375 0.14444444444444451 0.42734375 0.19583333333333341 0.45078125 0.19583333333333341
0 0.5015625 0.19444444444444453 0.4640625 0.19444444444444453 0.4640625 0.2722222222222223 0.5015625 0.2722222222222223
0 0.50078125 0.1291666666666668 0.4734375 0.1291666666666668 0.4734375 0.17777777777777787 0.50078125 0.17777777777777787
0 0.52890625 0.13194444444444456 0.503125 0.13194444444444456 0.503125 0.18055555555555564 0.52890625 0.18055555555555564
0 0.59375 0.1666666666666668 0.5625 0.1666666666666668 0.5625 0.2305555555555557 0.59375 0.2305555555555557
0 0.6046875 0.08750000000000013 0.57734375 0.08750000000000012 0.57734375 0.1402777777777779 0.6046875 0.1402777777777779
0 0.63828125 0.07222222222222235 0.61015625 0.07222222222222235 0.61015625 0.12361111111111125 0.63828125 0.12361111111111127
0 0.64140625 0.19027777777777793 0.60546875 0.19027777777777793 0.60546875 0.26388888888888906 0.64140625 0.26388888888888906
0 0.63984375 0.11944444444444459 0.61171875 0.11944444444444456 0.61171875 0.17638888888888904 0.63984375 0.17638888888888904
0 0.721875 0.08055555555555571 0.69140625 0.08055555555555571 0.69140625 0.13888888888888903 0.721875 0.13888888888888903
0 0.67578125 0.15555555555555572 0.6421875 0.15555555555555572 0.6421875 0.2305555555555557 0.67578125 0.2305555555555557
0 0.73203125 0.14027777777777795 0.6984375 0.14027777777777795 0.6984375 0.2055555555555557 0.73203125 0.2055555555555557
0 0.44453125 0.18055555555555564 0.41015625 0.18055555555555564 0.41015625 0.24305555555555564 0.44453125 0.24305555555555564
0 0.49140625 0.16250000000000012 0.4625 0.16250000000000012 0.4625 0.20694444444444451 0.49140625 0.20694444444444451
0 0.5546875 0.16250000000000012 0.51953125 0.16250000000000012 0.51953125 0.23055555555555568 0.5546875 0.2305555555555557
0 0.66953125 0.11111111111111127 0.63828125 0.11111111111111127 0.63828125 0.1722222222222224 0.66953125 0.1722222222222224
0 0.76015625 0.18611111111111128 0.72578125 0.18611111111111128 0.72578125 0.26388888888888906 0.76015625 0.26388888888888906
0 0.82421875 0.1347222222222224 0.7890625 0.13472222222222238 0.7890625 0.2097222222222224 0.82421875 0.2097222222222224
0 0.7921875 0.15972222222222238 0.75390625 0.15972222222222238 0.75390625 0.23750000000000016 0.7921875 0.23750000000000016
0 0.5828125 0.22361111111111123 0.54375 0.22361111111111118 0.54375 0.30972222222222234 0.5828125 0.3097222222222224