0 0.78515625 0.6986111111111113 0.73671875 0.6986111111111113 0.73671875 0.7819444444444448 0.78515625 0.7819444444444448
0 0.69921875 0.7208333333333333 0.65546875 0.7208333333333333 0.65546875 0.8013888888888889 0.69921875 0.8013888888888889
0 0.68984375 0.6458333333333335 0.6453125 0.6458333333333335 0.6453125 0.7291666666666666 0.68984375 0.7291666666666666
0 0.65078125 0.7111111111111111 0.6015625 0.7111111111111111 0.6015625 0.8041666666666667 0.65078125 0.8041666666666667
0 0.6203125 0.6375000000000002 0.57578125 0.6375000000000002 0.57578125 0.7305555555555555 0.6203125 0.7305555555555555
0 0.559375 0.5583333333333335 0.503125 0.5583333333333335 0.503125 0.6847222222222223 0.559375 0.6847222222222223
0 0.55 0.8236111111111111 0.51796875 0.8236111111111111 0.51796875 0.8875 0.55 0.8875
0 0.4953125 0.8222222222222222 0.4734375 0.8222222222222222 0.4734375 0.8722222222222222 0.4953125 0.8722222222222222
0 0.475 0.7208333333333333 0.4390625 0.7208333333333333 0.4390625 0.7958333333333333 0.475 0.7958333333333333
0 0.44921875 0.8041666666666667 0.42265625 0.8041666666666667 0.42265625 0.8513888888888889 0.44921875 0.8513888888888889
0 0.42265625 0.7833333333333333 0.3976562500000001 0.7833333333333333 0.3976562500000001 0.8305555555555556 0.42265625 0.8305555555555556
0 0.3773437500000001 0.6930555555555556 0.3476562500000001 0.6930555555555555 0.3476562500000001 0.7555555555555555 0.3773437500000001 0.7555555555555555
0 0.34453125000000007 0.7666666666666667 0.3187500000000001 0.7666666666666667 0.3187500000000001 0.8180555555555555 0.34453125000000007 0.8180555555555555
0 0.3109375000000001 0.7611111111111111 0.2835937500000001 0.7611111111111111 0.2835937500000001 0.8097222222222222 0.3109375000000001 0.8097222222222222
0 0.34375000000000006 0.6319444444444444 0.309375 0.6319444444444444 0.30937500000000007 0.7027777777777777 0.3437500000000001 0.7027777777777777
0 0.3203125000000001 0.7097222222222223 0.2929687500000001 0.7097222222222223 0.2929687500000001 0.7652777777777777 0.3203125000000001 0.7652777777777777
0 0.23828125000000008 0.6888888888888889 0.2093750000000001 0.6888888888888889 0.2093750000000001 0.7458333333333333 0.23828125000000008 0.7458333333333333
0 0.30234375 0.6347222222222222 0.2703125 0.6347222222222222 0.27031250000000007 0.7083333333333334 0.3023437500000001 0.7083333333333334
0 0.24687500000000004 0.6208333333333333 0.21484375 0.6208333333333333 0.21484375000000006 0.6847222222222222 0.2468750000000001 0.6847222222222222
0 0.5203125 0.7861111111111111 0.48671875 0.7861111111111111 0.48671875 0.8472222222222222 0.5203125 0.8472222222222222
0 0.46640625 0.7861111111111111 0.43828125 0.7861111111111111 0.43828125 0.8291666666666667 0.46640625 0.8291666666666667
0 0.4171875 0.7208333333333333 0.3828125000000001 0.7208333333333333 0.3828125000000001 0.7875 0.4171875 0.7875
0 0.2953125000000001 0.6930555555555555 0.2648437500000001 0.6930555555555555 0.2648437500000001 0.7527777777777778 0.2953125000000001 0.7527777777777778
0 0.2328125 0.5472222222222223 0.2 0.5472222222222223 0.2 0.6236111111111111 0.2328125 0.6236111111111111
0 0.16250000000000003 0.5527777777777778 0.12890625000000006 0.5527777777777778 0.12890625000000006 0.6263888888888889 0.16250000000000003 0.6263888888888889
0 0.20078125 0.5513888888888889 0.16406250000000006 0.5513888888888889 0.16406250000000006 0.6263888888888889 0.20078125 0.6263888888888889
0 0.409375 0.6291666666666669 0.37265625 0.6291666666666669 0.37265625 0.7138888888888889 0.409375 0.7138888888888889