0 0.81796875 0.4972222222222224 0.76796875 0.4972222222222224 0.76796875 0.5833333333333335 0.81796875 0.5833333333333335
0 0.74296875 0.5750000000000002 0.69765625 0.5750000000000002 0.69765625 0.6583333333333334 0.74296875 0.6583333333333334
0 0.71796875 0.5125000000000002 0.671875 0.5125000000000002 0.671875 0.5986111111111113 0.71796875 0.5986111111111113
0 0.6984375 0.6013888888888891 0.64765625 0.6013888888888891 0.64765625 0.6972222222222224 0.6984375 0.6972222222222224
0 0.65390625 0.5527777777777779 0.60703125 0.5527777777777779 0.60703125 0.6486111111111112 0.65390625 0.6486111111111112
0 0.58515625 0.5250000000000001 0.52578125 0.5250000000000001 0.52578125 0.6555555555555557 0.58515625 0.6555555555555557
0 0.6265625 0.7708333333333334 0.59296875 0.7708333333333334 0.59296875 0.8361111111111111 0.6265625 0.8361111111111111
0 0.5734375 0.8041666666666667 0.55 0.8041666666666667 0.55 0.8555555555555555 0.5734375 0.8555555555555555
0 0.5359375 0.7291666666666666 0.4984375 0.7291666666666666 0.4984375 0.8069444444444445 0.5359375 0.8069444444444445
0 0.52734375 0.8222222222222222 0.5 0.8222222222222222 0.5 0.8708333333333333 0.52734375 0.8708333333333333
0 0.49765625 0.8208333333333333 0.471875 0.8208333333333333 0.471875 0.8694444444444445 0.49765625 0.8694444444444445
0 0.43828125 0.7708333333333334 0.40703125 0.7708333333333334 0.40703125 0.8347222222222223 0.43828125 0.8347222222222223
0 0.4234375 0.8597222222222223 0.3960937500000001 0.8597222222222223 0.3960937500000001 0.9125 0.4234375 0.9125
0 0.3906250000000001 0.8777777777777778 0.3625000000000001 0.8777777777777778 0.3625000000000001 0.9291666666666667 0.3906250000000001 0.9291666666666667
0 0.3945312500000001 0.7375 0.3585937500000001 0.7375 0.3585937500000001 0.8111111111111111 0.3945312500000001 0.8111111111111111
0 0.3882812500000001 0.8236111111111111 0.36015625000000007 0.8236111111111111 0.36015625000000007 0.8805555555555555 0.3882812500000001 0.8805555555555555
0 0.3085937500000001 0.8625 0.27812500000000007 0.8625 0.27812500000000007 0.9208333333333333 0.3085937500000001 0.9208333333333333
0 0.3578125000000001 0.7694444444444445 0.3242187500000001 0.7694444444444445 0.3242187500000001 0.8444444444444444 0.3578125000000001 0.8444444444444444
0 0.3023437500000001 0.7944444444444444 0.2687500000000001 0.7944444444444444 0.2687500000000001 0.8597222222222223 0.3023437500000001 0.8597222222222223
0 0.58984375 0.7569444444444444 0.55546875 0.7569444444444444 0.55546875 0.8194444444444444 0.58984375 0.8194444444444444
0 0.53828125 0.7944444444444444 0.509375 0.7944444444444444 0.509375 0.8388888888888889 0.53828125 0.8388888888888889
0 0.48125 0.7694444444444445 0.44609375 0.7694444444444445 0.44609375 0.8375 0.48125 0.8375
0 0.3617187500000001 0.8277777777777777 0.3304687500000001 0.8277777777777777 0.3304687500000001 0.8888888888888888 0.3617187500000001 0.8888888888888888
0 0.2750000000000001 0.7375 0.2406250000000001 0.7375 0.2406250000000001 0.8152777777777778 0.2750000000000001 0.8152777777777778
0 0.21093750000000008 0.7902777777777777 0.17578125000000006 0.7902777777777777 0.17578125000000006 0.8652777777777778 0.21093750000000008 0.8652777777777778
0 0.24609375000000008 0.7638888888888888 0.2078125000000001 0.7638888888888888 0.2078125000000001 0.8416666666666667 0.24609375000000008 0.8416666666666667
0 0.45703125 0.690277777777778 0.41796875 0.690277777777778 0.41796875 0.7763888888888889 0.45703125 0.7763888888888889