0 0.79609375 0.22777777777777794 0.75 0.22777777777777794 0.75 0.3055555555555557 0.79609375 0.3055555555555557
0 0.73515625 0.21527777777777793 0.69375 0.21527777777777793 0.69375 0.2902777777777779 0.73515625 0.2902777777777779
0 0.6875 0.3236111111111113 0.6359375 0.3236111111111113 0.6359375 0.4291666666666668 0.6875 0.4291666666666668
0 0.665625 0.22222222222222238 0.6203125 0.22222222222222238 0.6203125 0.3097222222222224 0.665625 0.3097222222222224
0 0.62890625 0.2819444444444446 0.5875 0.2819444444444446 0.5875 0.3694444444444446 0.62890625 0.3694444444444446
0 0.56953125 0.40000000000000013 0.49765625 0.40000000000000013 0.49765625 0.5444444444444446 0.56953125 0.5444444444444446
0 0.56640625 0.12083333333333345 0.53671875 0.12083333333333345 0.53671875 0.18055555555555566 0.56640625 0.18055555555555572
0 0.51484375 0.1277777777777779 0.490625 0.1277777777777779 0.490625 0.176388888888889 0.51484375 0.176388888888889
0 0.49921875 0.1972222222222223 0.465625 0.1972222222222223 0.465625 0.26944444444444454 0.49921875 0.26944444444444454
0 0.46640625 0.14166666666666677 0.44140625 0.14166666666666675 0.44140625 0.1861111111111112 0.46640625 0.1861111111111112
0 0.43671875 0.1583333333333334 0.41015625 0.1583333333333334 0.41015625 0.20000000000000007 0.43671875 0.20000000000000007
0 0.36484375 0.1486111111111112 0.3375 0.1486111111111112 0.3375 0.21388888888888896 0.36484375 0.21388888888888896
0 0.3296875 0.16527777777777786 0.3046875 0.16527777777777786 0.3046875 0.2111111111111112 0.3296875 0.2111111111111112
0 0.35859375 0.2611111111111112 0.3265625 0.2611111111111112 0.3265625 0.3291666666666667 0.35859375 0.3291666666666667
0 0.2484375 0.21527777777777785 0.221875 0.21527777777777785 0.221875 0.26805555555555566 0.2484375 0.26805555555555566
0 0.32265625 0.2527777777777779 0.2921875 0.2527777777777779 0.2921875 0.32777777777777783 0.32265625 0.32777777777777783
0 0.271875 0.26805555555555566 0.2421875 0.26805555555555566 0.2421875 0.32777777777777783 0.271875 0.32777777777777783
0 0.52265625 0.17361111111111122 0.49140625 0.17361111111111122 0.49140625 0.23055555555555562 0.52265625 0.23055555555555562
0 0.47734375 0.17083333333333342 0.45 0.17083333333333342 0.45 0.22916666666666674 0.47734375 0.22916666666666674
0 0.43046875 0.1972222222222223 0.39921875 0.1972222222222223 0.39921875 0.2597222222222223 0.43046875 0.2597222222222223
0 0.303125 0.21666666666666676 0.27578125 0.21666666666666676 0.27578125 0.2750000000000001 0.303125 0.2750000000000001
0 0.2328125 0.3361111111111112 0.203125 0.3361111111111112 0.203125 0.4097222222222222 0.2328125 0.4097222222222222
0 0.2359375 0.26944444444444454 0.2046875 0.26944444444444454 0.2046875 0.33888888888888896 0.2359375 0.33888888888888896
0 0.20078125 0.32500000000000007 0.16718750000000004 0.325 0.16718750000000004 0.3972222222222222 0.20078125 0.3972222222222222
0 0.4171875 0.26944444444444454 0.36953125 0.26944444444444454 0.36953125 0.3472222222222223 0.4171875 0.3472222222222223