0 0.2640625000000001 0.7333333333333333 0.2156250000000001 0.7333333333333333 0.2156250000000001 0.8166666666666667 0.2640625000000001 0.8166666666666667
0 0.32109375000000007 0.7388888888888889 0.2773437500000001 0.7388888888888889 0.2773437500000001 0.8194444444444444 0.32109375000000007 0.8194444444444444
0 0.37343750000000003 0.5930555555555557 0.3171875 0.5930555555555556 0.31718750000000007 0.7055555555555556 0.3734375000000001 0.7055555555555557
0 0.3945312500000001 0.7097222222222223 0.3453125000000001 0.7097222222222223 0.3453125000000001 0.8027777777777778 0.3945312500000001 0.8027777777777778
0 0.4234375 0.6444444444444446 0.37890625 0.6444444444444446 0.37890625000000006 0.7375 0.4234375 0.7375
0 0.50703125 0.4569444444444446 0.4296875 0.4569444444444446 0.4296875 0.6097222222222224 0.50703125 0.6097222222222224
0 0.48203125 0.8236111111111111 0.45 0.8236111111111111 0.45 0.8875 0.48203125 0.8875
0 0.528125 0.8222222222222222 0.50234375 0.8222222222222222 0.50234375 0.8736111111111111 0.528125 0.8736111111111111
0 0.54921875 0.7263888888888889 0.51328125 0.7263888888888889 0.51328125 0.8013888888888889 0.54921875 0.8013888888888889
0 0.5765625 0.8055555555555556 0.55 0.8055555555555556 0.55 0.8527777777777777 0.5765625 0.8527777777777777
0 0.60703125 0.7847222222222222 0.57890625 0.7847222222222222 0.57890625 0.8305555555555556 0.60703125 0.8305555555555556
0 0.67890625 0.7611111111111111 0.64921875 0.7611111111111111 0.64921875 0.8291666666666667 0.67890625 0.8291666666666667
0 0.7109375 0.7583333333333333 0.68359375 0.7583333333333333 0.68359375 0.8069444444444445 0.7109375 0.8069444444444445
0 0.684375 0.6458333333333335 0.65 0.6458333333333335 0.65 0.7166666666666667 0.684375 0.7166666666666667
0 0.790625 0.688888888888889 0.76171875 0.688888888888889 0.76171875 0.7458333333333337 0.790625 0.7458333333333337
0 0.71953125 0.640277777777778 0.68515625 0.640277777777778 0.68515625 0.7180555555555556 0.71953125 0.7180555555555556
0 0.76796875 0.6319444444444446 0.7359375 0.6319444444444446 0.7359375 0.6958333333333335 0.76796875 0.6958333333333335
0 0.525 0.7666666666666667 0.49140625 0.7666666666666667 0.49140625 0.8277777777777777 0.525 0.8277777777777777
0 0.565625 0.7625 0.5359375 0.7625 0.5359375 0.8236111111111111 0.565625 0.8236111111111111
0 0.61640625 0.725 0.58203125 0.725 0.58203125 0.7916666666666666 0.61640625 0.7916666666666666
0 0.73671875 0.690277777777778 0.70703125 0.690277777777778 0.70703125 0.751388888888889 0.73671875 0.7513888888888892
0 0.80390625 0.5458333333333335 0.77109375 0.5458333333333335 0.77109375 0.6222222222222223 0.80390625 0.6222222222222223
0 0.80546875 0.6152777777777779 0.771875 0.6152777777777779 0.771875 0.688888888888889 0.80546875 0.688888888888889
0 0.840625 0.5527777777777779 0.80390625 0.5527777777777779 0.80390625 0.627777777777778 0.840625 0.627777777777778
0 0.64140625 0.6333333333333335 0.590625 0.6333333333333335 0.590625 0.7166666666666667 0.64140625 0.7166666666666667