0 0.81640625 0.3250000000000002 0.7703125 0.3250000000000002 0.7703125 0.40416666666666684 0.81640625 0.40416666666666684
0 0.7578125 0.29166666666666685 0.71640625 0.29166666666666685 0.71640625 0.3680555555555557 0.7578125 0.3680555555555557
0 0.6984375 0.3791666666666668 0.6453125 0.3791666666666668 0.6453125 0.48611111111111127 0.6984375 0.48611111111111127
0 0.68828125 0.27500000000000013 0.6421875 0.27500000000000013 0.6421875 0.36250000000000016 0.68828125 0.36250000000000016
0 0.64609375 0.32083333333333347 0.60390625 0.32083333333333347 0.60390625 0.4097222222222224 0.64609375 0.4097222222222224
0 0.57265625 0.41111111111111126 0.5 0.41111111111111126 0.5 0.5569444444444446 0.57265625 0.5569444444444446
0 0.603125 0.14444444444444457 0.57265625 0.14444444444444457 0.57265625 0.2055555555555557 0.603125 0.2055555555555557
0 0.55234375 0.13472222222222235 0.528125 0.13472222222222235 0.528125 0.18472222222222234 0.55234375 0.18472222222222237
0 0.528125 0.19583333333333341 0.49453125 0.19583333333333341 0.49453125 0.26805555555555566 0.528125 0.26805555555555566
0 0.50390625 0.13194444444444456 0.478125 0.13194444444444456 0.478125 0.176388888888889 0.50390625 0.176388888888889
0 0.47265625 0.1375000000000001 0.4453125 0.13750000000000007 0.4453125 0.18055555555555564 0.47265625 0.18055555555555564
0 0.40234375 0.10416666666666674 0.37421875 0.10416666666666674 0.37421875 0.16944444444444454 0.40234375 0.16944444444444454
0 0.3671875 0.1083333333333334 0.34140625 0.1083333333333334 0.34140625 0.15555555555555564 0.3671875 0.15555555555555564
0 0.38359375 0.2111111111111112 0.3515625 0.2111111111111112 0.3515625 0.27916666666666673 0.38359375 0.27916666666666673
0 0.28203125 0.12916666666666674 0.2546875 0.1291666666666667 0.2546875 0.1833333333333334 0.28203125 0.1833333333333334
0 0.34921875 0.19166666666666674 0.31796875 0.19166666666666674 0.31796875 0.2666666666666667 0.34921875 0.2666666666666667
0 0.2984375 0.18888888888888897 0.26796875 0.18888888888888897 0.26796875 0.25000000000000006 0.2984375 0.25000000000000006
0 0.5546875 0.18194444444444458 0.52265625 0.18194444444444452 0.52265625 0.2402777777777779 0.5546875 0.24027777777777792
0 0.5109375 0.163888888888889 0.48359375 0.163888888888889 0.48359375 0.2222222222222223 0.5109375 0.2222222222222223
0 0.46171875 0.17361111111111122 0.4296875 0.1736111111111112 0.4296875 0.2361111111111112 0.46171875 0.2361111111111112
0 0.33515625 0.15000000000000008 0.30703125 0.15000000000000008 0.30703125 0.2097222222222223 0.33515625 0.2097222222222223
0 0.25234375 0.24305555555555564 0.221875 0.24305555555555564 0.221875 0.31666666666666676 0.25234375 0.31666666666666676
0 0.26171875 0.17777777777777787 0.23046875 0.17777777777777787 0.23046875 0.2486111111111112 0.26171875 0.2486111111111112
0 0.221875 0.21944444444444453 0.1875 0.21944444444444453 0.1875 0.29166666666666674 0.221875 0.29166666666666674
0 0.43984375 0.2347222222222223 0.39140625 0.2347222222222223 0.39140625 0.313888888888889 0.43984375 0.313888888888889