0 0.2375 0.2750000000000001 0.1953125 0.2750000000000001 0.19531250000000003 0.34583333333333344 0.2375 0.34583333333333344
0 0.29375 0.2527777777777779 0.25546875 0.2527777777777779 0.25546875 0.3222222222222223 0.29375 0.3222222222222223
0 0.35703125 0.351388888888889 0.309375 0.351388888888889 0.309375 0.45 0.35703125 0.45
0 0.3671875 0.2472222222222223 0.32578125 0.2472222222222223 0.32578125 0.3291666666666667 0.3671875 0.3291666666666667
0 0.40234375 0.301388888888889 0.365625 0.301388888888889 0.365625 0.38472222222222235 0.40234375 0.38472222222222235
0 0.49765625 0.4097222222222224 0.4328125 0.4097222222222224 0.4328125 0.5444444444444446 0.49765625 0.5444444444444446
0 0.4453125 0.13194444444444453 0.41796875 0.13194444444444453 0.41796875 0.18750000000000008 0.4453125 0.18750000000000008
0 0.49140625 0.13055555555555567 0.46953125 0.13055555555555567 0.46953125 0.176388888888889 0.49140625 0.176388888888889
0 0.51953125 0.1972222222222223 0.48984375 0.1972222222222223 0.48984375 0.26388888888888895 0.51953125 0.26388888888888895
0 0.54140625 0.13750000000000012 0.51796875 0.13750000000000012 0.51796875 0.17777777777777787 0.54140625 0.17777777777777787
0 0.5734375 0.14861111111111122 0.5484375 0.14861111111111122 0.5484375 0.18750000000000017 0.5734375 0.18750000000000017
0 0.6453125 0.12916666666666682 0.62109375 0.1291666666666668 0.62109375 0.19027777777777793 0.6453125 0.19027777777777793
0 0.678125 0.13888888888888903 0.6546875 0.13888888888888903 0.6546875 0.1819444444444446 0.678125 0.1819444444444446
0 0.6609375 0.23888888888888904 0.63203125 0.23888888888888904 0.63203125 0.3027777777777779 0.6609375 0.3027777777777779
0 0.76328125 0.17638888888888904 0.7390625 0.17638888888888904 0.7390625 0.22638888888888906 0.76328125 0.22638888888888906
0 0.6953125 0.22500000000000014 0.66796875 0.22500000000000014 0.66796875 0.2972222222222224 0.6953125 0.2972222222222224
0 0.7453125 0.2333333333333335 0.71875 0.2333333333333335 0.71875 0.28888888888888903 0.7453125 0.28888888888888903
0 0.49296875 0.17777777777777787 0.46484375 0.17777777777777787 0.46484375 0.23055555555555562 0.49296875 0.23055555555555562
0 0.53359375 0.16805555555555568 0.509375 0.16805555555555568 0.509375 0.2222222222222223 0.53359375 0.2222222222222223
0 0.58671875 0.18611111111111128 0.5578125 0.18611111111111128 0.5578125 0.2444444444444446 0.58671875 0.2444444444444446
0 0.709375 0.18611111111111128 0.684375 0.18611111111111128 0.684375 0.24166666666666684 0.709375 0.24166666666666684
0 0.7875 0.2944444444444446 0.76171875 0.2944444444444446 0.76171875 0.36388888888888904 0.7875 0.36388888888888904
0 0.78359375 0.22916666666666682 0.75546875 0.22916666666666682 0.75546875 0.2944444444444446 0.78359375 0.2944444444444446
0 0.8234375 0.27777777777777796 0.79296875 0.27777777777777796 0.79296875 0.3458333333333335 0.8234375 0.3458333333333335
0 0.61953125 0.2555555555555557 0.575 0.2555555555555557 0.575 0.32638888888888906 0.61953125 0.32638888888888906