0 0.77734375 0.1583333333333335 0.72734375 0.1583333333333335 0.72734375 0.2444444444444446 0.77734375 0.2444444444444446
0 0.715625 0.16111111111111126 0.6703125 0.16111111111111126 0.6703125 0.2444444444444446 0.715625 0.2444444444444446
0 0.6796875 0.27916666666666684 0.62109375 0.27916666666666684 0.62109375 0.3944444444444446 0.6796875 0.3944444444444446
0 0.6515625 0.19722222222222238 0.60078125 0.19722222222222238 0.60078125 0.29305555555555574 0.6515625 0.29305555555555574
0 0.6171875 0.25277777777777793 0.5703125 0.25277777777777793 0.5703125 0.34861111111111126 0.6171875 0.34861111111111126
0 0.5734375 0.3930555555555557 0.49296875 0.3930555555555557 0.49296875 0.5500000000000002 0.5734375 0.5500000000000002
0 0.540625 0.10972222222222235 0.50703125 0.10972222222222235 0.50703125 0.17500000000000013 0.540625 0.17500000000000013
0 0.48203125 0.13194444444444456 0.4546875 0.13194444444444456 0.4546875 0.1847222222222223 0.48203125 0.1847222222222223
0 0.48046875 0.20138888888888898 0.44296875 0.20138888888888898 0.44296875 0.27916666666666673 0.48046875 0.27916666666666673
0 0.44296875 0.15277777777777785 0.415625 0.15277777777777785 0.415625 0.20138888888888898 0.44296875 0.20138888888888898
0 0.41015625 0.1847222222222223 0.38125 0.1847222222222223 0.38125 0.23194444444444454 0.41015625 0.23194444444444454
0 0.3453125 0.1861111111111112 0.3140625 0.1861111111111112 0.3140625 0.25555555555555565 0.3453125 0.25555555555555565
0 0.30859375 0.2111111111111112 0.28046875 0.2111111111111112 0.28046875 0.26250000000000007 0.30859375 0.26250000000000007
0 0.35234375 0.3000000000000001 0.31640625 0.3000000000000001 0.31640625 0.3736111111111111 0.35234375 0.3736111111111111
0 0.2328125 0.2805555555555556 0.20234375 0.2805555555555556 0.20234375 0.33888888888888896 0.2328125 0.33888888888888896
0 0.31328125 0.288888888888889 0.27734375 0.288888888888889 0.27734375 0.36944444444444446 0.31328125 0.36944444444444446
0 0.2609375 0.32777777777777783 0.22734375 0.32777777777777783 0.22734375 0.39305555555555555 0.2609375 0.39305555555555555
0 0.50546875 0.15972222222222235 0.47109375 0.15972222222222235 0.47109375 0.2222222222222223 0.50546875 0.2222222222222223
0 0.45625 0.18055555555555564 0.42578125 0.18055555555555564 0.42578125 0.24305555555555564 0.45625 0.24305555555555564
0 0.41171875 0.21805555555555564 0.3765625 0.21805555555555564 0.3765625 0.2861111111111112 0.41171875 0.2861111111111112
0 0.2875 0.26805555555555566 0.25625 0.26805555555555566 0.25625 0.33194444444444454 0.2875 0.33194444444444454
0 0.228125 0.4041666666666667 0.19375000000000003 0.4041666666666667 0.19375000000000003 0.48194444444444445 0.228125 0.48194444444444445
0 0.225 0.3375000000000001 0.18984375000000003 0.3375000000000001 0.18984375000000003 0.4125 0.225 0.4125
0 0.19062500000000004 0.39861111111111114 0.15234375000000006 0.39861111111111114 0.15234375000000006 0.47638888888888886 0.19062500000000004 0.47638888888888886
0 0.41328125 0.27777777777777785 0.371875 0.27777777777777785 0.371875 0.3583333333333335 0.41328125 0.3583333333333335
0 0.16093750000000004 0.3902777777777778 0.12343750000000005 0.3902777777777778 0.12343750000000005 0.46805555555555556 0.16093750000000004 0.46805555555555556