0 0.2375 0.2750000000000001 0.1953125 0.2750000000000001 0.19531250000000003 0.34583333333333344 0.2375 0.34583333333333344
0 0.29375 0.2527777777777779 0.25546875 0.2527777777777779 0.25546875 0.3222222222222223 0.29375 0.3222222222222223
0 0.35703125 0.351388888888889 0.309375 0.351388888888889 0.309375 0.45 0.35703125 0.45
0 0.365625 0.2611111111111112 0.32421875 0.2611111111111112 0.32421875 0.34166666666666673 0.365625 0.34166666666666673
0 0.40234375 0.301388888888889 0.365625 0.301388888888889 0.365625 0.38472222222222235 0.40234375 0.38472222222222235
0 0.496875 0.41805555555555574 0.43125 0.41805555555555574 0.43125 0.5527777777777779 0.496875 0.5527777777777779
0 0.4453125 0.13194444444444453 0.41796875 0.13194444444444453 0.41796875 0.18750000000000008 0.4453125 0.18750000000000008
0 0.4984375 0.13194444444444456 0.4765625 0.13194444444444456 0.4765625 0.17777777777777787 0.4984375 0.17777777777777787
0 0.51953125 0.1972222222222223 0.48984375 0.1972222222222223 0.48984375 0.26388888888888895 0.51953125 0.26388888888888895
0 0.53984375 0.13750000000000012 0.5171875 0.13750000000000012 0.5171875 0.17777777777777787 0.53984375 0.17777777777777787
0 0.57734375 0.15416666666666679 0.55234375 0.15416666666666679 0.55234375 0.1930555555555557 0.57734375 0.1930555555555557
0 0.64296875 0.12916666666666682 0.61875 0.1291666666666668 0.61875 0.19027777777777793 0.64296875 0.19027777777777793
0 0.678125 0.13888888888888903 0.6546875 0.13888888888888903 0.6546875 0.1819444444444446 0.678125 0.1819444444444446
0 0.65546875 0.24166666666666684 0.6265625 0.24166666666666684 0.6265625 0.3055555555555557 0.65546875 0.3055555555555557
0 0.76328125 0.17638888888888904 0.7390625 0.17638888888888904 0.7390625 0.22638888888888906 0.76328125 0.22638888888888906
0 0.69140625 0.21527777777777793 0.6640625 0.21527777777777793 0.6640625 0.28611111111111126 0.69140625 0.28611111111111126
0 0.7453125 0.2333333333333335 0.71875 0.2333333333333335 0.71875 0.28888888888888903 0.7453125 0.28888888888888903
0 0.48671875 0.1666666666666668 0.4578125 0.1666666666666668 0.4578125 0.21944444444444453 0.48671875 0.21944444444444453
0 0.53359375 0.16805555555555568 0.509375 0.16805555555555568 0.509375 0.2222222222222223 0.53359375 0.2222222222222223
0 0.58671875 0.18611111111111128 0.5578125 0.18611111111111128 0.5578125 0.2444444444444446 0.58671875 0.2444444444444446
0 0.709375 0.18611111111111128 0.684375 0.18611111111111128 0.684375 0.24166666666666684 0.709375 0.24166666666666684
0 0.7875 0.2944444444444446 0.76171875 0.2944444444444446 0.76171875 0.36388888888888904 0.7875 0.36388888888888904
0 0.78359375 0.22916666666666682 0.75546875 0.22916666666666682 0.75546875 0.2944444444444446 0.78359375 0.2944444444444446
0 0.82734375 0.27361111111111125 0.796875 0.27361111111111125 0.796875 0.34027777777777796 0.82734375 0.34027777777777796
0 0.5984375 0.2458333333333335 0.56484375 0.2458333333333335 0.56484375 0.31388888888888905 0.5984375 0.31388888888888905
0 0.85390625 0.25277777777777793 0.82421875 0.25277777777777793 0.82421875 0.32083333333333347 0.85390625 0.32083333333333347