0 0.8265625 0.3944444444444446 0.77578125 0.3944444444444446 0.77578125 0.4819444444444446 0.8265625 0.4819444444444446
0 0.77109375 0.34861111111111126 0.725 0.34861111111111126 0.725 0.4319444444444446 0.77109375 0.4319444444444446
0 0.70546875 0.41805555555555574 0.64609375 0.41805555555555574 0.64609375 0.5347222222222224 0.70546875 0.5347222222222224
0 0.703125 0.32638888888888906 0.6515625 0.32638888888888906 0.6515625 0.4222222222222224 0.703125 0.4222222222222224
0 0.6578125 0.35000000000000014 0.61015625 0.35000000000000014 0.61015625 0.44583333333333347 0.6578125 0.44583333333333347
0 0.578125 0.4222222222222224 0.496875 0.4222222222222224 0.496875 0.5805555555555557 0.578125 0.5805555555555557
0 0.6296875 0.16805555555555568 0.59609375 0.16805555555555568 0.59609375 0.2333333333333335 0.6296875 0.2333333333333335
0 0.57265625 0.14305555555555569 0.5453125 0.14305555555555569 0.5453125 0.19722222222222238 0.57265625 0.19722222222222238
0 0.5515625 0.19861111111111124 0.51328125 0.19861111111111118 0.51328125 0.276388888888889 0.5515625 0.2763888888888891
0 0.53359375 0.13194444444444456 0.50546875 0.13194444444444456 0.50546875 0.18055555555555564 0.53359375 0.18055555555555564
0 0.49609375 0.13194444444444456 0.46640625 0.13194444444444456 0.46640625 0.17916666666666675 0.49609375 0.17916666666666675
0 0.4359375 0.07916666666666676 0.40390625 0.07916666666666675 0.40390625 0.1486111111111112 0.4359375 0.1486111111111112
0 0.3984375 0.0736111111111112 0.3703125 0.0736111111111112 0.3703125 0.12500000000000008 0.3984375 0.12500000000000008
0 0.4125 0.1833333333333334 0.37578125 0.1833333333333334 0.37578125 0.25694444444444453 0.4125 0.25694444444444453
0 0.3125 0.07361111111111117 0.28203125 0.07361111111111117 0.28203125 0.13194444444444453 0.3125 0.13194444444444453
0 0.3796875 0.14166666666666675 0.34375 0.14166666666666675 0.34375 0.2222222222222223 0.3796875 0.2222222222222223
0 0.32421875 0.13611111111111118 0.290625 0.13611111111111118 0.290625 0.20138888888888898 0.32421875 0.20138888888888898
0 0.5859375 0.1819444444444446 0.55078125 0.1819444444444446 0.55078125 0.2458333333333335 0.5859375 0.2458333333333335
0 0.53671875 0.163888888888889 0.50546875 0.163888888888889 0.50546875 0.22638888888888897 0.53671875 0.22638888888888897
0 0.48671875 0.15972222222222232 0.45078125 0.1597222222222223 0.45078125 0.22777777777777786 0.48671875 0.22777777777777786
0 0.36328125 0.10555555555555564 0.33203125 0.10555555555555564 0.33203125 0.16944444444444454 0.36328125 0.16944444444444454
0 0.27421875 0.17638888888888896 0.2390625 0.17638888888888893 0.2390625 0.25555555555555565 0.27421875 0.25555555555555565
0 0.2890625 0.11527777777777784 0.253125 0.11527777777777781 0.253125 0.19027777777777785 0.2890625 0.19027777777777785
0 0.24296875 0.1402777777777778 0.20390625 0.1402777777777778 0.20390625 0.21805555555555564 0.24296875 0.21805555555555564
0 0.471875 0.2111111111111112 0.4296875 0.2111111111111112 0.4296875 0.29166666666666674 0.471875 0.29166666666666674
0 0.21875 0.10833333333333338 0.18046875 0.10833333333333338 0.18046875 0.18750000000000003 0.21875 0.18750000000000008