0 0.7984375 0.23611111111111127 0.75234375 0.23611111111111127 0.75234375 0.31388888888888905 0.7984375 0.31388888888888905
0 0.73671875 0.21805555555555572 0.6953125 0.21805555555555572 0.6953125 0.29305555555555574 0.73671875 0.29305555555555574
0 0.6875 0.3236111111111113 0.6359375 0.3236111111111113 0.6359375 0.4291666666666668 0.6875 0.4291666666666668
0 0.66796875 0.2347222222222224 0.62265625 0.2347222222222224 0.62265625 0.32222222222222235 0.66796875 0.32222222222222235
0 0.62890625 0.2819444444444446 0.5875 0.2819444444444446 0.5875 0.3694444444444446 0.62890625 0.3694444444444446
0 0.578125 0.4069444444444446 0.50625 0.4069444444444446 0.50625 0.551388888888889 0.578125 0.551388888888889
0 0.5671875 0.12083333333333345 0.5375 0.12083333333333345 0.5375 0.18055555555555566 0.5671875 0.18055555555555572
0 0.51796875 0.1250000000000001 0.49375 0.1250000000000001 0.49375 0.17361111111111122 0.51796875 0.17361111111111122
0 0.49921875 0.1972222222222223 0.465625 0.1972222222222223 0.465625 0.26944444444444454 0.49921875 0.26944444444444454
0 0.4703125 0.126388888888889 0.44375 0.12638888888888897 0.44375 0.17638888888888898 0.4703125 0.176388888888889
0 0.4328125 0.16388888888888897 0.40625 0.16388888888888897 0.40625 0.20555555555555563 0.4328125 0.20555555555555563
0 0.3609375 0.15000000000000008 0.33359375 0.15000000000000008 0.33359375 0.21527777777777785 0.3609375 0.21527777777777785
0 0.3296875 0.16527777777777786 0.3046875 0.16527777777777786 0.3046875 0.2111111111111112 0.3296875 0.2111111111111112
0 0.35859375 0.26527777777777783 0.3265625 0.26527777777777783 0.3265625 0.3333333333333334 0.35859375 0.3333333333333334
0 0.2484375 0.21527777777777785 0.221875 0.21527777777777785 0.221875 0.26805555555555566 0.2484375 0.26805555555555566
0 0.32578125 0.24305555555555564 0.2953125 0.24305555555555564 0.2953125 0.31805555555555565 0.32578125 0.31805555555555565
0 0.271875 0.26805555555555566 0.2421875 0.26805555555555566 0.2421875 0.32777777777777783 0.271875 0.32777777777777783
0 0.525 0.17083333333333345 0.49375 0.17083333333333345 0.49375 0.22777777777777786 0.525 0.22777777777777786
0 0.47734375 0.17083333333333342 0.45 0.17083333333333342 0.45 0.22916666666666674 0.47734375 0.22916666666666674
0 0.43046875 0.1972222222222223 0.39921875 0.1972222222222223 0.39921875 0.2597222222222223 0.43046875 0.2597222222222223
0 0.303125 0.21666666666666676 0.27578125 0.21666666666666676 0.27578125 0.2750000000000001 0.303125 0.2750000000000001
0 0.2328125 0.3361111111111112 0.2 0.3361111111111112 0.2 0.40694444444444444 0.2328125 0.40694444444444444
0 0.2359375 0.26944444444444454 0.2046875 0.26944444444444454 0.2046875 0.33888888888888896 0.2359375 0.33888888888888896
0 0.19609375 0.32083333333333336 0.1625 0.32083333333333336 0.16250000000000003 0.39305555555555555 0.19609375000000004 0.39305555555555555
0 0.4296875 0.2750000000000001 0.3921875 0.2750000000000001 0.3921875 0.3486111111111112 0.4296875 0.3486111111111112
0 0.15156250000000004 0.3263888888888889 0.11875000000000005 0.3263888888888889 0.11875000000000005 0.39861111111111114 0.15156250000000004 0.39861111111111114
0 0.3953125 0.24444444444444452 0.3640625 0.24444444444444452 0.3640625 0.31250000000000006 0.3953125 0.31250000000000006