0 0.23125 0.3152777777777779 0.1859375 0.3152777777777779 0.18593750000000003 0.39166666666666666 0.23125 0.39166666666666666
0 0.2859375 0.2819444444444445 0.2453125 0.2819444444444445 0.2453125 0.35555555555555557 0.2859375 0.35555555555555557
0 0.35546875 0.37083333333333335 0.3046875 0.37083333333333335 0.3046875 0.475 0.35546875 0.475
0 0.36015625 0.27916666666666673 0.315625 0.27916666666666673 0.315625 0.36527777777777776 0.36015625 0.36527777777777776
0 0.3984375 0.313888888888889 0.3578125 0.313888888888889 0.3578125 0.40138888888888896 0.3984375 0.4013888888888891
0 0.4921875 0.4194444444444446 0.421875 0.4194444444444446 0.421875 0.5611111111111112 0.4921875 0.5611111111111112
0 0.4328125 0.14027777777777786 0.40390625 0.14027777777777786 0.40390625 0.19861111111111118 0.4328125 0.19861111111111118
0 0.47578125 0.13194444444444453 0.45234375 0.13194444444444453 0.45234375 0.18055555555555564 0.47578125 0.18055555555555564
0 0.5109375 0.19583333333333341 0.478125 0.19583333333333341 0.478125 0.2666666666666667 0.5109375 0.2666666666666667
0 0.52578125 0.11944444444444456 0.49921875 0.11944444444444456 0.49921875 0.16805555555555568 0.52578125 0.16805555555555568
0 0.565625 0.14583333333333345 0.5390625 0.14583333333333345 0.5390625 0.1875000000000001 0.565625 0.18750000000000017
0 0.63671875 0.11111111111111124 0.61015625 0.11111111111111123 0.61015625 0.17500000000000013 0.63671875 0.17500000000000016
0 0.665625 0.11805555555555572 0.640625 0.11805555555555572 0.640625 0.16388888888888906 0.665625 0.16388888888888906
0 0.65390625 0.22361111111111126 0.62265625 0.22361111111111126 0.62265625 0.2902777777777779 0.65390625 0.2902777777777779
0 0.75234375 0.1444444444444446 0.72578125 0.1444444444444446 0.72578125 0.19722222222222238 0.75234375 0.19722222222222238
0 0.6828125 0.1930555555555557 0.65234375 0.1930555555555557 0.65234375 0.26666666666666683 0.6828125 0.26666666666666683
0 0.73671875 0.20416666666666683 0.7078125 0.20416666666666683 0.7078125 0.2625000000000002 0.73671875 0.2625000000000002
0 0.4796875 0.17777777777777787 0.44921875 0.17777777777777787 0.44921875 0.23333333333333342 0.4796875 0.23333333333333342
0 0.52265625 0.16527777777777788 0.49609375 0.16527777777777788 0.49609375 0.2222222222222223 0.52265625 0.2222222222222223
0 0.5765625 0.17777777777777792 0.5453125 0.17777777777777792 0.5453125 0.23888888888888904 0.5765625 0.23888888888888904
0 0.69921875 0.16111111111111126 0.671875 0.16111111111111126 0.671875 0.2194444444444446 0.69921875 0.2194444444444446
0 0.78515625 0.25833333333333347 0.753125 0.25833333333333347 0.753125 0.32916666666666683 0.78515625 0.32916666666666683
0 0.775 0.19444444444444461 0.74453125 0.19444444444444461 0.74453125 0.26388888888888906 0.775 0.26388888888888906
0 0.8203125 0.2333333333333335 0.7875 0.2333333333333335 0.7875 0.3041666666666668 0.8203125 0.3041666666666668
0 0.58984375 0.25277777777777793 0.553125 0.25277777777777793 0.553125 0.3250000000000002 0.58984375 0.3250000000000002
0 0.86484375 0.22777777777777794 0.8328125 0.22777777777777794 0.8328125 0.29861111111111127 0.86484375 0.29861111111111127
0 0.615625 0.21388888888888904 0.58515625 0.21388888888888904 0.58515625 0.2819444444444446 0.615625 0.2819444444444446