0 0.2359375 0.2819444444444445 0.19375 0.2819444444444445 0.19375000000000003 0.35277777777777786 0.2359375 0.35277777777777786
0 0.2921875 0.25416666666666676 0.25390625 0.25416666666666676 0.25390625 0.3236111111111112 0.2921875 0.3236111111111112
0 0.35703125 0.351388888888889 0.309375 0.351388888888889 0.309375 0.45 0.35703125 0.45
0 0.365625 0.2611111111111112 0.32421875 0.2611111111111112 0.32421875 0.34166666666666673 0.365625 0.34166666666666673
0 0.40234375 0.301388888888889 0.365625 0.301388888888889 0.365625 0.38472222222222235 0.40234375 0.38472222222222235
0 0.48984375 0.41805555555555574 0.42421875 0.41805555555555574 0.42421875 0.5527777777777779 0.48984375 0.5527777777777779
0 0.44453125 0.13194444444444453 0.41796875 0.13194444444444453 0.41796875 0.18750000000000008 0.44453125 0.18750000000000008
0 0.48828125 0.1291666666666668 0.46640625 0.1291666666666668 0.46640625 0.17500000000000013 0.48828125 0.17500000000000013
0 0.51953125 0.1972222222222223 0.48984375 0.1972222222222223 0.48984375 0.26388888888888895 0.51953125 0.26388888888888895
0 0.53828125 0.12222222222222234 0.5140625 0.12222222222222234 0.5140625 0.16805555555555568 0.53828125 0.16805555555555568
0 0.57734375 0.15416666666666679 0.55234375 0.15416666666666679 0.55234375 0.1930555555555557 0.57734375 0.1930555555555557
0 0.64921875 0.12916666666666682 0.62421875 0.1291666666666668 0.62421875 0.19027777777777793 0.64921875 0.19027777777777793
0 0.678125 0.13888888888888903 0.6546875 0.13888888888888903 0.6546875 0.1819444444444446 0.678125 0.1819444444444446
0 0.66171875 0.24305555555555572 0.6328125 0.24305555555555572 0.6328125 0.3069444444444446 0.66171875 0.3069444444444446
0 0.76328125 0.17638888888888904 0.7390625 0.17638888888888904 0.7390625 0.22638888888888906 0.76328125 0.22638888888888906
0 0.69140625 0.21527777777777793 0.6640625 0.21527777777777793 0.6640625 0.28611111111111126 0.69140625 0.28611111111111126
0 0.7453125 0.2333333333333335 0.71875 0.2333333333333335 0.71875 0.28888888888888903 0.7453125 0.28888888888888903
0 0.48984375 0.17500000000000013 0.46171875 0.17500000000000013 0.46171875 0.22777777777777786 0.48984375 0.22777777777777786
0 0.53359375 0.16805555555555568 0.509375 0.16805555555555568 0.509375 0.2222222222222223 0.53359375 0.2222222222222223
0 0.58671875 0.18611111111111128 0.5578125 0.18611111111111128 0.5578125 0.2444444444444446 0.58671875 0.2444444444444446
0 0.709375 0.18611111111111128 0.684375 0.18611111111111128 0.684375 0.24166666666666684 0.709375 0.24166666666666684
0 0.79140625 0.2944444444444446 0.76171875 0.2944444444444446 0.76171875 0.36111111111111127 0.79140625 0.36111111111111127
0 0.78359375 0.22916666666666682 0.75546875 0.22916666666666682 0.75546875 0.2944444444444446 0.78359375 0.2944444444444446
0 0.82734375 0.27361111111111125 0.796875 0.27361111111111125 0.796875 0.34027777777777796 0.82734375 0.34027777777777796
0 0.596875 0.26388888888888906 0.5625 0.26388888888888906 0.5625 0.3319444444444446 0.596875 0.3319444444444446
0 0.871875 0.27222222222222237 0.8421875 0.27222222222222237 0.8421875 0.34027777777777796 0.871875 0.34027777777777796
0 0.6234375 0.22916666666666682 0.5953125 0.22916666666666682 0.5953125 0.29305555555555574 0.6234375 0.29305555555555574