0 0.2484375 0.2361111111111112 0.20234375 0.2361111111111112 0.20234375 0.313888888888889 0.2484375 0.313888888888889
0 0.30546875 0.21805555555555564 0.2640625 0.21805555555555564 0.2640625 0.2930555555555556 0.30546875 0.2930555555555556
0 0.36484375 0.3236111111111112 0.31328125 0.3236111111111112 0.31328125 0.42916666666666675 0.36484375 0.4291666666666668
0 0.378125 0.2347222222222223 0.3328125 0.2347222222222223 0.3328125 0.3222222222222223 0.378125 0.3222222222222223
0 0.41328125 0.2819444444444445 0.371875 0.2819444444444445 0.371875 0.3694444444444446 0.41328125 0.3694444444444446
0 0.49453125 0.4069444444444446 0.42265625 0.4069444444444446 0.42265625 0.551388888888889 0.49453125 0.551388888888889
0 0.46328125 0.12083333333333343 0.43359375 0.12083333333333342 0.43359375 0.18055555555555564 0.46328125 0.18055555555555564
0 0.50625 0.1250000000000001 0.48203125 0.1250000000000001 0.48203125 0.17361111111111122 0.50625 0.17361111111111122
0 0.53515625 0.1972222222222223 0.5015625 0.1972222222222223 0.5015625 0.26944444444444454 0.53515625 0.26944444444444454
0 0.55703125 0.126388888888889 0.53046875 0.126388888888889 0.53046875 0.176388888888889 0.55703125 0.176388888888889
0 0.59375 0.163888888888889 0.5671875 0.163888888888889 0.5671875 0.2055555555555557 0.59375 0.2055555555555557
0 0.6671875 0.15000000000000016 0.63984375 0.15000000000000016 0.63984375 0.21527777777777793 0.6671875 0.21527777777777793
0 0.6953125 0.16527777777777794 0.6703125 0.16527777777777794 0.6703125 0.21111111111111128 0.6953125 0.21111111111111128
0 0.6734375 0.26527777777777795 0.64140625 0.26527777777777795 0.64140625 0.3333333333333335 0.6734375 0.3333333333333335
0 0.778125 0.21527777777777793 0.7515625 0.21527777777777793 0.7515625 0.2680555555555557 0.778125 0.2680555555555557
0 0.7046875 0.24305555555555572 0.67421875 0.24305555555555572 0.67421875 0.3180555555555557 0.7046875 0.3180555555555557
0 0.7578125 0.2680555555555557 0.728125 0.2680555555555557 0.728125 0.32777777777777795 0.7578125 0.32777777777777795
0 0.50625 0.17083333333333345 0.475 0.17083333333333345 0.475 0.22777777777777786 0.50625 0.22777777777777786
0 0.55 0.17083333333333345 0.52265625 0.17083333333333345 0.52265625 0.2291666666666668 0.55 0.22916666666666682
0 0.6015625 0.19722222222222238 0.5703125 0.19722222222222238 0.5703125 0.25972222222222235 0.6015625 0.25972222222222235
0 0.72421875 0.2166666666666668 0.696875 0.2166666666666668 0.696875 0.27500000000000013 0.72421875 0.27500000000000013
0 0.8 0.33611111111111125 0.7671875 0.33611111111111125 0.7671875 0.4069444444444446 0.8 0.4069444444444446
0 0.79609375 0.2694444444444446 0.76484375 0.2694444444444446 0.76484375 0.3388888888888891 0.79609375 0.3388888888888891
0 0.8375 0.32083333333333347 0.80390625 0.32083333333333347 0.80390625 0.3930555555555557 0.8375 0.3930555555555557
0 0.60859375 0.27500000000000013 0.57109375 0.27500000000000013 0.57109375 0.34861111111111126 0.60859375 0.34861111111111126
0 0.88203125 0.32638888888888906 0.84921875 0.32638888888888906 0.84921875 0.39861111111111125 0.88203125 0.39861111111111125
0 0.63671875 0.2444444444444446 0.60546875 0.2444444444444446 0.60546875 0.31250000000000017 0.63671875 0.31250000000000017