0 0.8171875 0.3319444444444446 0.77109375 0.3319444444444446 0.77109375 0.41111111111111126 0.8171875 0.41111111111111126
0 0.759375 0.2944444444444446 0.71796875 0.2944444444444446 0.71796875 0.3708333333333335 0.759375 0.3708333333333335
0 0.6984375 0.3791666666666668 0.6453125 0.3791666666666668 0.6453125 0.48611111111111127 0.6984375 0.48611111111111127
0 0.6890625 0.28888888888888903 0.64296875 0.28888888888888903 0.64296875 0.37638888888888905 0.6890625 0.37638888888888905
0 0.64609375 0.32083333333333347 0.60390625 0.32083333333333347 0.60390625 0.4097222222222224 0.64609375 0.4097222222222224
0 0.57734375 0.41250000000000014 0.5046875 0.41250000000000014 0.5046875 0.5583333333333335 0.57734375 0.5583333333333335
0 0.60390625 0.14444444444444457 0.5734375 0.14444444444444457 0.5734375 0.2055555555555557 0.60390625 0.2055555555555557
0 0.55546875 0.13333333333333344 0.53125 0.13333333333333344 0.53125 0.18333333333333346 0.55546875 0.1833333333333335
0 0.528125 0.19583333333333341 0.49453125 0.19583333333333341 0.49453125 0.26805555555555566 0.528125 0.26805555555555566
0 0.5015625 0.12361111111111123 0.47421875 0.12361111111111123 0.47421875 0.17361111111111122 0.5015625 0.17361111111111122
0 0.46875 0.14166666666666677 0.44140625 0.14166666666666675 0.44140625 0.1847222222222223 0.46875 0.1847222222222223
0 0.40234375 0.10416666666666674 0.37421875 0.10416666666666674 0.37421875 0.16944444444444454 0.40234375 0.16944444444444454
0 0.37421875 0.1097222222222223 0.34453125 0.1097222222222223 0.34453125 0.16527777777777786 0.37421875 0.16527777777777786
0 0.3828125 0.21527777777777785 0.35078125 0.21527777777777785 0.35078125 0.28333333333333344 0.3828125 0.28333333333333344
0 0.29140625 0.12361111111111117 0.2640625 0.12361111111111114 0.2640625 0.17777777777777787 0.29140625 0.17777777777777787
0 0.35390625 0.18194444444444452 0.32265625 0.18194444444444452 0.32265625 0.25694444444444453 0.35390625 0.25694444444444453
0 0.2984375 0.18888888888888897 0.26796875 0.18888888888888897 0.26796875 0.25000000000000006 0.2984375 0.25000000000000006
0 0.5625 0.17916666666666678 0.53046875 0.17916666666666675 0.53046875 0.23750000000000013 0.5625 0.23750000000000016
0 0.5109375 0.163888888888889 0.48359375 0.163888888888889 0.48359375 0.2222222222222223 0.5109375 0.2222222222222223
0 0.46171875 0.17222222222222233 0.425 0.1722222222222223 0.425 0.2486111111111112 0.46171875 0.2486111111111112
0 0.33515625 0.15000000000000008 0.30703125 0.15000000000000008 0.30703125 0.2097222222222223 0.33515625 0.2097222222222223
0 0.25234375 0.24166666666666675 0.21875 0.24166666666666675 0.21875 0.313888888888889 0.25234375 0.313888888888889
0 0.26171875 0.17777777777777787 0.23046875 0.17777777777777787 0.23046875 0.2486111111111112 0.26171875 0.2486111111111112
0 0.2125 0.21111111111111114 0.178125 0.2111111111111111 0.178125 0.2833333333333334 0.2125 0.28333333333333344
0 0.4515625 0.24166666666666675 0.41015625 0.24166666666666675 0.41015625 0.3152777777777779 0.4515625 0.3152777777777779
0 0.1734375 0.20416666666666666 0.13984375 0.20416666666666666 0.13984375 0.2777777777777778 0.1734375 0.2777777777777778
0 0.42109375 0.20694444444444451 0.3890625 0.20694444444444451 0.3890625 0.27638888888888896 0.42109375 0.27638888888888896