0 0.2453125000000001 0.6791666666666667 0.2000000000000001 0.6791666666666667 0.2000000000000001 0.7555555555555555 0.2453125000000001 0.7555555555555555
0 0.3023437500000001 0.7013888888888888 0.2617187500000001 0.7013888888888888 0.2617187500000001 0.775 0.3023437500000001 0.775
0 0.36328125000000006 0.5680555555555556 0.3125 0.5680555555555555 0.31250000000000006 0.6722222222222223 0.3632812500000001 0.6722222222222224
0 0.37578125000000007 0.6736111111111112 0.3312500000000001 0.6736111111111112 0.3312500000000001 0.7597222222222222 0.37578125000000007 0.7597222222222222
0 0.4109375 0.627777777777778 0.3703125 0.627777777777778 0.37031250000000004 0.7152777777777778 0.4109375 0.7152777777777778
0 0.496875 0.4569444444444446 0.4265625 0.4569444444444446 0.4265625 0.5986111111111113 0.496875 0.5986111111111113
0 0.459375 0.8180555555555555 0.43046875 0.8180555555555555 0.43046875 0.8763888888888889 0.459375 0.8763888888888889
0 0.5125 0.8208333333333333 0.4890625 0.8208333333333333 0.4890625 0.8694444444444445 0.5125 0.8694444444444445
0 0.53203125 0.7333333333333333 0.49921875 0.7333333333333333 0.49921875 0.8041666666666667 0.53203125 0.8041666666666667
0 0.559375 0.8180555555555555 0.5328125 0.8180555555555555 0.5328125 0.8666666666666667 0.559375 0.8666666666666667
0 0.59140625 0.7972222222222223 0.56484375 0.7972222222222223 0.56484375 0.8388888888888889 0.59140625 0.8388888888888889
0 0.659375 0.7916666666666666 0.6328125 0.7916666666666666 0.6328125 0.8555555555555555 0.659375 0.8555555555555555
0 0.6890625 0.7875 0.66015625 0.7875 0.66015625 0.8416666666666667 0.6890625 0.8416666666666667
0 0.66640625 0.6805555555555557 0.63515625 0.6805555555555557 0.63515625 0.7472222222222222 0.66640625 0.7472222222222222
0 0.77265625 0.7402777777777781 0.7390625 0.7402777777777781 0.7390625 0.8013888888888892 0.77265625 0.8013888888888892
0 0.70234375 0.690277777777778 0.671875 0.690277777777778 0.671875 0.7638888888888888 0.70234375 0.7638888888888888
0 0.75546875 0.6805555555555557 0.7265625 0.6805555555555557 0.7265625 0.7388888888888892 0.75546875 0.7388888888888892
0 0.4984375 0.775 0.46796875 0.775 0.46796875 0.8305555555555556 0.4984375 0.8305555555555556
0 0.546875 0.7736111111111111 0.5203125 0.7736111111111111 0.5203125 0.8305555555555556 0.546875 0.8305555555555556
0 0.60234375 0.7319444444444444 0.5671875 0.7319444444444444 0.5671875 0.8055555555555556 0.60234375 0.8055555555555556
0 0.721875 0.7319444444444444 0.69453125 0.7319444444444444 0.69453125 0.7902777777777777 0.721875 0.7902777777777777
0 0.7875 0.588888888888889 0.75546875 0.588888888888889 0.75546875 0.6597222222222224 0.7875 0.6597222222222224
0 0.79375 0.6708333333333335 0.76328125 0.6708333333333335 0.76328125 0.7402777777777781 0.79375 0.7402777777777781
0 0.8375 0.6208333333333335 0.8046875 0.6208333333333335 0.8046875 0.6916666666666669 0.8375 0.6916666666666669
0 0.61015625 0.6611111111111113 0.5703125 0.6611111111111113 0.5703125 0.7333333333333333 0.61015625 0.7333333333333333
0 0.8796875 0.6097222222222224 0.84765625 0.6097222222222224 0.84765625 0.6805555555555557 0.8796875 0.6805555555555557
0 0.634375 0.6916666666666669 0.60390625 0.6916666666666669 0.60390625 0.7597222222222222 0.634375 0.7597222222222222