0 0.24296875 0.25416666666666676 0.1984375 0.25416666666666676 0.19843750000000002 0.3291666666666667 0.24296875 0.3291666666666667
0 0.3 0.23333333333333342 0.26015625 0.23333333333333342 0.26015625 0.30555555555555564 0.3 0.30555555555555564
0 0.36171875 0.3347222222222223 0.31171875 0.3347222222222223 0.31171875 0.4375 0.36171875 0.4375
0 0.37265625 0.2458333333333334 0.32890625 0.2458333333333334 0.32890625 0.33055555555555566 0.37265625 0.33055555555555566
0 0.40859375 0.29027777777777786 0.36875 0.29027777777777786 0.36875 0.37638888888888905 0.40859375 0.37638888888888905
0 0.4953125 0.40416666666666684 0.4265625 0.40416666666666684 0.4265625 0.5444444444444446 0.4953125 0.5444444444444446
0 0.45625 0.1250000000000001 0.42734375 0.12500000000000008 0.42734375 0.1833333333333334 0.45625 0.1833333333333334
0 0.509375 0.13194444444444456 0.4859375 0.13194444444444456 0.4859375 0.17916666666666675 0.509375 0.17916666666666675
0 0.52890625 0.1972222222222223 0.496875 0.1972222222222223 0.496875 0.2666666666666667 0.52890625 0.2666666666666667
0 0.55546875 0.13194444444444456 0.5296875 0.13194444444444456 0.5296875 0.18055555555555566 0.55546875 0.18055555555555572
0 0.5875 0.15972222222222235 0.56171875 0.15972222222222235 0.56171875 0.20000000000000015 0.5875 0.20000000000000015
0 0.65625 0.14027777777777792 0.6296875 0.1402777777777779 0.6296875 0.20416666666666683 0.65625 0.20416666666666683
0 0.68515625 0.1541666666666668 0.65703125 0.1541666666666668 0.65703125 0.20833333333333348 0.68515625 0.20833333333333348
0 0.66328125 0.24861111111111128 0.6328125 0.24861111111111128 0.6328125 0.31388888888888905 0.66328125 0.31388888888888905
0 0.76953125 0.19166666666666682 0.7359375 0.19166666666666682 0.7359375 0.25277777777777793 0.76953125 0.25277777777777793
0 0.7 0.2319444444444446 0.6703125 0.2319444444444446 0.6703125 0.3055555555555557 0.7 0.3055555555555557
0 0.753125 0.2541666666666668 0.72421875 0.2541666666666668 0.72421875 0.31250000000000017 0.753125 0.31250000000000017
0 0.4953125 0.17083333333333345 0.46484375 0.17083333333333345 0.46484375 0.22638888888888897 0.4953125 0.22638888888888897
0 0.54296875 0.16944444444444456 0.5171875 0.16944444444444456 0.5171875 0.22638888888888897 0.54296875 0.22638888888888897
0 0.59921875 0.1930555555555557 0.56484375 0.1930555555555557 0.56484375 0.26666666666666683 0.59921875 0.26666666666666683
0 0.71875 0.20416666666666683 0.6921875 0.20416666666666683 0.6921875 0.2611111111111113 0.71875 0.2611111111111113
0 0.7859375 0.3333333333333335 0.7546875 0.3333333333333335 0.7546875 0.40277777777777796 0.7859375 0.40277777777777796
0 0.79140625 0.25277777777777793 0.76171875 0.25277777777777793 0.76171875 0.32083333333333347 0.79140625 0.32083333333333347
0 0.83515625 0.30000000000000016 0.803125 0.30000000000000016 0.803125 0.3694444444444446 0.83515625 0.3694444444444446
0 0.6078125 0.26527777777777795 0.56875 0.26527777777777795 0.56875 0.33611111111111125 0.6078125 0.33611111111111125
0 0.878125 0.3083333333333335 0.846875 0.3083333333333335 0.846875 0.3791666666666668 0.878125 0.3791666666666668
0 0.63203125 0.23888888888888904 0.6015625 0.23888888888888904 0.6015625 0.3055555555555557 0.63203125 0.3055555555555557