0 0.2296875 0.5527777777777778 0.18203125000000003 0.5527777777777778 0.18203125000000003 0.6333333333333333 0.2296875 0.6333333333333333
0 0.28828125000000004 0.6194444444444445 0.2453125 0.6194444444444445 0.24531250000000004 0.6972222222222222 0.2882812500000001 0.6972222222222222
0 0.3500000000000001 0.6458333333333334 0.3179687500000001 0.6458333333333334 0.3179687500000001 0.7180555555555556 0.3500000000000001 0.7180555555555556
0 0.32578125 0.5333333333333333 0.278125 0.5333333333333333 0.278125 0.6236111111111111 0.32578125 0.6236111111111111
0 0.38984375000000004 0.5722222222222223 0.3484375 0.5722222222222222 0.34843750000000007 0.6527777777777779 0.3898437500000001 0.6527777777777779
0 0.48671875 0.4638888888888891 0.4328125 0.4638888888888891 0.4328125 0.5805555555555557 0.48671875 0.5805555555555557
0 0.42265625 0.7930555555555555 0.39140625000000007 0.7930555555555555 0.39140625000000007 0.8555555555555555 0.42265625 0.8555555555555555
0 0.46328125 0.8125 0.4421875 0.8125 0.4421875 0.8625 0.46328125 0.8625
0 0.50703125 0.7444444444444445 0.47578125 0.7444444444444445 0.47578125 0.8166666666666667 0.50703125 0.8166666666666667
0 0.52421875 0.8111111111111111 0.49375 0.8111111111111111 0.49375 0.8833333333333333 0.52421875 0.8833333333333333
0 0.5625 0.8166666666666667 0.53828125 0.8166666666666667 0.53828125 0.8625 0.5625 0.8625
0 0.60390625 0.7597222222222222 0.575 0.7597222222222222 0.575 0.8208333333333333 0.60390625 0.8208333333333333
0 0.62265625 0.8305555555555556 0.59765625 0.8305555555555556 0.59765625 0.8819444444444444 0.62265625 0.8819444444444444
0 0.6515625 0.8597222222222223 0.63125 0.8597222222222223 0.63125 0.8986111111111111 0.6515625 0.8986111111111111
0 0.65 0.7222222222222222 0.6203125 0.7222222222222222 0.6203125 0.7833333333333333 0.65 0.7833333333333333
0 0.6578125 0.7972222222222223 0.63125 0.7972222222222223 0.63125 0.8513888888888889 0.6578125 0.8513888888888889
0 0.7359375 0.827777777777778 0.70390625 0.8277777777777777 0.70390625 0.8944444444444446 0.7359375 0.8944444444444447
0 0.68515625 0.7402777777777778 0.65390625 0.7402777777777778 0.65390625 0.8125 0.68515625 0.8125
0 0.75078125 0.752777777777778 0.71953125 0.7527777777777778 0.71953125 0.815277777777778 0.75078125 0.8152777777777781
0 0.7984375 0.7694444444444447 0.771875 0.7694444444444447 0.771875 0.8333333333333337 0.7984375 0.8333333333333337
0 0.4578125 0.775 0.43125 0.775 0.43125 0.8347222222222223 0.4578125 0.8347222222222223
0 0.5109375 0.8 0.48203125 0.8 0.48203125 0.8555555555555555 0.5109375 0.8555555555555555
0 0.565625 0.7652777777777777 0.5328125 0.7652777777777777 0.5328125 0.8291666666666667 0.565625 0.8291666666666667
0 0.6921875 0.8013888888888889 0.66328125 0.8013888888888889 0.66328125 0.8597222222222223 0.6921875 0.8597222222222223
0 0.76640625 0.6986111111111113 0.7375 0.6986111111111113 0.7375 0.7652777777777781 0.76640625 0.7652777777777781
0 0.8265625 0.7569444444444448 0.79609375 0.7569444444444448 0.79609375 0.816666666666667 0.8265625 0.816666666666667
0 0.78515625 0.7444444444444448 0.75390625 0.7444444444444448 0.75390625 0.8097222222222226 0.78515625 0.8097222222222226
