0 0.8015625 0.27222222222222237 0.75703125 0.27222222222222237 0.75703125 0.3472222222222224 0.8015625 0.3472222222222224
0 0.73203125 0.2305555555555557 0.6921875 0.2305555555555557 0.6921875 0.3027777777777779 0.73203125 0.3027777777777779
0 0.65859375 0.2319444444444446 0.62890625 0.2319444444444446 0.62890625 0.30000000000000016 0.65859375 0.30000000000000016
0 0.7078125 0.31388888888888905 0.6640625 0.31388888888888905 0.6640625 0.39861111111111125 0.7078125 0.39861111111111125
0 0.6359375 0.3083333333333335 0.59765625 0.3083333333333335 0.59765625 0.38333333333333347 0.6359375 0.38333333333333347
0 0.5625 0.4097222222222224 0.51328125 0.4097222222222224 0.51328125 0.5208333333333335 0.5625 0.5208333333333335
0 0.57109375 0.12222222222222234 0.5421875 0.12222222222222234 0.5421875 0.18055555555555566 0.57109375 0.18055555555555572
0 0.5203125 0.1291666666666668 0.50078125 0.1291666666666668 0.50078125 0.176388888888889 0.5203125 0.176388888888889
0 0.49296875 0.18750000000000008 0.4640625 0.18750000000000008 0.4640625 0.25694444444444453 0.49296875 0.25694444444444453
0 0.46875 0.12777777777777788 0.44140625 0.12777777777777785 0.44140625 0.1972222222222223 0.46875 0.1972222222222223
0 0.42578125 0.1625000000000001 0.403125 0.1625000000000001 0.403125 0.20555555555555563 0.42578125 0.20555555555555563
0 0.39453125 0.21666666666666676 0.36875 0.21666666666666676 0.36875 0.2750000000000001 0.39453125 0.2750000000000001
0 0.365625 0.16388888888888897 0.3421875 0.16388888888888897 0.3421875 0.2111111111111112 0.365625 0.2111111111111112
0 0.33046875 0.1583333333333334 0.31171875 0.1583333333333334 0.31171875 0.19444444444444453 0.33046875 0.19444444444444453
0 0.35390625 0.26944444444444454 0.32734375 0.26944444444444454 0.32734375 0.32638888888888895 0.35390625 0.32638888888888895
0 0.3359375 0.20694444444444451 0.31171875 0.20694444444444451 0.31171875 0.2583333333333334 0.3359375 0.2583333333333334
0 0.26015625 0.19027777777777785 0.23125 0.19027777777777785 0.23125 0.2527777777777779 0.26015625 0.2527777777777779
0 0.31796875 0.2527777777777779 0.28984375 0.2527777777777779 0.28984375 0.3208333333333334 0.31796875 0.3208333333333334
0 0.253125 0.2722222222222223 0.22421875 0.2722222222222223 0.22421875 0.33055555555555566 0.253125 0.33055555555555566
0 0.2 0.27083333333333337 0.1765625 0.2708333333333333 0.1765625 0.3319444444444445 0.2 0.33194444444444454
0 0.534375 0.15416666666666679 0.51015625 0.15416666666666679 0.51015625 0.2111111111111112 0.534375 0.2111111111111112
0 0.48203125 0.15138888888888902 0.45546875 0.15138888888888902 0.45546875 0.20416666666666675 0.48203125 0.20416666666666675
0 0.4359375 0.19444444444444453 0.40546875 0.19444444444444453 0.40546875 0.25555555555555565 0.4359375 0.25555555555555565
0 0.30390625 0.20833333333333343 0.27734375 0.20833333333333343 0.27734375 0.26388888888888895 0.30390625 0.26388888888888895
0 0.24140625 0.32638888888888895 0.21484375 0.32638888888888895 0.21484375 0.3902777777777778 0.24140625 0.3902777777777778
0 0.17812500000000003 0.29583333333333334 0.15 0.29583333333333334 0.15000000000000002 0.3527777777777778 0.17812500000000003 0.3527777777777778
0 0.2203125 0.288888888888889 0.19140625 0.288888888888889 0.19140625000000003 0.351388888888889 0.2203125 0.351388888888889
