0 0.2734375 0.17500000000000007 0.2234375 0.17500000000000004 0.2234375 0.2611111111111112 0.2734375 0.2611111111111112
0 0.33671875 0.1625000000000001 0.29140625 0.1625000000000001 0.29140625 0.2458333333333334 0.33671875 0.2458333333333334
0 0.39921875 0.1833333333333334 0.35625 0.1833333333333334 0.35625 0.2847222222222223 0.39921875 0.2847222222222223
0 0.36015625 0.25416666666666676 0.309375 0.25416666666666676 0.309375 0.3500000000000001 0.36015625 0.3500000000000001
0 0.428125 0.25000000000000006 0.3796875 0.25000000000000006 0.3796875 0.34583333333333344 0.428125 0.34583333333333344
0 0.50546875 0.38888888888888906 0.43203125 0.38888888888888906 0.43203125 0.5319444444444446 0.50546875 0.5319444444444446
0 0.478125 0.10416666666666677 0.440625 0.10416666666666674 0.440625 0.17361111111111122 0.478125 0.17361111111111122
0 0.54765625 0.13472222222222235 0.51640625 0.13472222222222235 0.51640625 0.1916666666666668 0.54765625 0.19166666666666682
0 0.55703125 0.19861111111111124 0.52265625 0.19861111111111118 0.52265625 0.27361111111111125 0.55703125 0.27361111111111125
0 0.59140625 0.14305555555555569 0.56171875 0.14305555555555569 0.56171875 0.2069444444444446 0.59140625 0.2069444444444446
0 0.625 0.1833333333333335 0.59296875 0.1833333333333335 0.59296875 0.24166666666666684 0.625 0.24166666666666684
0 0.65 0.27361111111111125 0.61875 0.27361111111111125 0.61875 0.33750000000000013 0.65 0.33750000000000013
0 0.6875 0.19166666666666682 0.6546875 0.19166666666666682 0.6546875 0.2555555555555557 0.6875 0.2555555555555557
0 0.7171875 0.20833333333333348 0.68671875 0.20833333333333348 0.68671875 0.2694444444444446 0.7171875 0.2694444444444446
0 0.6875 0.3069444444444446 0.6515625 0.3069444444444446 0.6515625 0.37777777777777793 0.6875 0.37777777777777793
0 0.72265625 0.2625000000000002 0.69453125 0.2625000000000002 0.69453125 0.3194444444444446 0.72265625 0.3194444444444446
0 0.7953125 0.2694444444444446 0.7609375 0.2694444444444446 0.7609375 0.3388888888888891 0.7953125 0.3388888888888891
0 0.7171875 0.29861111111111127 0.68359375 0.29861111111111127 0.68359375 0.3736111111111113 0.7171875 0.3736111111111113
0 0.77421875 0.3250000000000002 0.73515625 0.3250000000000002 0.73515625 0.40277777777777796 0.77421875 0.40277777777777796
0 0.8734375 0.4444444444444446 0.84375 0.4444444444444446 0.84375 0.5083333333333335 0.8734375 0.5083333333333335
0 0.52421875 0.15138888888888902 0.49140625 0.15138888888888902 0.49140625 0.2208333333333334 0.52421875 0.2208333333333334
0 0.5765625 0.18611111111111128 0.5453125 0.18611111111111128 0.5453125 0.2458333333333335 0.5765625 0.2458333333333335
0 0.6234375 0.2347222222222224 0.58828125 0.2347222222222224 0.58828125 0.3027777777777779 0.6234375 0.3027777777777779
0 0.74296875 0.2694444444444446 0.71171875 0.2694444444444446 0.71171875 0.3305555555555557 0.74296875 0.3305555555555557
0 0.6359375 0.3250000000000002 0.59609375 0.3250000000000002 0.59609375 0.4055555555555557 0.6359375 0.4055555555555557
0 0.88515625 0.41666666666666685 0.85625 0.41666666666666685 0.85625 0.4777777777777779 0.88515625 0.4777777777777779
0 0.8078125 0.33750000000000013 0.77421875 0.33750000000000013 0.77421875 0.4069444444444446 0.8078125 0.4069444444444446
0 0.8109375 0.4069444444444446 0.76796875 0.4069444444444446 0.76796875 0.48611111111111127 0.8109375 0.48611111111111127
