0 0.2593750000000001 0.7027777777777777 0.2117187500000001 0.7027777777777777 0.2117187500000001 0.7833333333333333 0.2593750000000001 0.7833333333333333
0 0.31328125000000007 0.7263888888888889 0.27031250000000007 0.7263888888888889 0.27031250000000007 0.8041666666666667 0.31328125000000007 0.8041666666666667
0 0.3898437500000001 0.6958333333333334 0.3507812500000001 0.6958333333333333 0.3507812500000001 0.7944444444444444 0.3898437500000001 0.7944444444444444
0 0.34921875 0.6277777777777778 0.3015625 0.6277777777777778 0.30156250000000007 0.7180555555555556 0.3492187500000001 0.7180555555555556
0 0.4171875 0.6416666666666668 0.37265625 0.6416666666666668 0.37265625 0.7333333333333333 0.4171875 0.7333333333333333
0 0.50078125 0.46666666666666684 0.4328125 0.46666666666666684 0.4328125 0.602777777777778 0.50078125 0.602777777777778
0 0.48203125 0.7902777777777777 0.4453125 0.7902777777777777 0.4453125 0.8805555555555555 0.48203125 0.8805555555555555
0 0.5359375 0.8125 0.50703125 0.8125 0.50703125 0.8652777777777778 0.5359375 0.8652777777777778
0 0.5421875 0.7333333333333333 0.5109375 0.7333333333333333 0.5109375 0.8055555555555556 0.5421875 0.8055555555555556
0 0.609375 0.7763888888888889 0.5796875 0.7763888888888889 0.5796875 0.8305555555555556 0.609375 0.8305555555555556
0 0.63828125 0.6819444444444446 0.609375 0.6819444444444446 0.609375 0.7430555555555556 0.63828125 0.7430555555555556
0 0.671875 0.7722222222222223 0.64140625 0.7722222222222223 0.64140625 0.8319444444444445 0.671875 0.8319444444444445
0 0.703125 0.7625 0.675 0.7625 0.675 0.8208333333333333 0.703125 0.8208333333333333
0 0.67734375 0.651388888888889 0.64375 0.651388888888889 0.64375 0.7180555555555556 0.67734375 0.7180555555555556
0 0.70625 0.7180555555555556 0.6796875 0.7180555555555556 0.6796875 0.7722222222222223 0.70625 0.7722222222222223
0 0.7875 0.6986111111111113 0.75546875 0.6986111111111113 0.75546875 0.7652777777777781 0.7875 0.7652777777777781
0 0.70703125 0.6597222222222224 0.67578125 0.6597222222222224 0.67578125 0.7319444444444444 0.70703125 0.7319444444444444
0 0.76484375 0.6388888888888891 0.72890625 0.6388888888888891 0.72890625 0.7125000000000004 0.76484375 0.7125000000000004
0 0.8390625 0.5805555555555557 0.8125 0.5805555555555557 0.8125 0.6416666666666668 0.8390625 0.6416666666666668
0 0.51328125 0.7791666666666667 0.4828125 0.7791666666666667 0.4828125 0.8458333333333333 0.51328125 0.8458333333333333
0 0.5671875 0.7736111111111111 0.5359375 0.7736111111111111 0.5359375 0.8416666666666667 0.5671875 0.8416666666666667
0 0.61015625 0.7166666666666667 0.57734375 0.7166666666666667 0.57734375 0.7805555555555556 0.61015625 0.7805555555555556
0 0.7328125 0.7069444444444446 0.70390625 0.7069444444444446 0.70390625 0.765277777777778 0.7328125 0.7652777777777781
0 0.63046875 0.6250000000000001 0.59296875 0.6250000000000001 0.59296875 0.7013888888888891 0.63046875 0.7013888888888891
0 0.86875 0.5569444444444446 0.84140625 0.5569444444444446 0.84140625 0.6152777777777779 0.86875 0.6152777777777779
0 0.79921875 0.640277777777778 0.76796875 0.640277777777778 0.76796875 0.7055555555555557 0.79921875 0.7055555555555557
0 0.8171875 0.5458333333333335 0.77734375 0.5458333333333335 0.77734375 0.6208333333333335 0.8171875 0.6208333333333335
