0 0.2648437500000001 0.7180555555555556 0.21640625000000008 0.7180555555555556 0.21640625000000008 0.8013888888888889 0.2648437500000001 0.8013888888888889
0 0.3195312500000001 0.7388888888888889 0.2757812500000001 0.7388888888888889 0.2757812500000001 0.8194444444444444 0.3195312500000001 0.8194444444444444
0 0.39531250000000007 0.7027777777777778 0.3546875000000001 0.7027777777777777 0.3546875000000001 0.8027777777777778 0.39531250000000007 0.8027777777777778
0 0.35390625000000003 0.6361111111111111 0.3046875 0.6361111111111111 0.30468750000000006 0.7291666666666666 0.3539062500000001 0.7291666666666666
0 0.42109375 0.6472222222222224 0.3750000000000001 0.6472222222222224 0.3750000000000001 0.7402777777777778 0.42109375 0.7402777777777778
0 0.503125 0.4680555555555557 0.4328125 0.4680555555555557 0.4328125 0.6069444444444446 0.503125 0.6069444444444446
0 0.4890625 0.7916666666666666 0.45078125 0.7916666666666666 0.45078125 0.8833333333333333 0.4890625 0.8833333333333333
0 0.54296875 0.8111111111111111 0.51328125 0.8111111111111111 0.51328125 0.8652777777777778 0.54296875 0.8652777777777778
0 0.5484375 0.7305555555555555 0.515625 0.7305555555555555 0.515625 0.8041666666666667 0.5484375 0.8041666666666667
0 0.615625 0.7708333333333334 0.58515625 0.7708333333333334 0.58515625 0.8263888888888888 0.615625 0.8263888888888888
0 0.64296875 0.6736111111111113 0.61328125 0.6736111111111113 0.61328125 0.7361111111111112 0.64296875 0.7361111111111112
0 0.678125 0.7625 0.646875 0.7625 0.646875 0.8236111111111111 0.678125 0.8236111111111111
0 0.70859375 0.75 0.6796875 0.75 0.6796875 0.8097222222222222 0.70859375 0.8097222222222222
0 0.68125 0.640277777777778 0.646875 0.640277777777778 0.646875 0.7083333333333335 0.68125 0.7083333333333335
0 0.71171875 0.7055555555555557 0.684375 0.7055555555555557 0.684375 0.7611111111111111 0.71171875 0.7611111111111111
0 0.7921875 0.6819444444444446 0.759375 0.6819444444444446 0.759375 0.7500000000000003 0.7921875 0.7500000000000003
0 0.7109375 0.6472222222222224 0.67890625 0.6472222222222224 0.67890625 0.7208333333333333 0.7109375 0.7208333333333333
0 0.76875 0.6222222222222223 0.73125 0.6222222222222223 0.73125 0.6986111111111113 0.76875 0.6986111111111113
0 0.84140625 0.5597222222222223 0.81328125 0.5597222222222223 0.81328125 0.6222222222222223 0.84140625 0.6222222222222223
0 0.51953125 0.7791666666666667 0.48828125 0.7791666666666667 0.48828125 0.8472222222222222 0.51953125 0.8472222222222222
0 0.57421875 0.7694444444444445 0.5421875 0.7694444444444445 0.5421875 0.8388888888888889 0.57421875 0.8388888888888889
0 0.615625 0.7083333333333335 0.58125 0.7083333333333335 0.58125 0.775 0.615625 0.775
0 0.7375 0.6930555555555558 0.70703125 0.6930555555555558 0.70703125 0.752777777777778 0.7375 0.7527777777777781
0 0.634375 0.6180555555555557 0.59609375 0.6180555555555557 0.59609375 0.6958333333333335 0.634375 0.6958333333333335
0 0.8703125 0.5361111111111113 0.8421875 0.5361111111111113 0.8421875 0.5944444444444446 0.8703125 0.5944444444444446
0 0.803125 0.6222222222222223 0.7703125 0.6222222222222223 0.7703125 0.688888888888889 0.803125 0.688888888888889
0 0.81953125 0.5277777777777779 0.778125 0.5277777777777779 0.778125 0.6041666666666669 0.81953125 0.6041666666666669
