0 0.25390625 0.2347222222222223 0.2078125 0.2347222222222223 0.2078125 0.313888888888889 0.25390625 0.313888888888889
0 0.38515625 0.22777777777777786 0.34375 0.22777777777777786 0.34375 0.30416666666666675 0.38515625 0.30416666666666675
0 0.30703125 0.20277777777777786 0.26953125 0.20277777777777786 0.26953125 0.2986111111111112 0.30703125 0.2986111111111112
0 0.346875 0.28333333333333344 0.2984375 0.28333333333333344 0.2984375 0.3888888888888889 0.346875 0.3888888888888889
0 0.41640625 0.2805555555555556 0.3734375 0.2805555555555556 0.3734375 0.3694444444444446 0.41640625 0.3694444444444446
0 0.49921875 0.4013888888888891 0.4328125 0.4013888888888891 0.4328125 0.5333333333333334 0.49921875 0.5333333333333334
0 0.48125 0.12916666666666676 0.44609375 0.12916666666666674 0.44609375 0.21805555555555564 0.48125 0.21805555555555564
0 0.52890625 0.13472222222222235 0.50078125 0.13472222222222235 0.50078125 0.1861111111111112 0.52890625 0.1861111111111112
0 0.5625 0.2125000000000001 0.5265625 0.21250000000000008 0.5265625 0.28750000000000014 0.5625 0.28750000000000014
0 0.60234375 0.16527777777777788 0.5734375 0.16527777777777788 0.5734375 0.21805555555555572 0.60234375 0.21805555555555572
0 0.63359375 0.25138888888888905 0.60625 0.25138888888888905 0.60625 0.3111111111111113 0.63359375 0.3111111111111113
0 0.665625 0.15972222222222238 0.6359375 0.15972222222222238 0.6359375 0.21805555555555572 0.665625 0.21805555555555572
0 0.696875 0.1694444444444446 0.66953125 0.1694444444444446 0.66953125 0.22638888888888906 0.696875 0.22638888888888906
0 0.6640625 0.2763888888888891 0.62890625 0.2763888888888891 0.62890625 0.3472222222222224 0.6640625 0.3472222222222224
0 0.696875 0.2166666666666668 0.67109375 0.2166666666666668 0.67109375 0.2694444444444446 0.696875 0.2694444444444446
0 0.78203125 0.2194444444444446 0.75078125 0.2194444444444446 0.75078125 0.2847222222222224 0.78203125 0.2847222222222224
0 0.7078125 0.25833333333333347 0.671875 0.25833333333333347 0.671875 0.3333333333333335 0.7078125 0.3333333333333335
0 0.7609375 0.27361111111111125 0.72578125 0.27361111111111125 0.72578125 0.3458333333333335 0.7609375 0.3458333333333335
0 0.8359375 0.3388888888888891 0.81015625 0.3388888888888891 0.81015625 0.39861111111111125 0.8359375 0.39861111111111125
0 0.50625 0.15555555555555567 0.47734375 0.15555555555555567 0.47734375 0.2208333333333334 0.50625 0.2208333333333334
0 0.5609375 0.15694444444444455 0.53046875 0.15694444444444455 0.53046875 0.22361111111111123 0.5609375 0.22361111111111126
0 0.6046875 0.21527777777777793 0.57265625 0.21527777777777793 0.57265625 0.27777777777777796 0.6046875 0.27777777777777796
0 0.72734375 0.22222222222222238 0.69921875 0.22222222222222238 0.69921875 0.27916666666666684 0.72734375 0.27916666666666684
0 0.6171875 0.2847222222222224 0.58125 0.2847222222222224 0.58125 0.3597222222222224 0.6171875 0.3597222222222224
0 0.865625 0.36388888888888904 0.83984375 0.36388888888888904 0.83984375 0.4208333333333335 0.865625 0.4208333333333335
0 0.7953125 0.27777777777777796 0.76484375 0.27777777777777796 0.76484375 0.34166666666666684 0.7953125 0.34166666666666684
0 0.81484375 0.36111111111111127 0.77578125 0.36111111111111127 0.77578125 0.4347222222222224 0.81484375 0.4347222222222224
