0 0.81953125 0.3819444444444446 0.7703125 0.3819444444444446 0.7703125 0.46666666666666684 0.81953125 0.46666666666666684
0 0.690625 0.3069444444444446 0.64609375 0.3069444444444446 0.64609375 0.3875000000000002 0.690625 0.3875000000000002
0 0.76484375 0.32222222222222235 0.7234375 0.32222222222222235 0.7234375 0.4222222222222224 0.76484375 0.4222222222222224
0 0.72265625 0.3805555555555557 0.6703125 0.3805555555555557 0.6703125 0.4916666666666668 0.72265625 0.4916666666666668
0 0.65390625 0.34027777777777796 0.60703125 0.34027777777777796 0.60703125 0.4347222222222224 0.65390625 0.4347222222222224
0 0.5734375 0.41666666666666685 0.50234375 0.41666666666666685 0.50234375 0.5569444444444446 0.5734375 0.5569444444444446
0 0.60859375 0.16111111111111123 0.56953125 0.16111111111111123 0.56953125 0.2541666666666668 0.60859375 0.2541666666666668
0 0.55703125 0.1402777777777779 0.5265625 0.1402777777777779 0.5265625 0.19583333333333344 0.55703125 0.1958333333333335
0 0.51875 0.19861111111111118 0.4796875 0.19861111111111118 0.4796875 0.27777777777777785 0.51875 0.27777777777777785
0 0.4828125 0.13055555555555565 0.4515625 0.13055555555555565 0.4515625 0.18750000000000008 0.4828125 0.18750000000000008
0 0.43671875 0.1972222222222223 0.40703125 0.1972222222222223 0.40703125 0.2597222222222223 0.43671875 0.2597222222222223
0 0.4234375 0.09305555555555564 0.39140625 0.09305555555555564 0.39140625 0.15555555555555564 0.4234375 0.15555555555555564
0 0.38984375 0.0861111111111112 0.36015625 0.0861111111111112 0.36015625 0.14583333333333343 0.38984375 0.14583333333333343
0 0.409375 0.20694444444444451 0.371875 0.20694444444444451 0.371875 0.2819444444444445 0.409375 0.2819444444444445
0 0.38046875 0.13055555555555565 0.353125 0.13055555555555565 0.353125 0.1861111111111112 0.38046875 0.1861111111111112
0 0.303125 0.09027777777777783 0.26953125 0.09027777777777782 0.26953125 0.15833333333333338 0.303125 0.1583333333333334
0 0.37109375 0.16666666666666674 0.3328125 0.16666666666666674 0.3328125 0.2458333333333334 0.37109375 0.2458333333333334
0 0.31875 0.15416666666666676 0.28046875 0.15416666666666676 0.28046875 0.23055555555555562 0.31875 0.23055555555555562
0 0.2265625 0.17638888888888893 0.1984375 0.17638888888888893 0.1984375 0.23888888888888896 0.2265625 0.23888888888888896
0 0.57578125 0.17222222222222233 0.54375 0.17222222222222233 0.54375 0.2402777777777779 0.57578125 0.24027777777777792
0 0.52421875 0.14444444444444457 0.49140625 0.14444444444444457 0.49140625 0.21527777777777785 0.52421875 0.21527777777777785
0 0.47421875 0.17916666666666675 0.43984375 0.17916666666666675 0.43984375 0.2458333333333334 0.47421875 0.2458333333333334
0 0.35234375 0.12083333333333342 0.321875 0.12083333333333342 0.321875 0.18055555555555564 0.35234375 0.18055555555555564
0 0.45390625 0.23888888888888896 0.41484375 0.23888888888888896 0.41484375 0.31805555555555565 0.45390625 0.31805555555555565
0 0.19453125 0.18333333333333338 0.16640625 0.18333333333333332 0.16640625 0.2430555555555556 0.19453125 0.24305555555555564
0 0.28046875 0.13888888888888895 0.24765625 0.13888888888888892 0.24765625 0.20694444444444451 0.28046875 0.20694444444444451
0 0.25546875 0.2111111111111112 0.2140625 0.2111111111111112 0.2140625 0.288888888888889 0.25546875 0.288888888888889
