0 0.81484375 0.5736111111111113 0.76796875 0.5736111111111113 0.76796875 0.6527777777777779 0.81484375 0.6527777777777779
0 0.68359375 0.6347222222222224 0.64140625 0.6347222222222224 0.64140625 0.7125 0.68359375 0.7125
0 0.7578125 0.6097222222222224 0.71953125 0.6097222222222224 0.71953125 0.7069444444444446 0.7578125 0.7069444444444446
0 0.71796875 0.5361111111111113 0.66875 0.5361111111111113 0.66875 0.6430555555555557 0.71796875 0.6430555555555557
0 0.646875 0.5847222222222224 0.603125 0.5847222222222224 0.603125 0.6750000000000002 0.646875 0.6750000000000002
0 0.57109375 0.45277777777777795 0.50390625 0.45277777777777795 0.50390625 0.5861111111111112 0.57109375 0.5861111111111112
0 0.5953125 0.7583333333333333 0.559375 0.7583333333333333 0.559375 0.8486111111111111 0.5953125 0.8486111111111111
0 0.54375 0.8111111111111111 0.51484375 0.8111111111111111 0.51484375 0.8638888888888889 0.54375 0.8638888888888889
0 0.50703125 0.7236111111111111 0.4703125 0.7236111111111111 0.4703125 0.8 0.50703125 0.8
0 0.46796875 0.8097222222222222 0.43828125 0.8097222222222222 0.43828125 0.8638888888888889 0.46796875 0.8638888888888889
0 0.42578125 0.7319444444444444 0.3976562500000001 0.7319444444444444 0.3976562500000001 0.7930555555555555 0.42578125 0.7930555555555555
0 0.4078125 0.8347222222222223 0.3773437500000001 0.8347222222222223 0.3773437500000001 0.8944444444444445 0.4078125 0.8944444444444445
0 0.3742187500000001 0.8402777777777778 0.3460937500000001 0.8402777777777778 0.3460937500000001 0.8972222222222223 0.3742187500000001 0.8972222222222223
0 0.39921875000000007 0.7055555555555557 0.3632812500000001 0.7055555555555557 0.3632812500000001 0.7777777777777778 0.39921875000000007 0.7777777777777778
0 0.3671875000000001 0.7986111111111112 0.3414062500000001 0.7986111111111112 0.3414062500000001 0.8513888888888889 0.3671875000000001 0.8513888888888889
0 0.2875000000000001 0.8166666666666667 0.2562500000000001 0.8166666666666667 0.2562500000000001 0.8819444444444444 0.2875000000000001 0.8819444444444444
0 0.3585937500000001 0.7375 0.3226562500000001 0.7375 0.3226562500000001 0.8138888888888889 0.3585937500000001 0.8138888888888889
0 0.30546875000000007 0.7458333333333333 0.2695312500000001 0.7458333333333333 0.2695312500000001 0.8194444444444444 0.30546875000000007 0.8194444444444444
0 0.21484375000000008 0.7263888888888889 0.18828125000000004 0.7263888888888889 0.18828125000000004 0.7875 0.21484375000000008 0.7875
0 0.56328125 0.7680555555555556 0.53359375 0.7680555555555556 0.53359375 0.8347222222222223 0.56328125 0.8347222222222223
0 0.51015625 0.7875 0.4796875 0.7875 0.4796875 0.8555555555555555 0.51015625 0.8555555555555555
0 0.4625 0.75 0.4296875 0.75 0.4296875 0.8138888888888889 0.4625 0.8138888888888889
0 0.3382812500000001 0.8 0.30937500000000007 0.8 0.30937500000000007 0.8583333333333333 0.3382812500000001 0.8583333333333333
0 0.44453125 0.6750000000000002 0.4078125 0.6750000000000002 0.4078125 0.7513888888888889 0.44453125 0.7513888888888889
0 0.18359375000000006 0.7180555555555556 0.15703125000000004 0.7180555555555556 0.15703125000000004 0.775 0.18359375000000006 0.775
0 0.2671875000000001 0.7652777777777777 0.23593750000000008 0.7652777777777777 0.23593750000000008 0.8305555555555556 0.2671875000000001 0.8305555555555556
0 0.2453125000000001 0.6805555555555556 0.2054687500000001 0.6805555555555556 0.2054687500000001 0.7541666666666667 0.2453125000000001 0.7541666666666667
