0 0.23515625 0.3500000000000001 0.19453125000000004 0.3500000000000001 0.19453125000000004 0.43333333333333335 0.23515625 0.43333333333333335
0 0.35859375 0.2972222222222223 0.31796875 0.2972222222222223 0.31796875 0.38472222222222224 0.35859375 0.38472222222222224
0 0.28125 0.2944444444444445 0.24296875 0.2944444444444445 0.24296875 0.39166666666666666 0.28125 0.39166666666666666
0 0.3234375 0.3500000000000001 0.27890625 0.3500000000000001 0.27890625 0.44722222222222224 0.3234375 0.44722222222222224
0 0.396875 0.32638888888888895 0.353125 0.32638888888888895 0.353125 0.41666666666666674 0.396875 0.41666666666666685
0 0.496875 0.4152777777777779 0.4296875 0.4152777777777779 0.4296875 0.5486111111111113 0.496875 0.5486111111111113
0 0.44140625 0.15138888888888896 0.40546875 0.15138888888888896 0.40546875 0.24166666666666675 0.44140625 0.24166666666666675
0 0.46796875 0.126388888888889 0.4390625 0.12638888888888897 0.4390625 0.17916666666666675 0.46796875 0.17916666666666675
0 0.5421875 0.20555555555555563 0.50546875 0.20555555555555563 0.50546875 0.2819444444444445 0.5421875 0.2819444444444445
0 0.56171875 0.13750000000000012 0.53203125 0.13750000000000012 0.53203125 0.1916666666666668 0.56171875 0.19166666666666682
0 0.603125 0.20833333333333348 0.575 0.20833333333333348 0.575 0.2694444444444446 0.603125 0.2694444444444446
0 0.62265625 0.10694444444444456 0.5921875 0.10694444444444456 0.5921875 0.1666666666666668 0.62265625 0.1666666666666668
0 0.65390625 0.10416666666666681 0.62578125 0.10416666666666678 0.62578125 0.16111111111111126 0.65390625 0.16111111111111126
0 0.63359375 0.2305555555555557 0.59765625 0.2305555555555557 0.59765625 0.3027777777777779 0.63359375 0.3027777777777779
0 0.65703125 0.15138888888888902 0.63125 0.15138888888888902 0.63125 0.20416666666666683 0.65703125 0.20416666666666683
0 0.74453125 0.12361111111111127 0.71328125 0.12361111111111127 0.71328125 0.18888888888888905 0.74453125 0.18888888888888905
0 0.67734375 0.18611111111111128 0.64140625 0.18611111111111128 0.64140625 0.2625000000000002 0.67734375 0.2625000000000002
0 0.73046875 0.18055555555555572 0.69453125 0.18055555555555572 0.69453125 0.2541666666666668 0.73046875 0.2541666666666668
0 0.81171875 0.21250000000000016 0.78515625 0.21250000000000016 0.78515625 0.27361111111111125 0.81171875 0.27361111111111125
0 0.4671875 0.16666666666666677 0.4375 0.16666666666666674 0.4375 0.23333333333333342 0.4671875 0.23333333333333342
0 0.525 0.1402777777777779 0.49453125 0.1402777777777779 0.49453125 0.20833333333333343 0.525 0.20833333333333343
0 0.57109375 0.18611111111111123 0.53828125 0.1861111111111112 0.53828125 0.2500000000000001 0.57109375 0.25000000000000017
0 0.68515625 0.1444444444444446 0.65625 0.1444444444444446 0.65625 0.20277777777777795 0.68515625 0.20277777777777795
0 0.59296875 0.24861111111111128 0.55625 0.24861111111111128 0.55625 0.3250000000000002 0.59296875 0.3250000000000002
0 0.84921875 0.1930555555555557 0.81875 0.1930555555555557 0.81875 0.2625000000000002 0.84921875 0.2625000000000002
0 0.76484375 0.1694444444444446 0.73359375 0.1694444444444446 0.73359375 0.2347222222222224 0.76484375 0.2347222222222224
0 0.7859375 0.23750000000000016 0.74609375 0.23750000000000016 0.74609375 0.3111111111111113 0.7859375 0.3111111111111113
