0 0.253125 0.2486111111111112 0.2140625 0.2486111111111112 0.2140625 0.3291666666666667 0.253125 0.3291666666666667
0 0.3796875 0.22916666666666674 0.33984375 0.22916666666666674 0.33984375 0.3152777777777779 0.3796875 0.3152777777777779
0 0.32421875 0.23055555555555562 0.29140625 0.23055555555555562 0.29140625 0.3069444444444445 0.32421875 0.3069444444444445
0 0.3296875 0.288888888888889 0.29609375 0.288888888888889 0.29609375 0.375 0.3296875 0.375
0 0.4140625 0.28333333333333344 0.371875 0.28333333333333344 0.371875 0.3708333333333335 0.4140625 0.3708333333333335
0 0.5 0.4097222222222224 0.43515625 0.4097222222222224 0.43515625 0.540277777777778 0.5 0.540277777777778
0 0.47109375 0.13194444444444453 0.43984375 0.13194444444444453 0.43984375 0.2097222222222223 0.47109375 0.2097222222222223
0 0.509375 0.11805555555555568 0.48125 0.11805555555555568 0.48125 0.16944444444444456 0.509375 0.16944444444444456
0 0.5640625 0.2125000000000001 0.52890625 0.21250000000000008 0.52890625 0.2861111111111112 0.5640625 0.28611111111111126
0 0.5984375 0.16250000000000012 0.5703125 0.16250000000000012 0.5703125 0.21527777777777793 0.5984375 0.21527777777777793
0 0.63125 0.24722222222222237 0.60390625 0.24722222222222237 0.60390625 0.3069444444444446 0.63125 0.3069444444444446
0 0.6625 0.1541666666666668 0.63359375 0.15416666666666679 0.63359375 0.21250000000000016 0.6625 0.21250000000000016
0 0.69375 0.16388888888888906 0.66640625 0.16388888888888906 0.66640625 0.2194444444444446 0.69375 0.2194444444444446
0 0.65703125 0.29166666666666685 0.62265625 0.29166666666666685 0.62265625 0.36250000000000016 0.65703125 0.36250000000000016
0 0.690625 0.21111111111111128 0.665625 0.21111111111111128 0.665625 0.26388888888888906 0.690625 0.26388888888888906
0 0.77890625 0.21527777777777793 0.7484375 0.21527777777777793 0.7484375 0.27916666666666684 0.77890625 0.27916666666666684
0 0.70546875 0.25277777777777793 0.6703125 0.25277777777777793 0.6703125 0.32638888888888906 0.70546875 0.32638888888888906
0 0.75859375 0.26666666666666683 0.72421875 0.26666666666666683 0.72421875 0.3388888888888891 0.75859375 0.3388888888888891
0 0.821875 0.3194444444444446 0.79609375 0.3194444444444446 0.79609375 0.3791666666666668 0.821875 0.3791666666666668
0 0.5046875 0.15694444444444455 0.4734375 0.15694444444444455 0.4734375 0.22916666666666674 0.5046875 0.22916666666666674
0 0.55546875 0.15138888888888902 0.52578125 0.15138888888888902 0.52578125 0.21805555555555567 0.55546875 0.21805555555555572
0 0.60234375 0.21250000000000016 0.57109375 0.21250000000000016 0.57109375 0.27500000000000013 0.60234375 0.27500000000000013
0 0.71953125 0.21527777777777793 0.69140625 0.21527777777777793 0.69140625 0.27222222222222237 0.71953125 0.27222222222222237
0 0.6234375 0.2958333333333335 0.58828125 0.2958333333333335 0.58828125 0.3694444444444446 0.6234375 0.3694444444444446
0 0.871875 0.3180555555555557 0.84296875 0.3180555555555557 0.84296875 0.3861111111111113 0.871875 0.3861111111111113
0 0.7953125 0.2708333333333335 0.765625 0.2708333333333335 0.765625 0.33472222222222237 0.7953125 0.33472222222222237
0 0.8015625 0.34166666666666684 0.76328125 0.34166666666666684 0.76328125 0.41388888888888903 0.8015625 0.41388888888888903
