0 0.2421875 0.2930555555555556 0.20625 0.2930555555555556 0.20625 0.3680555555555556 0.2421875 0.3680555555555556
0 0.3671875 0.25416666666666676 0.33125 0.25416666666666676 0.33125 0.3361111111111112 0.3671875 0.3361111111111112
0 0.31171875 0.26250000000000007 0.2828125 0.26250000000000007 0.2828125 0.3347222222222223 0.31171875 0.3347222222222223
0 0.31953125 0.3208333333333334 0.28984375 0.3208333333333334 0.28984375 0.4027777777777778 0.31953125 0.4027777777777778
0 0.40390625 0.30277777777777787 0.365625 0.30277777777777787 0.365625 0.3861111111111113 0.40390625 0.3861111111111113
0 0.49609375 0.4194444444444446 0.43671875 0.4194444444444446 0.43671875 0.5416666666666669 0.49609375 0.5416666666666669
0 0.453125 0.14305555555555563 0.42578125 0.14305555555555563 0.42578125 0.21527777777777785 0.453125 0.21527777777777785
0 0.48984375 0.12222222222222234 0.46484375 0.12222222222222234 0.46484375 0.16944444444444456 0.48984375 0.16944444444444456
0 0.55 0.20833333333333345 0.51796875 0.20833333333333343 0.51796875 0.2777777777777779 0.55 0.27777777777777796
0 0.58203125 0.1527777777777779 0.55625 0.1527777777777779 0.55625 0.20138888888888903 0.58203125 0.20138888888888903
0 0.61796875 0.2319444444444446 0.59375 0.2319444444444446 0.59375 0.28750000000000014 0.61796875 0.28750000000000014
0 0.64453125 0.13472222222222235 0.61796875 0.13472222222222235 0.61796875 0.18888888888888905 0.64453125 0.18888888888888905
0 0.67578125 0.13888888888888903 0.6515625 0.13888888888888903 0.6515625 0.19166666666666682 0.67578125 0.19166666666666682
0 0.64609375 0.27222222222222237 0.61484375 0.27222222222222237 0.61484375 0.3388888888888891 0.64609375 0.3388888888888891
0 0.67578125 0.18611111111111128 0.653125 0.18611111111111128 0.653125 0.2347222222222224 0.67578125 0.2347222222222224
0 0.7640625 0.17777777777777792 0.73671875 0.17777777777777792 0.73671875 0.23750000000000016 0.7640625 0.23750000000000016
0 0.69296875 0.22638888888888906 0.6609375 0.22638888888888906 0.6609375 0.2958333333333335 0.69296875 0.2958333333333335
0 0.74609375 0.2319444444444446 0.71484375 0.2319444444444446 0.71484375 0.29861111111111127 0.74609375 0.29861111111111127
0 0.81171875 0.27361111111111125 0.7890625 0.27361111111111125 0.7890625 0.3305555555555557 0.81171875 0.3305555555555557
0 0.4875 0.16111111111111123 0.459375 0.16111111111111123 0.459375 0.22916666666666674 0.4875 0.22916666666666674
0 0.53828125 0.14722222222222234 0.51171875 0.14722222222222234 0.51171875 0.2097222222222223 0.53828125 0.2097222222222223
0 0.5875 0.20277777777777795 0.55859375 0.20277777777777795 0.55859375 0.2611111111111113 0.5875 0.2611111111111113
0 0.7046875 0.18611111111111128 0.67890625 0.18611111111111128 0.67890625 0.23888888888888904 0.7046875 0.23888888888888904
0 0.61328125 0.2819444444444446 0.58125 0.2819444444444446 0.58125 0.35138888888888903 0.61328125 0.35138888888888903
0 0.86171875 0.26388888888888906 0.8359375 0.26388888888888906 0.8359375 0.32916666666666683 0.86171875 0.32916666666666683
0 0.7828125 0.22916666666666682 0.75625 0.22916666666666682 0.75625 0.28888888888888903 0.7828125 0.28888888888888903
0 0.79296875 0.30138888888888904 0.7578125 0.30138888888888904 0.7578125 0.3680555555555557 0.79296875 0.3680555555555557
