0 0.23984375 0.3097222222222223 0.203125 0.3097222222222223 0.203125 0.3875 0.23984375 0.3875
0 0.3640625 0.26250000000000007 0.3265625 0.26250000000000007 0.3265625 0.34583333333333344 0.3640625 0.34583333333333344
0 0.30859375 0.2750000000000001 0.278125 0.2750000000000001 0.278125 0.3486111111111112 0.30859375 0.3486111111111112
0 0.31796875 0.33194444444444454 0.28671875 0.33194444444444454 0.28671875 0.4166666666666667 0.31796875 0.4166666666666667
0 0.4015625 0.3097222222222223 0.36171875 0.3097222222222223 0.36171875 0.39444444444444454 0.4015625 0.3944444444444446
0 0.496875 0.4194444444444446 0.43515625 0.4194444444444446 0.43515625 0.5458333333333335 0.496875 0.5458333333333335
0 0.4484375 0.14583333333333343 0.41875 0.14583333333333343 0.41875 0.2208333333333334 0.4484375 0.2208333333333334
0 0.48359375 0.12361111111111123 0.45703125 0.12361111111111123 0.45703125 0.17222222222222233 0.48359375 0.17222222222222233
0 0.54609375 0.20555555555555569 0.5125 0.20555555555555563 0.5125 0.276388888888889 0.54609375 0.2763888888888891
0 0.5765625 0.14861111111111122 0.54921875 0.14861111111111122 0.54921875 0.19861111111111127 0.5765625 0.19861111111111127
0 0.6140625 0.22500000000000014 0.58828125 0.22500000000000014 0.58828125 0.2819444444444446 0.6140625 0.2819444444444446
0 0.63828125 0.12638888888888902 0.6109375 0.126388888888889 0.6109375 0.1819444444444446 0.63828125 0.1819444444444446
0 0.6703125 0.12777777777777793 0.64453125 0.12777777777777793 0.64453125 0.1819444444444446 0.6703125 0.1819444444444446
0 0.64296875 0.26388888888888906 0.61015625 0.26388888888888906 0.61015625 0.3319444444444446 0.64296875 0.3319444444444446
0 0.67109375 0.17500000000000016 0.64765625 0.17500000000000016 0.64765625 0.22500000000000014 0.67109375 0.22500000000000014
0 0.759375 0.16111111111111126 0.73046875 0.16111111111111126 0.73046875 0.22361111111111126 0.759375 0.22361111111111126
0 0.6890625 0.21527777777777793 0.65625 0.21527777777777793 0.65625 0.28611111111111126 0.6890625 0.28611111111111126
0 0.7421875 0.2166666666666668 0.709375 0.2166666666666668 0.709375 0.28611111111111126 0.7421875 0.28611111111111126
0 0.80859375 0.2541666666666668 0.784375 0.2541666666666668 0.784375 0.31250000000000017 0.80859375 0.31250000000000017
0 0.4828125 0.1625000000000001 0.453125 0.1625000000000001 0.453125 0.23194444444444454 0.4828125 0.23194444444444454
0 0.5328125 0.14583333333333345 0.5046875 0.14583333333333345 0.5046875 0.2097222222222223 0.5328125 0.2097222222222223
0 0.5828125 0.19722222222222238 0.553125 0.19722222222222238 0.553125 0.2569444444444446 0.5828125 0.2569444444444446
0 0.69921875 0.17361111111111127 0.67265625 0.17361111111111127 0.67265625 0.22777777777777794 0.69921875 0.22777777777777794
0 0.6109375 0.27500000000000013 0.57734375 0.27500000000000013 0.57734375 0.3458333333333335 0.6109375 0.3458333333333335
0 0.85859375 0.24305555555555572 0.83125 0.24305555555555572 0.83125 0.3097222222222224 0.85859375 0.3097222222222224
0 0.77890625 0.21250000000000016 0.75078125 0.21250000000000016 0.75078125 0.27361111111111125 0.77890625 0.27361111111111125
0 0.790625 0.2833333333333335 0.75390625 0.2833333333333335 0.75390625 0.3527777777777779 0.790625 0.3527777777777779
