0 0.2609375 0.2222222222222223 0.21953125 0.2222222222222223 0.21953125 0.30555555555555564 0.2609375 0.30555555555555564
0 0.3875 0.21527777777777785 0.34609375 0.21527777777777785 0.34609375 0.30416666666666675 0.3875 0.30416666666666675
0 0.33203125 0.2111111111111112 0.29765625 0.2111111111111112 0.29765625 0.29027777777777786 0.33203125 0.29027777777777786
0 0.3359375 0.2708333333333334 0.3 0.2708333333333334 0.3 0.3597222222222222 0.3359375 0.3597222222222222
0 0.4203125 0.2722222222222223 0.37578125 0.2722222222222223 0.37578125 0.36388888888888904 0.4203125 0.36388888888888904
0 0.50234375 0.40416666666666684 0.434375 0.40416666666666684 0.434375 0.540277777777778 0.50234375 0.540277777777778
0 0.48203125 0.12777777777777788 0.4484375 0.12777777777777785 0.4484375 0.20694444444444451 0.48203125 0.20694444444444451
0 0.5203125 0.11666666666666678 0.49140625 0.11666666666666678 0.49140625 0.16944444444444456 0.5203125 0.16944444444444456
0 0.57265625 0.2152777777777779 0.53515625 0.21527777777777785 0.53515625 0.2916666666666668 0.57265625 0.29166666666666685
0 0.60859375 0.17083333333333345 0.57890625 0.17083333333333345 0.57890625 0.22500000000000014 0.60859375 0.22500000000000014
0 0.63828125 0.25833333333333347 0.609375 0.25833333333333347 0.609375 0.3194444444444446 0.63828125 0.3194444444444446
0 0.671875 0.1680555555555557 0.64140625 0.1680555555555557 0.64140625 0.22777777777777794 0.671875 0.22777777777777794
0 0.703125 0.18055555555555572 0.675 0.18055555555555572 0.675 0.23888888888888904 0.703125 0.23888888888888904
0 0.6625 0.3041666666666668 0.6265625 0.3041666666666668 0.6265625 0.37638888888888905 0.6625 0.37638888888888905
0 0.69921875 0.22777777777777794 0.67265625 0.22777777777777794 0.67265625 0.2819444444444446 0.69921875 0.2819444444444446
0 0.78671875 0.23888888888888904 0.7546875 0.23888888888888904 0.7546875 0.3055555555555557 0.78671875 0.3055555555555557
0 0.7125 0.2694444444444446 0.67578125 0.2694444444444446 0.67578125 0.3458333333333335 0.7125 0.3458333333333335
0 0.76484375 0.28750000000000014 0.72890625 0.28750000000000014 0.72890625 0.36111111111111127 0.76484375 0.36111111111111127
0 0.8265625 0.3472222222222224 0.8 0.3472222222222224 0.8 0.4083333333333335 0.8265625 0.4083333333333335
0 0.51484375 0.15555555555555567 0.48125 0.15555555555555567 0.48125 0.22916666666666674 0.51484375 0.22916666666666674
0 0.565625 0.15416666666666679 0.534375 0.15416666666666679 0.534375 0.22222222222222235 0.565625 0.22222222222222238
0 0.61015625 0.2208333333333335 0.57734375 0.2208333333333335 0.57734375 0.2847222222222224 0.61015625 0.2847222222222224
0 0.72734375 0.2333333333333335 0.6984375 0.2333333333333335 0.6984375 0.29166666666666685 0.72734375 0.29166666666666685
0 0.6296875 0.3041666666666668 0.5921875 0.3041666666666668 0.5921875 0.3805555555555557 0.6296875 0.3805555555555557
0 0.87734375 0.35000000000000014 0.84609375 0.35000000000000014 0.84609375 0.4208333333333335 0.87734375 0.4208333333333335
0 0.8015625 0.2958333333333335 0.7703125 0.2958333333333335 0.7703125 0.36111111111111127 0.8015625 0.36111111111111127
0 0.80546875 0.3666666666666668 0.765625 0.3666666666666668 0.765625 0.4416666666666668 0.80546875 0.4416666666666668
