0 0.22890625 0.2930555555555556 0.19296875 0.2930555555555556 0.19296875000000002 0.36944444444444446 0.22890625 0.36944444444444446
0 0.3625 0.25555555555555565 0.3265625 0.25555555555555565 0.3265625 0.3361111111111112 0.3625 0.3361111111111112
0 0.303125 0.25694444444444453 0.27421875 0.25694444444444453 0.27421875 0.33055555555555566 0.303125 0.33055555555555566
0 0.325 0.3208333333333334 0.28984375 0.3208333333333334 0.28984375 0.40555555555555556 0.325 0.40555555555555556
0 0.40390625 0.30277777777777787 0.365625 0.30277777777777787 0.365625 0.3861111111111113 0.40390625 0.3861111111111113
0 0.48515625 0.4319444444444446 0.4265625 0.4319444444444446 0.4265625 0.5541666666666668 0.48515625 0.5541666666666668
0 0.45234375 0.13750000000000007 0.42578125 0.13750000000000007 0.42578125 0.19027777777777785 0.45234375 0.19027777777777785
0 0.496875 0.13194444444444456 0.47109375 0.13194444444444456 0.47109375 0.17916666666666675 0.496875 0.17916666666666675
0 0.5328125 0.19583333333333341 0.50078125 0.19583333333333341 0.50078125 0.26527777777777783 0.5328125 0.26527777777777783
0 0.58203125 0.1527777777777779 0.55625 0.1527777777777779 0.55625 0.20138888888888903 0.58203125 0.20138888888888903
0 0.61796875 0.2319444444444446 0.59375 0.2319444444444446 0.59375 0.28750000000000014 0.61796875 0.28750000000000014
0 0.64453125 0.13472222222222235 0.61796875 0.13472222222222235 0.61796875 0.18888888888888905 0.64453125 0.18888888888888905
0 0.67578125 0.13888888888888903 0.6515625 0.13888888888888903 0.6515625 0.19166666666666682 0.67578125 0.19166666666666682
0 0.65859375 0.25833333333333347 0.62734375 0.25833333333333347 0.62734375 0.3236111111111113 0.65859375 0.3236111111111113
0 0.67734375 0.18611111111111128 0.653125 0.18611111111111128 0.653125 0.24166666666666684 0.67734375 0.24166666666666684
0 0.7640625 0.17777777777777792 0.73671875 0.17777777777777792 0.73671875 0.23750000000000016 0.7640625 0.23750000000000016
0 0.7015625 0.23888888888888904 0.6703125 0.23888888888888904 0.6703125 0.3083333333333335 0.7015625 0.3083333333333335
0 0.7484375 0.2319444444444446 0.7171875 0.2319444444444446 0.7171875 0.29861111111111127 0.7484375 0.29861111111111127
0 0.81953125 0.27222222222222237 0.7921875 0.27222222222222237 0.7921875 0.3333333333333335 0.81953125 0.3333333333333335
0 0.4875 0.16111111111111123 0.459375 0.16111111111111123 0.459375 0.22916666666666674 0.4875 0.22916666666666674
0 0.53828125 0.14722222222222234 0.51171875 0.14722222222222234 0.51171875 0.2097222222222223 0.53828125 0.2097222222222223
0 0.5875 0.20277777777777795 0.55859375 0.20277777777777795 0.55859375 0.2611111111111113 0.5875 0.2611111111111113
0 0.7046875 0.1722222222222224 0.67734375 0.1722222222222224 0.67734375 0.22638888888888906 0.7046875 0.22638888888888906
0 0.61328125 0.2819444444444446 0.58125 0.2819444444444446 0.58125 0.35138888888888903 0.61328125 0.35138888888888903
0 0.86328125 0.2694444444444446 0.83671875 0.2694444444444446 0.83671875 0.33472222222222237 0.86328125 0.33472222222222237
0 0.7828125 0.22916666666666682 0.75625 0.22916666666666682 0.75625 0.28888888888888903 0.7828125 0.28888888888888903
0 0.790625 0.2972222222222224 0.75546875 0.2972222222222224 0.75546875 0.36388888888888904 0.790625 0.36388888888888904