0 0.225 0.31944444444444453 0.1875 0.31944444444444453 0.18750000000000003 0.39861111111111114 0.225 0.39861111111111114
0 0.3578125 0.26805555555555566 0.31953125 0.26805555555555566 0.31953125 0.35277777777777786 0.3578125 0.35277777777777786
0 0.29375 0.27916666666666673 0.2625 0.27916666666666673 0.2625 0.35416666666666674 0.29375 0.35416666666666674
0 0.33125 0.3361111111111112 0.28515625 0.3361111111111112 0.28515625 0.4236111111111111 0.33125 0.4236111111111111
0 0.3984375 0.3097222222222223 0.3578125 0.3097222222222223 0.3578125 0.3958333333333334 0.3984375 0.3958333333333335
0 0.4875 0.4333333333333335 0.425 0.4333333333333335 0.425 0.5611111111111112 0.4875 0.5611111111111112
0 0.44375 0.14166666666666675 0.41484375 0.14166666666666675 0.41484375 0.1972222222222223 0.44375 0.1972222222222223
0 0.4875 0.13333333333333344 0.46015625 0.13333333333333344 0.46015625 0.1833333333333334 0.4875 0.1833333333333334
0 0.5328125 0.19444444444444453 0.4984375 0.19444444444444453 0.4984375 0.2666666666666667 0.5328125 0.2666666666666667
0 0.5734375 0.14583333333333345 0.54609375 0.14583333333333345 0.54609375 0.19722222222222238 0.5734375 0.19722222222222238
0 0.61171875 0.2208333333333335 0.5859375 0.2208333333333335 0.5859375 0.27916666666666684 0.61171875 0.27916666666666684
0 0.6359375 0.12222222222222236 0.6078125 0.12222222222222234 0.6078125 0.17916666666666684 0.6359375 0.17916666666666684
0 0.6671875 0.12361111111111127 0.64140625 0.12361111111111127 0.64140625 0.17777777777777792 0.6671875 0.17777777777777792
0 0.6671875 0.24027777777777792 0.63359375 0.24027777777777792 0.63359375 0.3083333333333335 0.6671875 0.3083333333333335
0 0.66328125 0.1708333333333335 0.6375 0.1708333333333335 0.6375 0.22916666666666682 0.66328125 0.22916666666666682
0 0.75625 0.1541666666666668 0.72734375 0.1541666666666668 0.72734375 0.2166666666666668 0.75625 0.2166666666666668
0 0.69609375 0.2208333333333335 0.6625 0.2208333333333335 0.6625 0.29305555555555574 0.69609375 0.29305555555555574
0 0.74296875 0.2097222222222224 0.709375 0.2097222222222224 0.709375 0.27916666666666684 0.74296875 0.27916666666666684
0 0.8140625 0.2444444444444446 0.78515625 0.2444444444444446 0.78515625 0.3069444444444446 0.8140625 0.3069444444444446
0 0.4796875 0.17777777777777787 0.45078125 0.17777777777777787 0.45078125 0.23333333333333342 0.4796875 0.23333333333333342
0 0.5265625 0.14861111111111122 0.4984375 0.14861111111111122 0.4984375 0.21388888888888896 0.5265625 0.21388888888888896
0 0.58046875 0.19444444444444461 0.55 0.19444444444444461 0.55 0.2555555555555557 0.58046875 0.2555555555555557
0 0.69609375 0.1541666666666668 0.6671875 0.1541666666666668 0.6671875 0.2097222222222224 0.69609375 0.2097222222222224
0 0.61328125 0.2833333333333335 0.57890625 0.2833333333333335 0.57890625 0.35555555555555574 0.61328125 0.35555555555555574
0 0.8453125 0.21527777777777793 0.8171875 0.21527777777777793 0.8171875 0.2819444444444446 0.8453125 0.2819444444444446
0 0.7765625 0.20416666666666683 0.74765625 0.20416666666666683 0.74765625 0.26666666666666683 0.7765625 0.26666666666666683
0 0.78671875 0.2708333333333335 0.74921875 0.2708333333333335 0.74921875 0.34166666666666684 0.78671875 0.34166666666666684