0 0.79765625 0.23750000000000016 0.7578125 0.23750000000000016 0.7578125 0.3194444444444446 0.79765625 0.3194444444444446
0 0.6625 0.22500000000000014 0.62265625 0.22500000000000014 0.62265625 0.31250000000000017 0.6625 0.31250000000000017
0 0.72578125 0.22361111111111126 0.6921875 0.22361111111111126 0.6921875 0.30138888888888904 0.72578125 0.30138888888888904
0 0.703125 0.2819444444444446 0.6546875 0.2819444444444446 0.6546875 0.3736111111111113 0.703125 0.3736111111111113
0 0.62890625 0.2763888888888891 0.5859375 0.2763888888888891 0.5859375 0.3652777777777779 0.62890625 0.3652777777777779
0 0.5765625 0.4194444444444446 0.51015625 0.4194444444444446 0.51015625 0.551388888888889 0.5765625 0.551388888888889
0 0.55703125 0.13055555555555567 0.52734375 0.13055555555555567 0.52734375 0.1875000000000001 0.55703125 0.18750000000000017
0 0.51484375 0.12222222222222234 0.48671875 0.12222222222222234 0.48671875 0.17361111111111122 0.51484375 0.17361111111111122
0 0.490625 0.1972222222222223 0.4546875 0.1972222222222223 0.4546875 0.2722222222222223 0.490625 0.2722222222222223
0 0.42734375 0.16527777777777786 0.3984375 0.16527777777777786 0.3984375 0.21805555555555564 0.42734375 0.21805555555555564
0 0.39453125 0.251388888888889 0.3671875 0.251388888888889 0.3671875 0.31111111111111117 0.39453125 0.31111111111111117
0 0.3640625 0.1597222222222223 0.334375 0.1597222222222223 0.334375 0.21805555555555564 0.3640625 0.21805555555555564
0 0.33125 0.16944444444444454 0.30390625 0.16944444444444454 0.30390625 0.22638888888888897 0.33125 0.22638888888888897
0 0.34921875 0.2847222222222223 0.3140625 0.2847222222222223 0.3140625 0.35555555555555557 0.34921875 0.35555555555555557
0 0.3390625 0.21527777777777785 0.31171875 0.21527777777777785 0.31171875 0.27638888888888896 0.3390625 0.27638888888888896
0 0.25 0.22361111111111118 0.21875 0.22361111111111118 0.21875 0.288888888888889 0.25 0.288888888888889
0 0.31953125 0.2722222222222223 0.28359375 0.2722222222222223 0.28359375 0.3472222222222223 0.31953125 0.3472222222222223
0 0.27265625 0.2736111111111112 0.2375 0.2736111111111112 0.2375 0.34583333333333344 0.27265625 0.34583333333333344
0 0.19921875000000006 0.3291666666666667 0.16875000000000004 0.32916666666666666 0.16875000000000004 0.39444444444444443 0.19921875000000006 0.39444444444444443
0 0.52265625 0.15833333333333346 0.49296875 0.15833333333333346 0.49296875 0.21666666666666676 0.52265625 0.21666666666666676
0 0.4828125 0.15555555555555567 0.4546875 0.15555555555555567 0.4546875 0.20833333333333343 0.4828125 0.20833333333333343
0 0.42734375 0.21527777777777785 0.3953125 0.21527777777777785 0.3953125 0.27777777777777785 0.42734375 0.27777777777777785
0 0.3078125 0.20833333333333343 0.278125 0.20833333333333343 0.278125 0.2666666666666667 0.3078125 0.2666666666666667
0 0.40390625 0.30277777777777787 0.36171875 0.30277777777777787 0.36171875 0.3777777777777779 0.40390625 0.37777777777777793
0 0.16171875000000002 0.3125 0.13203125 0.3125 0.13203125000000002 0.3819444444444444 0.16171875000000005 0.3819444444444444
0 0.23359375 0.27916666666666673 0.203125 0.27916666666666673 0.203125 0.3430555555555556 0.23359375 0.3430555555555556
0 0.23828125 0.34583333333333344 0.19921875000000006 0.34583333333333344 0.19921875000000006 0.41944444444444445 0.23828125 0.41944444444444445
0 0.459375 0.13333333333333344 0.43671875 0.13333333333333341 0.43671875 0.19166666666666674 0.459375 0.19166666666666674