0 0.7921875 0.7055555555555557 0.75 0.7055555555555557 0.75 0.7902777777777781 0.7921875 0.7902777777777781
0 0.65703125 0.7000000000000002 0.61484375 0.7000000000000002 0.61484375 0.7902777777777777 0.65703125 0.7902777777777777
0 0.71953125 0.7180555555555556 0.684375 0.7180555555555556 0.684375 0.7972222222222223 0.71953125 0.7972222222222223
0 0.69921875 0.6416666666666668 0.64921875 0.6416666666666668 0.64921875 0.7361111111111112 0.69921875 0.7361111111111112
0 0.625 0.6444444444444446 0.5796875 0.6444444444444446 0.5796875 0.7361111111111112 0.625 0.7361111111111112
0 0.578125 0.4500000000000002 0.50859375 0.4500000000000002 0.50859375 0.5875000000000001 0.578125 0.5875000000000001
0 0.54765625 0.8152777777777778 0.51640625 0.8152777777777778 0.51640625 0.875 0.54765625 0.875
0 0.5046875 0.825 0.475 0.825 0.475 0.8791666666666667 0.5046875 0.8791666666666667
0 0.484375 0.7236111111111111 0.44609375 0.7236111111111111 0.44609375 0.8013888888888889 0.484375 0.8013888888888889
0 0.41875 0.7722222222222223 0.3882812500000001 0.7722222222222223 0.3882812500000001 0.8277777777777777 0.41875 0.8277777777777777
0 0.3890625000000001 0.6777777777777778 0.36015625000000007 0.6777777777777778 0.36015625000000007 0.7402777777777778 0.3890625000000001 0.7402777777777778
0 0.35625000000000007 0.7666666666666667 0.32500000000000007 0.7666666666666667 0.32500000000000007 0.8277777777777777 0.35625000000000007 0.8277777777777777
0 0.3234375000000001 0.7569444444444444 0.2945312500000001 0.7569444444444444 0.2945312500000001 0.8152777777777778 0.3234375000000001 0.8152777777777778
0 0.3453125 0.6277777777777778 0.30859375 0.6277777777777778 0.30859375000000006 0.7013888888888888 0.3453125000000001 0.7013888888888888
0 0.33281250000000007 0.7069444444444445 0.3039062500000001 0.7069444444444445 0.3039062500000001 0.7694444444444445 0.33281250000000007 0.7694444444444445
0 0.24375000000000008 0.6861111111111111 0.21093750000000008 0.6861111111111111 0.21093750000000008 0.7527777777777778 0.24375000000000008 0.7527777777777778
0 0.31562500000000004 0.6333333333333333 0.278125 0.6333333333333333 0.27812500000000007 0.7111111111111111 0.3156250000000001 0.7111111111111111
0 0.26796875000000003 0.6305555555555555 0.23125 0.6305555555555555 0.23125000000000004 0.7055555555555556 0.2679687500000001 0.7055555555555556
0 0.19687500000000005 0.5763888888888888 0.16484375000000004 0.5763888888888888 0.16484375000000004 0.6430555555555556 0.19687500000000005 0.6430555555555556
0 0.5140625 0.7833333333333333 0.4828125 0.7833333333333333 0.4828125 0.8430555555555556 0.5140625 0.8430555555555556
0 0.4734375 0.7875 0.44453125 0.7875 0.44453125 0.8416666666666667 0.4734375 0.8416666666666667
0 0.42109375 0.7125 0.38750000000000007 0.7125 0.38750000000000007 0.7777777777777778 0.42109375 0.7777777777777778
0 0.3007812500000001 0.7138888888888889 0.2695312500000001 0.7138888888888889 0.2695312500000001 0.7736111111111111 0.3007812500000001 0.7736111111111111
0 0.40078125 0.6097222222222223 0.35625 0.6097222222222223 0.35625000000000007 0.688888888888889 0.40078125 0.688888888888889
0 0.15859375000000003 0.5861111111111111 0.12734375000000003 0.5861111111111111 0.12734375000000003 0.6569444444444444 0.15859375000000003 0.6569444444444444
0 0.22890625000000003 0.6305555555555555 0.19687500000000005 0.6305555555555555 0.19687500000000005 0.6972222222222222 0.2289062500000001 0.6972222222222222
0 0.2359375 0.5527777777777778 0.19531250000000006 0.5527777777777778 0.19531250000000006 0.6291666666666667 0.2359375 0.6291666666666667
0 0.45078125 0.8027777777777778 0.4265625 0.8027777777777778 0.4265625 0.8625 0.45078125 0.8625