0 0.26796875 0.15972222222222227 0.22265625 0.15972222222222227 0.22265625 0.2486111111111112 0.26796875 0.2486111111111112
0 0.403125 0.1847222222222223 0.35703125 0.1847222222222223 0.35703125 0.27916666666666673 0.403125 0.27916666666666673
0 0.334375 0.16527777777777786 0.2953125 0.16527777777777786 0.2953125 0.2486111111111112 0.334375 0.2486111111111112
0 0.365625 0.23055555555555562 0.31171875 0.23055555555555562 0.31171875 0.33194444444444454 0.365625 0.33194444444444454
0 0.434375 0.24444444444444452 0.38515625 0.24444444444444452 0.38515625 0.34166666666666673 0.434375 0.34166666666666673
0 0.49609375 0.4013888888888891 0.42109375 0.4013888888888891 0.42109375 0.5472222222222224 0.49609375 0.5472222222222224
0 0.50625 0.11944444444444456 0.47265625 0.11944444444444456 0.47265625 0.1833333333333334 0.50625 0.1833333333333334
0 0.546875 0.12361111111111123 0.51484375 0.12361111111111123 0.51484375 0.18055555555555566 0.546875 0.18055555555555572
0 0.57109375 0.20555555555555569 0.5296875 0.20555555555555563 0.5296875 0.28750000000000014 0.57109375 0.28750000000000014
0 0.6296875 0.19027777777777793 0.59765625 0.19027777777777793 0.59765625 0.25000000000000017 0.6296875 0.25000000000000017
0 0.653125 0.2847222222222224 0.62109375 0.2847222222222224 0.62109375 0.35000000000000014 0.653125 0.35000000000000014
0 0.69296875 0.20277777777777795 0.659375 0.20277777777777795 0.659375 0.26666666666666683 0.69296875 0.26666666666666683
0 0.72265625 0.2208333333333335 0.69140625 0.2208333333333335 0.69140625 0.2833333333333335 0.72265625 0.2833333333333335
0 0.70234375 0.32916666666666683 0.6625 0.32916666666666683 0.6625 0.4069444444444446 0.70234375 0.4069444444444446
0 0.71015625 0.26388888888888906 0.67890625 0.26388888888888906 0.67890625 0.32916666666666683 0.71015625 0.32916666666666683
0 0.80234375 0.2972222222222224 0.7671875 0.2972222222222224 0.7671875 0.3680555555555557 0.80234375 0.3680555555555557
0 0.7328125 0.32638888888888906 0.6921875 0.32638888888888906 0.6921875 0.4083333333333335 0.7328125 0.4083333333333335
0 0.7796875 0.34166666666666684 0.73984375 0.34166666666666684 0.73984375 0.4208333333333335 0.7796875 0.4208333333333335
0 0.8421875 0.4152777777777779 0.80703125 0.4152777777777779 0.80703125 0.48611111111111127 0.8421875 0.48611111111111127
0 0.53671875 0.15694444444444455 0.503125 0.15694444444444455 0.503125 0.2208333333333334 0.53671875 0.2208333333333334
0 0.575 0.16527777777777788 0.54375 0.16527777777777788 0.54375 0.22361111111111123 0.575 0.22361111111111126
0 0.628125 0.24027777777777792 0.5921875 0.24027777777777792 0.5921875 0.3097222222222224 0.628125 0.3097222222222224
0 0.7453125 0.26666666666666683 0.71171875 0.26666666666666683 0.71171875 0.3305555555555557 0.7453125 0.3305555555555557
0 0.65390625 0.3319444444444446 0.60625 0.3319444444444446 0.60625 0.41666666666666685 0.65390625 0.41666666666666685
0 0.8796875 0.4097222222222224 0.8453125 0.4097222222222224 0.8453125 0.4847222222222224 0.8796875 0.4847222222222224
0 0.81328125 0.3569444444444446 0.778125 0.3569444444444446 0.778125 0.42638888888888904 0.81328125 0.42638888888888904
0 0.81015625 0.4222222222222224 0.76640625 0.4222222222222224 0.76640625 0.502777777777778 0.81015625 0.502777777777778
0 0.59453125 0.1500000000000001 0.56796875 0.1500000000000001 0.56796875 0.21250000000000016 0.59453125 0.21250000000000016