0 0.79609375 0.22916666666666682 0.75546875 0.22916666666666682 0.75546875 0.31250000000000017 0.79609375 0.31250000000000017
0 0.6609375 0.2208333333333335 0.6203125 0.2208333333333335 0.6203125 0.3083333333333335 0.6609375 0.3083333333333335
0 0.7234375 0.2166666666666668 0.68984375 0.2166666666666668 0.68984375 0.2944444444444446 0.7234375 0.2944444444444446
0 0.7015625 0.2763888888888891 0.653125 0.2763888888888891 0.653125 0.3694444444444446 0.7015625 0.3694444444444446
0 0.628125 0.27222222222222237 0.584375 0.27222222222222237 0.584375 0.36250000000000016 0.628125 0.36250000000000016
0 0.57734375 0.41805555555555574 0.51015625 0.41805555555555574 0.51015625 0.551388888888889 0.57734375 0.551388888888889
0 0.55390625 0.1277777777777779 0.5234375 0.1277777777777779 0.5234375 0.18611111111111123 0.55390625 0.18611111111111128
0 0.51171875 0.12222222222222234 0.4828125 0.12222222222222234 0.4828125 0.17500000000000013 0.51171875 0.17500000000000013
0 0.4890625 0.19861111111111118 0.45234375 0.19861111111111118 0.45234375 0.2750000000000001 0.4890625 0.2750000000000001
0 0.42421875 0.16666666666666674 0.39453125 0.16666666666666674 0.39453125 0.2208333333333334 0.42421875 0.2208333333333334
0 0.39296875 0.25416666666666676 0.36484375 0.25416666666666676 0.36484375 0.3152777777777779 0.39296875 0.3152777777777779
0 0.36171875 0.16388888888888897 0.33125 0.16388888888888897 0.33125 0.22361111111111118 0.36171875 0.22361111111111118
0 0.32890625 0.17500000000000007 0.30078125 0.17500000000000007 0.30078125 0.23194444444444454 0.32890625 0.23194444444444454
0 0.34765625 0.288888888888889 0.31171875 0.288888888888889 0.31171875 0.3611111111111111 0.34765625 0.3611111111111111
0 0.33671875 0.2208333333333334 0.309375 0.2208333333333334 0.309375 0.2819444444444445 0.33671875 0.2819444444444445
0 0.24765625 0.23194444444444454 0.21640625 0.23194444444444454 0.21640625 0.2972222222222223 0.24765625 0.2972222222222223
0 0.31796875 0.27777777777777785 0.28203125 0.27777777777777785 0.28203125 0.35416666666666674 0.31796875 0.35416666666666674
0 0.27109375 0.2805555555555556 0.23515625 0.2805555555555556 0.23515625 0.35416666666666674 0.27109375 0.35416666666666674
0 0.19843750000000004 0.3388888888888889 0.16718750000000004 0.3388888888888889 0.16718750000000004 0.4041666666666667 0.19843750000000004 0.4041666666666667
0 0.51953125 0.15833333333333346 0.4890625 0.15833333333333346 0.4890625 0.21666666666666676 0.51953125 0.21666666666666676
0 0.4796875 0.15694444444444455 0.4515625 0.15694444444444453 0.4515625 0.2097222222222223 0.4796875 0.2097222222222223
0 0.42578125 0.21805555555555564 0.39296875 0.21805555555555564 0.39296875 0.2819444444444445 0.42578125 0.2819444444444445
0 0.30546875 0.21388888888888896 0.275 0.21388888888888896 0.275 0.2722222222222223 0.30546875 0.2722222222222223
0 0.403125 0.30555555555555564 0.36015625 0.30555555555555564 0.36015625 0.38194444444444453 0.403125 0.3819444444444446
0 0.16093750000000004 0.3236111111111111 0.13046875000000005 0.3236111111111111 0.13046875000000005 0.39305555555555555 0.16093750000000004 0.39305555555555555
0 0.23203125 0.2875000000000001 0.20078125 0.2875000000000001 0.20078125 0.35277777777777786 0.23203125 0.35277777777777786
0 0.2375 0.35416666666666674 0.19765625000000003 0.35416666666666674 0.19765625000000003 0.42777777777777776 0.2375 0.42777777777777776
0 0.45625 0.13472222222222233 0.43359375 0.1347222222222223 0.43359375 0.19305555555555565 0.45625 0.19305555555555565