0 0.22890625 0.2930555555555556 0.19296875 0.2930555555555556 0.19296875000000002 0.36944444444444446 0.22890625 0.36944444444444446
0 0.3625 0.25555555555555565 0.3265625 0.25555555555555565 0.3265625 0.3361111111111112 0.3625 0.3361111111111112
0 0.29296875 0.2666666666666667 0.26328125 0.2666666666666667 0.26328125 0.33888888888888896 0.29296875 0.33888888888888896
0 0.33359375 0.3208333333333334 0.28984375 0.3208333333333334 0.28984375 0.4041666666666667 0.33359375 0.4041666666666667
0 0.4015625 0.3000000000000001 0.36328125 0.3000000000000001 0.36328125 0.3819444444444446 0.4015625 0.3819444444444446
0 0.48515625 0.4319444444444446 0.4265625 0.4319444444444446 0.4265625 0.5541666666666668 0.48515625 0.5541666666666668
0 0.45234375 0.14166666666666675 0.425 0.14166666666666675 0.425 0.19444444444444453 0.45234375 0.19444444444444453
0 0.4921875 0.126388888888889 0.46640625 0.126388888888889 0.46640625 0.17361111111111122 0.4921875 0.17361111111111122
0 0.52734375 0.1972222222222223 0.4953125 0.1972222222222223 0.4953125 0.2666666666666667 0.52734375 0.2666666666666667
0 0.58203125 0.1527777777777779 0.55625 0.1527777777777779 0.55625 0.20138888888888903 0.58203125 0.20138888888888903
0 0.61796875 0.2319444444444446 0.59375 0.2319444444444446 0.59375 0.28750000000000014 0.61796875 0.28750000000000014
0 0.64453125 0.13472222222222235 0.61796875 0.13472222222222235 0.61796875 0.18888888888888905 0.64453125 0.18888888888888905
0 0.67578125 0.13888888888888903 0.6515625 0.13888888888888903 0.6515625 0.19166666666666682 0.67578125 0.19166666666666682
0 0.67265625 0.2555555555555557 0.64140625 0.2555555555555557 0.64140625 0.32222222222222235 0.67265625 0.32222222222222235
0 0.6703125 0.18611111111111128 0.64609375 0.18611111111111128 0.64609375 0.24166666666666684 0.6703125 0.24166666666666684
0 0.7640625 0.17777777777777792 0.73671875 0.17777777777777792 0.73671875 0.23750000000000016 0.7640625 0.23750000000000016
0 0.7015625 0.23888888888888904 0.6703125 0.23888888888888904 0.6703125 0.3083333333333335 0.7015625 0.3083333333333335
0 0.7484375 0.2319444444444446 0.7171875 0.2319444444444446 0.7171875 0.29861111111111127 0.7484375 0.29861111111111127
0 0.81953125 0.27222222222222237 0.7921875 0.27222222222222237 0.7921875 0.3333333333333335 0.81953125 0.3333333333333335
0 0.4875 0.163888888888889 0.4609375 0.163888888888889 0.4609375 0.21666666666666676 0.4875 0.21666666666666676
0 0.52578125 0.15416666666666679 0.5 0.15416666666666679 0.5 0.20138888888888898 0.52578125 0.20138888888888898
0 0.5875 0.20277777777777795 0.55859375 0.20277777777777795 0.55859375 0.2611111111111113 0.5875 0.2611111111111113
0 0.7046875 0.1722222222222224 0.67734375 0.1722222222222224 0.67734375 0.22638888888888906 0.7046875 0.22638888888888906
0 0.6265625 0.2847222222222224 0.5875 0.2847222222222224 0.5875 0.3527777777777779 0.6265625 0.3527777777777779
0 0.85546875 0.24861111111111128 0.82890625 0.24861111111111128 0.82890625 0.31388888888888905 0.85546875 0.31388888888888905
0 0.7828125 0.22916666666666682 0.75625 0.22916666666666682 0.75625 0.28888888888888903 0.7828125 0.28888888888888903
0 0.790625 0.2972222222222224 0.75546875 0.2972222222222224 0.75546875 0.36388888888888904 0.790625 0.36388888888888904
0 0.54140625 0.1277777777777779 0.521875 0.1277777777777779 0.521875 0.18194444444444452 0.54140625 0.18194444444444452