0 0.22890625 0.2930555555555556 0.19296875 0.2930555555555556 0.19296875000000002 0.36944444444444446 0.22890625 0.36944444444444446
0 0.35859375 0.25555555555555565 0.3265625 0.25555555555555565 0.3265625 0.3472222222222223 0.35859375 0.3472222222222223
0 0.29296875 0.2666666666666667 0.26328125 0.2666666666666667 0.26328125 0.33888888888888896 0.29296875 0.33888888888888896
0 0.3375 0.3375000000000001 0.29453125 0.3375000000000001 0.29453125 0.42083333333333334 0.3375 0.42083333333333334
0 0.39921875 0.3000000000000001 0.36328125 0.3000000000000001 0.36328125 0.3708333333333335 0.39921875 0.3708333333333335
0 0.48515625 0.4319444444444446 0.4265625 0.4319444444444446 0.4265625 0.5541666666666668 0.48515625 0.5541666666666668
0 0.45234375 0.14166666666666675 0.425 0.14166666666666675 0.425 0.19444444444444453 0.45234375 0.19444444444444453
0 0.49375 0.126388888888889 0.46796875 0.126388888888889 0.46796875 0.17361111111111122 0.49375 0.17361111111111122
0 0.52734375 0.19166666666666674 0.4953125 0.19166666666666674 0.4953125 0.2611111111111112 0.52734375 0.2611111111111112
0 0.578125 0.15416666666666679 0.5515625 0.15416666666666679 0.5515625 0.20277777777777795 0.578125 0.20277777777777795
0 0.61796875 0.2319444444444446 0.59375 0.2319444444444446 0.59375 0.28750000000000014 0.61796875 0.28750000000000014
0 0.64453125 0.13472222222222235 0.61796875 0.13472222222222235 0.61796875 0.18888888888888905 0.64453125 0.18888888888888905
0 0.67578125 0.13888888888888903 0.6515625 0.13888888888888903 0.6515625 0.19166666666666682 0.67578125 0.19166666666666682
0 0.67109375 0.25972222222222235 0.63984375 0.25972222222222235 0.63984375 0.3250000000000002 0.67109375 0.3250000000000002
0 0.6671875 0.18611111111111128 0.64296875 0.18611111111111128 0.64296875 0.24166666666666684 0.6671875 0.24166666666666684
0 0.7640625 0.17777777777777792 0.73671875 0.17777777777777792 0.73671875 0.23750000000000016 0.7640625 0.23750000000000016
0 0.7015625 0.2347222222222224 0.6703125 0.2347222222222224 0.6703125 0.3041666666666668 0.7015625 0.3041666666666668
0 0.7453125 0.22916666666666682 0.7140625 0.22916666666666682 0.7140625 0.2972222222222224 0.7453125 0.2972222222222224
0 0.82578125 0.2708333333333335 0.7984375 0.2708333333333335 0.7984375 0.3319444444444446 0.82578125 0.3319444444444446
0 0.49765625 0.17500000000000013 0.47109375 0.17500000000000013 0.47109375 0.22916666666666674 0.49765625 0.22916666666666674
0 0.54140625 0.15555555555555567 0.51640625 0.15555555555555567 0.51640625 0.20277777777777786 0.54140625 0.20277777777777786
0 0.5875 0.20277777777777795 0.55859375 0.20277777777777795 0.55859375 0.2611111111111113 0.5875 0.2611111111111113
0 0.70703125 0.1819444444444446 0.68046875 0.1819444444444446 0.68046875 0.2347222222222224 0.70703125 0.2347222222222224
0 0.6265625 0.2694444444444446 0.5875 0.2694444444444446 0.5875 0.33750000000000013 0.6265625 0.33750000000000013
0 0.86171875 0.2611111111111113 0.83515625 0.2611111111111113 0.83515625 0.3250000000000002 0.86171875 0.3250000000000002
0 0.7828125 0.22916666666666682 0.75625 0.22916666666666682 0.75625 0.28888888888888903 0.7828125 0.28888888888888903
0 0.790625 0.2972222222222224 0.75546875 0.2972222222222224 0.75546875 0.36388888888888904 0.790625 0.36388888888888904