0 0.809375 0.3166666666666668 0.765625 0.3166666666666668 0.765625 0.39027777777777795 0.809375 0.39027777777777795
0 0.74296875 0.26388888888888906 0.70390625 0.26388888888888906 0.70390625 0.33611111111111125 0.74296875 0.33611111111111125
0 0.66875 0.2555555555555557 0.63984375 0.2555555555555557 0.63984375 0.32222222222222235 0.66875 0.32222222222222235
0 0.7140625 0.3444444444444446 0.67109375 0.3444444444444446 0.67109375 0.4277777777777779 0.7140625 0.4277777777777779
0 0.64296875 0.32777777777777795 0.60546875 0.32777777777777795 0.60546875 0.4013888888888891 0.64296875 0.4013888888888891
0 0.56328125 0.41666666666666685 0.515625 0.41666666666666685 0.515625 0.526388888888889 0.56328125 0.526388888888889
0 0.5875 0.13333333333333344 0.559375 0.13333333333333344 0.559375 0.19027777777777793 0.5875 0.19027777777777793
0 0.53671875 0.13194444444444456 0.51796875 0.13194444444444456 0.51796875 0.17916666666666675 0.53671875 0.17916666666666675
0 0.50625 0.1861111111111112 0.478125 0.1861111111111112 0.478125 0.25416666666666676 0.50625 0.25416666666666676
0 0.484375 0.12222222222222234 0.4578125 0.12222222222222234 0.4578125 0.19027777777777785 0.484375 0.19027777777777785
0 0.44140625 0.15138888888888896 0.41953125 0.15138888888888896 0.41953125 0.19444444444444453 0.44140625 0.19444444444444453
0 0.40703125 0.20000000000000007 0.38125 0.20000000000000007 0.38125 0.25694444444444453 0.40703125 0.25694444444444453
0 0.38125 0.14305555555555563 0.35859375 0.14305555555555563 0.35859375 0.19027777777777785 0.38125 0.19027777777777785
0 0.346875 0.13194444444444453 0.328125 0.13194444444444453 0.328125 0.16805555555555562 0.346875 0.16805555555555562
0 0.3640625 0.2458333333333334 0.3375 0.2458333333333334 0.3375 0.30277777777777787 0.3640625 0.30277777777777787
0 0.34921875 0.18055555555555564 0.32578125 0.18055555555555564 0.32578125 0.23055555555555562 0.34921875 0.23055555555555562
0 0.275 0.15138888888888896 0.24609375 0.15138888888888893 0.24609375 0.21388888888888896 0.275 0.21388888888888896
0 0.32890625 0.22361111111111118 0.3015625 0.22361111111111118 0.3015625 0.29166666666666674 0.32890625 0.29166666666666674
0 0.26328125 0.23333333333333342 0.23515625 0.23333333333333342 0.23515625 0.29027777777777786 0.26328125 0.29027777777777786
0 0.21015625 0.22361111111111118 0.1875 0.22361111111111118 0.1875 0.28333333333333344 0.21015625 0.28333333333333344
0 0.54921875 0.15972222222222235 0.52578125 0.15972222222222235 0.52578125 0.21666666666666679 0.54921875 0.2166666666666668
0 0.49765625 0.14722222222222234 0.47109375 0.14722222222222234 0.47109375 0.19861111111111118 0.49765625 0.19861111111111118
0 0.44921875 0.1847222222222223 0.41953125 0.1847222222222223 0.41953125 0.24444444444444452 0.44921875 0.24444444444444452
0 0.3171875 0.17777777777777787 0.290625 0.17777777777777787 0.290625 0.23194444444444454 0.3171875 0.23194444444444454
0 0.24921875 0.2861111111111112 0.2234375 0.2861111111111112 0.2234375 0.3500000000000001 0.24921875 0.3500000000000001
0 0.1875 0.24583333333333338 0.16015625 0.24583333333333332 0.16015625 0.30138888888888893 0.1875 0.301388888888889
0 0.2296875 0.24444444444444452 0.2015625 0.24444444444444452 0.2015625 0.30555555555555564 0.2296875 0.30555555555555564
