0 0.2359375 0.2930555555555556 0.19296875 0.2930555555555556 0.19296875000000002 0.3638888888888889 0.2359375 0.3638888888888889
0 0.2953125 0.2708333333333334 0.2578125 0.2708333333333334 0.2578125 0.34027777777777785 0.2953125 0.34027777777777785
0 0.36328125 0.2611111111111112 0.33125 0.2611111111111112 0.33125 0.3569444444444445 0.36328125 0.3569444444444446
0 0.33515625 0.3375000000000001 0.29375 0.3375000000000001 0.29375 0.41805555555555557 0.33515625 0.41805555555555557
0 0.3984375 0.3069444444444445 0.3625 0.3069444444444445 0.3625 0.3777777777777779 0.3984375 0.37777777777777793
0 0.48046875 0.4319444444444446 0.421875 0.4319444444444446 0.421875 0.5680555555555558 0.48046875 0.5680555555555558
0 0.4484375 0.14166666666666675 0.41953125 0.14166666666666675 0.41953125 0.20833333333333343 0.4484375 0.20833333333333343
0 0.48828125 0.13055555555555567 0.46484375 0.13055555555555567 0.46484375 0.176388888888889 0.48828125 0.176388888888889
0 0.52734375 0.19027777777777785 0.50078125 0.19027777777777785 0.50078125 0.25694444444444453 0.52734375 0.25694444444444453
0 0.58046875 0.15694444444444455 0.559375 0.15694444444444455 0.559375 0.19861111111111127 0.58046875 0.19861111111111127
0 0.61953125 0.21388888888888904 0.5953125 0.21388888888888904 0.5953125 0.2694444444444446 0.61953125 0.2694444444444446
0 0.64375 0.14444444444444457 0.621875 0.14444444444444457 0.621875 0.19027777777777793 0.64375 0.19027777777777793
0 0.67421875 0.1430555555555557 0.6546875 0.1430555555555557 0.6546875 0.1930555555555557 0.67421875 0.1930555555555557
0 0.63125 0.27222222222222237 0.596875 0.27222222222222237 0.596875 0.34027777777777796 0.63125 0.34027777777777796
0 0.66953125 0.18611111111111128 0.646875 0.18611111111111128 0.646875 0.23611111111111127 0.66953125 0.23611111111111127
0 0.7609375 0.17361111111111127 0.7328125 0.17361111111111127 0.7328125 0.2333333333333335 0.7609375 0.2333333333333335
0 0.70234375 0.23611111111111127 0.6765625 0.23611111111111127 0.6765625 0.30138888888888904 0.70234375 0.30138888888888904
0 0.7484375 0.2333333333333335 0.721875 0.2333333333333335 0.721875 0.28888888888888903 0.7484375 0.28888888888888903
0 0.671875 0.2555555555555557 0.64140625 0.2555555555555557 0.64140625 0.3250000000000002 0.671875 0.3250000000000002
0 0.4984375 0.18194444444444452 0.47578125 0.18194444444444452 0.47578125 0.23750000000000007 0.4984375 0.23750000000000007
0 0.53515625 0.15833333333333346 0.51171875 0.15833333333333346 0.51171875 0.20277777777777786 0.53515625 0.20277777777777786
0 0.58671875 0.19722222222222238 0.5578125 0.19722222222222238 0.5578125 0.2541666666666668 0.58671875 0.2541666666666668
0 0.70625 0.17638888888888904 0.68125 0.17638888888888904 0.68125 0.22916666666666682 0.70625 0.22916666666666682
0 0.79765625 0.3250000000000002 0.76953125 0.3250000000000002 0.76953125 0.3875000000000002 0.79765625 0.3875000000000002
0 0.859375 0.26666666666666683 0.8328125 0.26666666666666683 0.8328125 0.32083333333333347 0.859375 0.32083333333333347
0 0.83046875 0.27500000000000013 0.803125 0.27500000000000013 0.803125 0.33472222222222237 0.83046875 0.33472222222222237
0 0.78359375 0.2319444444444446 0.7578125 0.2319444444444446 0.7578125 0.29305555555555574 0.78359375 0.29305555555555574