0 0.23750000000000004 0.6444444444444445 0.19453125000000004 0.6444444444444445 0.19453125000000004 0.7166666666666667 0.2375000000000001 0.7166666666666667
0 0.29765625000000007 0.6666666666666666 0.2593750000000001 0.6666666666666666 0.2593750000000001 0.7375 0.29765625000000007 0.7375
0 0.3656250000000001 0.6472222222222223 0.33281250000000007 0.6472222222222223 0.33281250000000007 0.7444444444444445 0.3656250000000001 0.7444444444444445
0 0.33671875000000007 0.5875 0.29453125 0.5875 0.29453125 0.6694444444444444 0.33671875000000007 0.6694444444444444
0 0.40078125 0.6250000000000001 0.36328125 0.6250000000000001 0.36328125000000006 0.6972222222222224 0.40078125 0.6972222222222224
0 0.48203125 0.4333333333333335 0.42109375 0.4333333333333335 0.42109375 0.5708333333333335 0.48203125 0.5708333333333335
0 0.4515625 0.7930555555555555 0.42265625 0.7930555555555555 0.42265625 0.8611111111111112 0.4515625 0.8611111111111112
0 0.4921875 0.8236111111111111 0.46796875 0.8236111111111111 0.46796875 0.8694444444444445 0.4921875 0.8694444444444445
0 0.53046875 0.7430555555555556 0.503125 0.7430555555555556 0.503125 0.8097222222222222 0.53046875 0.8097222222222222
0 0.584375 0.8 0.5625 0.8 0.5625 0.8416666666666667 0.584375 0.8416666666666667
0 0.62265625 0.7263888888888889 0.59765625 0.7263888888888889 0.59765625 0.7833333333333333 0.62265625 0.7833333333333333
0 0.64765625 0.8069444444444445 0.625 0.8069444444444445 0.625 0.8527777777777777 0.64765625 0.8527777777777777
0 0.67734375 0.8027777777777778 0.6578125 0.8027777777777778 0.6578125 0.8527777777777777 0.67734375 0.8527777777777777
0 0.63359375 0.6555555555555557 0.5984375 0.6555555555555557 0.5984375 0.725 0.63359375 0.725
0 0.67265625 0.7597222222222222 0.64921875 0.7597222222222222 0.64921875 0.8097222222222222 0.67265625 0.8097222222222222
0 0.7640625 0.7583333333333336 0.7359375 0.7583333333333336 0.7359375 0.8194444444444448 0.7640625 0.8194444444444448
0 0.70546875 0.6930555555555558 0.67890625 0.6930555555555558 0.67890625 0.7597222222222222 0.70546875 0.7597222222222222
0 0.7515625 0.7041666666666668 0.72421875 0.7041666666666668 0.72421875 0.7611111111111113 0.7515625 0.7611111111111114
0 0.675 0.6694444444444446 0.64375 0.6694444444444446 0.64375 0.7402777777777778 0.675 0.7402777777777778
0 0.5015625 0.7638888888888888 0.478125 0.7638888888888888 0.478125 0.8194444444444444 0.5015625 0.8194444444444444
0 0.53828125 0.7958333333333333 0.51484375 0.7958333333333333 0.51484375 0.8416666666666667 0.53828125 0.8416666666666667
0 0.58984375 0.7430555555555556 0.56015625 0.7430555555555556 0.56015625 0.8013888888888889 0.58984375 0.8013888888888889
0 0.71015625 0.7652777777777777 0.684375 0.7652777777777777 0.684375 0.8180555555555555 0.71015625 0.8180555555555555
0 0.8 0.6041666666666669 0.7703125 0.6041666666666669 0.7703125 0.6680555555555557 0.8 0.6680555555555557
0 0.86171875 0.6680555555555557 0.83515625 0.6680555555555557 0.83515625 0.7236111111111114 0.86171875 0.7236111111111114
0 0.83203125 0.6555555555555557 0.8046875 0.6555555555555557 0.8046875 0.7152777777777781 0.83203125 0.7152777777777781
0 0.78671875 0.6986111111111113 0.76015625 0.6986111111111113 0.76015625 0.7611111111111114 0.78671875 0.7611111111111114