0 0.22421875 0.39861111111111114 0.17421875000000003 0.39861111111111114 0.17421875000000003 0.48333333333333334 0.22421875 0.48333333333333334
0 0.2828125 0.3638888888888889 0.2375 0.3638888888888889 0.2375 0.44583333333333336 0.2828125 0.44583333333333336
0 0.33671875 0.3097222222222223 0.29375 0.3097222222222223 0.29375 0.4152777777777778 0.33671875 0.4152777777777778
0 0.33203125 0.4013888888888889 0.28203125 0.4013888888888889 0.28203125 0.49583333333333335 0.33203125 0.49583333333333335
0 0.38359375 0.3430555555555556 0.33984375 0.3430555555555556 0.33984375 0.426388888888889 0.38359375 0.42638888888888904
0 0.51015625 0.41666666666666685 0.4359375 0.41666666666666685 0.4359375 0.5708333333333335 0.51015625 0.5708333333333335
0 0.415625 0.16944444444444454 0.3796875 0.16944444444444454 0.3796875 0.2458333333333334 0.415625 0.2458333333333334
0 0.45078125 0.14305555555555563 0.42265625 0.14305555555555563 0.42265625 0.1972222222222223 0.45078125 0.1972222222222223
0 0.4984375 0.18750000000000008 0.46484375 0.18750000000000008 0.46484375 0.26250000000000007 0.4984375 0.26250000000000007
0 0.54375 0.13472222222222235 0.51796875 0.13472222222222235 0.51796875 0.1833333333333334 0.54375 0.1833333333333334
0 0.5890625 0.16944444444444456 0.55859375 0.16944444444444456 0.55859375 0.2333333333333335 0.5890625 0.2333333333333335
0 0.60390625 0.09861111111111123 0.57734375 0.09861111111111123 0.57734375 0.15138888888888902 0.60390625 0.15138888888888902
0 0.634375 0.08750000000000013 0.609375 0.08750000000000013 0.609375 0.14305555555555569 0.634375 0.14305555555555569
0 0.60625 0.24861111111111128 0.56484375 0.24861111111111128 0.56484375 0.32777777777777795 0.60625 0.32777777777777795
0 0.63359375 0.13333333333333344 0.60546875 0.13333333333333344 0.60546875 0.18888888888888905 0.63359375 0.18888888888888905
0 0.72734375 0.09027777777777793 0.69375 0.09027777777777793 0.69375 0.15972222222222238 0.72734375 0.15972222222222238
0 0.67109375 0.1680555555555557 0.6375 0.1680555555555557 0.6375 0.24305555555555572 0.67109375 0.24305555555555572
0 0.71875 0.1472222222222224 0.6859375 0.1472222222222224 0.6859375 0.21111111111111128 0.71875 0.21111111111111128
0 0.64296875 0.19166666666666682 0.6046875 0.19166666666666682 0.6046875 0.2708333333333335 0.64296875 0.2708333333333335
0 0.4625 0.1847222222222223 0.4328125 0.1847222222222223 0.4328125 0.24027777777777787 0.4625 0.24027777777777787
0 0.5 0.1527777777777779 0.471875 0.1527777777777779 0.471875 0.20555555555555563 0.5 0.20555555555555563
0 0.55625 0.17222222222222233 0.52109375 0.17222222222222233 0.52109375 0.238888888888889 0.55625 0.23888888888888904
0 0.66484375 0.10972222222222236 0.63359375 0.10972222222222235 0.63359375 0.17083333333333348 0.66484375 0.1708333333333335
0 0.76640625 0.19722222222222238 0.73125 0.19722222222222238 0.73125 0.2694444444444446 0.76640625 0.2694444444444446
0 0.83046875 0.13888888888888906 0.7984375 0.13888888888888903 0.7984375 0.20138888888888903 0.83046875 0.20138888888888903
0 0.80390625 0.1583333333333335 0.7703125 0.1583333333333335 0.7703125 0.22638888888888906 0.80390625 0.22638888888888906
0 0.74921875 0.13472222222222238 0.71640625 0.13472222222222238 0.71640625 0.20416666666666683 0.74921875 0.20416666666666683