0 0.79765625 0.2305555555555557 0.75078125 0.2305555555555557 0.75078125 0.3097222222222224 0.79765625 0.3097222222222224
0 0.73046875 0.2319444444444446 0.68828125 0.2319444444444446 0.68828125 0.3097222222222224 0.73046875 0.3097222222222224
0 0.66875 0.21250000000000016 0.63046875 0.21250000000000016 0.63046875 0.31527777777777793 0.66875 0.31527777777777793
0 0.696875 0.2958333333333335 0.65 0.2958333333333335 0.65 0.38472222222222235 0.696875 0.38472222222222235
0 0.63046875 0.2708333333333335 0.5890625 0.2708333333333335 0.5890625 0.35000000000000014 0.63046875 0.35000000000000014
0 0.55859375 0.40416666666666684 0.490625 0.40416666666666684 0.490625 0.551388888888889 0.55859375 0.551388888888889
0 0.56015625 0.1277777777777779 0.52734375 0.1277777777777779 0.52734375 0.20000000000000012 0.56015625 0.20000000000000015
0 0.5125 0.126388888888889 0.4859375 0.126388888888889 0.4859375 0.176388888888889 0.5125 0.176388888888889
0 0.4828125 0.19305555555555565 0.4515625 0.19305555555555565 0.4515625 0.26527777777777783 0.4828125 0.26527777777777783
0 0.4203125 0.1722222222222223 0.39609375 0.1722222222222223 0.39609375 0.21805555555555564 0.4203125 0.21805555555555564
0 0.38984375 0.22916666666666674 0.36171875 0.22916666666666674 0.36171875 0.29027777777777786 0.38984375 0.29027777777777786
0 0.35859375 0.1736111111111112 0.33359375 0.1736111111111112 0.33359375 0.22361111111111118 0.35859375 0.22361111111111118
0 0.32578125 0.18055555555555564 0.303125 0.18055555555555564 0.303125 0.23333333333333342 0.32578125 0.23333333333333342
0 0.4 0.31111111111111117 0.3609375 0.31111111111111117 0.3609375 0.3861111111111112 0.4 0.3861111111111113
0 0.33828125 0.2222222222222223 0.3125 0.2222222222222223 0.3125 0.2750000000000001 0.33828125 0.2750000000000001
0 0.24765625 0.2347222222222223 0.21640625 0.2347222222222223 0.21640625 0.3000000000000001 0.24765625 0.3000000000000001
0 0.315625 0.2750000000000001 0.28515625 0.2750000000000001 0.28515625 0.3472222222222223 0.315625 0.3472222222222223
0 0.265625 0.28333333333333344 0.23515625 0.28333333333333344 0.23515625 0.3444444444444445 0.265625 0.3444444444444445
0 0.3515625 0.2805555555555556 0.31640625 0.2805555555555556 0.31640625 0.35555555555555557 0.3515625 0.35555555555555557
0 0.5109375 0.17222222222222233 0.48359375 0.17222222222222233 0.48359375 0.2250000000000001 0.5109375 0.2250000000000001
0 0.46796875 0.163888888888889 0.4421875 0.16388888888888897 0.4421875 0.21388888888888896 0.46796875 0.21388888888888896
0 0.4265625 0.2111111111111112 0.39375 0.2111111111111112 0.39375 0.2750000000000001 0.4265625 0.2750000000000001
0 0.3078125 0.21666666666666676 0.27890625 0.21666666666666676 0.27890625 0.2750000000000001 0.3078125 0.2750000000000001
0 0.2328125 0.35833333333333334 0.2 0.35833333333333334 0.2 0.4263888888888889 0.2328125 0.4263888888888889
0 0.15703125000000004 0.3402777777777778 0.12734375000000003 0.3402777777777778 0.12734375000000003 0.4 0.15703125000000004 0.4
0 0.18828125000000004 0.3430555555555556 0.15703125000000004 0.34305555555555556 0.15703125000000004 0.4083333333333333 0.18828125000000004 0.4083333333333333
0 0.234375 0.288888888888889 0.20390625 0.288888888888889 0.20390625 0.35555555555555557 0.234375 0.35555555555555557