0 0.81796875 0.33750000000000013 0.771875 0.33750000000000013 0.771875 0.4152777777777779 0.81796875 0.4152777777777779
0 0.753125 0.3027777777777779 0.71171875 0.3027777777777779 0.71171875 0.37777777777777793 0.753125 0.37777777777777793
0 0.70390625 0.27500000000000013 0.6609375 0.27500000000000013 0.6609375 0.3680555555555557 0.70390625 0.3680555555555557
0 0.69765625 0.38888888888888906 0.65234375 0.38888888888888906 0.65234375 0.47638888888888903 0.69765625 0.47638888888888903
0 0.64921875 0.3166666666666668 0.609375 0.3166666666666668 0.609375 0.3944444444444446 0.64921875 0.3944444444444446
0 0.559375 0.40000000000000013 0.49375 0.40000000000000013 0.49375 0.5444444444444446 0.559375 0.5444444444444446
0 0.59765625 0.15138888888888902 0.56640625 0.15138888888888902 0.56640625 0.22222222222222238 0.59765625 0.22222222222222238
0 0.5078125 0.1861111111111112 0.478125 0.1861111111111112 0.478125 0.25694444444444453 0.5078125 0.25694444444444453
0 0.4578125 0.14583333333333343 0.434375 0.14583333333333343 0.434375 0.19027777777777785 0.4578125 0.19027777777777785
0 0.421875 0.20833333333333343 0.3875 0.20833333333333343 0.3875 0.2736111111111112 0.421875 0.2736111111111112
0 0.396875 0.12361111111111119 0.37265625 0.12361111111111119 0.37265625 0.1722222222222223 0.396875 0.1722222222222223
0 0.3640625 0.11805555555555564 0.3421875 0.11805555555555564 0.3421875 0.17083333333333342 0.3640625 0.17083333333333342
0 0.41875 0.29166666666666674 0.38125 0.29166666666666674 0.38125 0.3652777777777779 0.41875 0.3652777777777779
0 0.37109375 0.1625000000000001 0.34609375 0.1625000000000001 0.34609375 0.21527777777777785 0.37109375 0.21527777777777785
0 0.28046875 0.14166666666666672 0.25 0.14166666666666672 0.25 0.20555555555555563 0.28046875 0.20555555555555563
0 0.34453125 0.20555555555555563 0.31484375 0.20555555555555563 0.31484375 0.27638888888888896 0.34453125 0.27638888888888896
0 0.3046875 0.19166666666666674 0.275 0.19166666666666674 0.275 0.251388888888889 0.3046875 0.251388888888889
0 0.37578125 0.22361111111111118 0.3421875 0.22361111111111118 0.3421875 0.2972222222222223 0.37578125 0.2972222222222223
0 0.55078125 0.16250000000000012 0.52421875 0.16250000000000012 0.52421875 0.21388888888888902 0.55078125 0.21388888888888904
0 0.49765625 0.1527777777777779 0.47265625 0.1527777777777779 0.47265625 0.20138888888888898 0.49765625 0.20138888888888898
0 0.4578125 0.1847222222222223 0.4265625 0.1847222222222223 0.4265625 0.2472222222222223 0.4578125 0.2472222222222223
0 0.34140625 0.14583333333333343 0.31328125 0.14583333333333343 0.31328125 0.20277777777777786 0.34140625 0.20277777777777786
0 0.2515625 0.2583333333333334 0.21953125 0.2583333333333334 0.21953125 0.32500000000000007 0.2515625 0.32500000000000007
0 0.1796875 0.2111111111111111 0.15078125 0.2111111111111111 0.15078125 0.26944444444444443 0.1796875 0.26944444444444443
0 0.209375 0.22500000000000003 0.1796875 0.225 0.1796875 0.2888888888888889 0.209375 0.288888888888889
0 0.2609375 0.18888888888888897 0.23203125 0.18888888888888897 0.23203125 0.25416666666666676 0.2609375 0.25416666666666676