0 0.22890625000000003 0.5944444444444444 0.18359375000000006 0.5944444444444444 0.18359375000000006 0.6708333333333333 0.2289062500000001 0.6708333333333333
0 0.28984375000000007 0.6375 0.24921875 0.6375 0.24921875000000004 0.7111111111111111 0.28984375000000007 0.7111111111111111
0 0.34140625 0.6208333333333333 0.29921875 0.6208333333333333 0.29921875000000003 0.7125 0.3414062500000001 0.7125
0 0.3515625 0.5319444444444444 0.30703125 0.5319444444444444 0.30703125 0.6180555555555556 0.3515625 0.6180555555555556
0 0.3921875 0.6111111111111112 0.353125 0.6111111111111112 0.353125 0.6875000000000001 0.3921875000000001 0.6875000000000001
0 0.50234375 0.45138888888888906 0.43828125 0.45138888888888906 0.43828125 0.5944444444444446 0.50234375 0.5944444444444446
0 0.4375 0.7805555555555556 0.40625 0.7805555555555556 0.40625 0.8513888888888889 0.4375 0.8513888888888889
0 0.525 0.7444444444444445 0.49609375 0.7444444444444445 0.49609375 0.8138888888888889 0.525 0.8138888888888889
0 0.56875 0.8083333333333333 0.54609375 0.8083333333333333 0.54609375 0.8527777777777777 0.56875 0.8527777777777777
0 0.615625 0.725 0.58125 0.725 0.58125 0.7902777777777777 0.615625 0.7902777777777777
0 0.63125 0.825 0.6078125 0.825 0.6078125 0.8736111111111111 0.63125 0.8736111111111111
0 0.66171875 0.8263888888888888 0.640625 0.8263888888888888 0.640625 0.8777777777777778 0.66171875 0.8777777777777778
0 0.6203125 0.6319444444444446 0.58359375 0.6319444444444446 0.58359375 0.7041666666666668 0.6203125 0.7041666666666668
0 0.65703125 0.7819444444444444 0.63203125 0.7819444444444444 0.63203125 0.8333333333333334 0.65703125 0.8333333333333334
0 0.753125 0.7875000000000002 0.7234375 0.7875 0.7234375 0.8513888888888891 0.753125 0.8513888888888892
0 0.6875 0.7194444444444444 0.65859375 0.7194444444444444 0.65859375 0.7888888888888889 0.6875 0.7888888888888889
0 0.73984375 0.7375000000000002 0.7109375 0.7375 0.7109375 0.7958333333333335 0.73984375 0.7958333333333336
0 0.66015625 0.7000000000000002 0.62734375 0.7000000000000002 0.62734375 0.7736111111111111 0.66015625 0.7736111111111111
0 0.4765625 0.7888888888888889 0.45 0.7888888888888889 0.45 0.8402777777777778 0.4765625 0.8402777777777778
0 0.52578125 0.8 0.50078125 0.8 0.50078125 0.8472222222222222 0.52578125 0.8472222222222222
0 0.5765625 0.7527777777777778 0.5453125 0.7527777777777778 0.5453125 0.8138888888888889 0.5765625 0.8138888888888889
0 0.6921875 0.7930555555555555 0.66484375 0.7930555555555555 0.66484375 0.8486111111111111 0.6921875 0.8486111111111111
0 0.78203125 0.6680555555555557 0.75078125 0.6680555555555557 0.75078125 0.7347222222222225 0.78203125 0.7347222222222225
0 0.8484375 0.741666666666667 0.8203125 0.741666666666667 0.8203125 0.7986111111111114 0.8484375 0.7986111111111114
0 0.8234375 0.702777777777778 0.79375 0.702777777777778 0.79375 0.7652777777777781 0.8234375 0.7652777777777781
0 0.77109375 0.7388888888888892 0.7421875 0.7388888888888892 0.7421875 0.8027777777777781 0.77109375 0.8027777777777781