0 0.2500000000000001 0.6902777777777778 0.20312500000000008 0.6902777777777778 0.20312500000000008 0.7694444444444445 0.2500000000000001 0.7694444444444445
0 0.31328125000000007 0.7111111111111111 0.2710937500000001 0.7111111111111111 0.2710937500000001 0.7888888888888889 0.31328125000000007 0.7888888888888889
0 0.36406250000000007 0.6777777777777778 0.3195312500000001 0.6777777777777778 0.3195312500000001 0.7722222222222223 0.36406250000000007 0.7722222222222223
0 0.36406250000000007 0.5861111111111111 0.3171875 0.5861111111111111 0.31718750000000007 0.675 0.36406250000000007 0.6750000000000002
0 0.41171875 0.6500000000000001 0.3703125000000001 0.6500000000000001 0.3703125000000001 0.7291666666666666 0.41171875 0.7291666666666666
0 0.50703125 0.4583333333333335 0.4390625 0.4583333333333335 0.4390625 0.6055555555555557 0.50703125 0.6055555555555557
0 0.4734375 0.8013888888888889 0.440625 0.8013888888888889 0.440625 0.8736111111111111 0.4734375 0.8736111111111111
0 0.55546875 0.7347222222222223 0.52421875 0.7347222222222223 0.52421875 0.8069444444444445 0.55546875 0.8069444444444445
0 0.60390625 0.7819444444444444 0.5796875 0.7819444444444444 0.5796875 0.8277777777777777 0.60390625 0.8277777777777777
0 0.6421875 0.6847222222222223 0.60625 0.6847222222222223 0.60625 0.7527777777777778 0.6421875 0.7527777777777778
0 0.6671875 0.7777777777777778 0.6421875 0.7777777777777778 0.6421875 0.8277777777777777 0.6671875 0.8277777777777777
0 0.69765625 0.7680555555555556 0.675 0.7680555555555556 0.675 0.8208333333333333 0.69765625 0.8208333333333333
0 0.6375 0.5930555555555557 0.5984375 0.5930555555555557 0.5984375 0.6680555555555557 0.6375 0.6680555555555557
0 0.6875 0.7263888888888889 0.66171875 0.7263888888888889 0.66171875 0.7791666666666667 0.6875 0.7791666666666667
0 0.78359375 0.7013888888888891 0.75234375 0.7013888888888891 0.75234375 0.7666666666666669 0.78359375 0.7666666666666669
0 0.7125 0.6541666666666668 0.68203125 0.6541666666666668 0.68203125 0.7263888888888889 0.7125 0.7263888888888889
0 0.76484375 0.6541666666666668 0.734375 0.6541666666666668 0.734375 0.7152777777777781 0.76484375 0.7152777777777781
0 0.68359375 0.6458333333333335 0.6484375 0.6458333333333335 0.6484375 0.7208333333333333 0.68359375 0.7208333333333333
0 0.5109375 0.7944444444444444 0.48359375 0.7944444444444444 0.48359375 0.8472222222222222 0.5109375 0.8472222222222222
0 0.56015625 0.7875 0.534375 0.7875 0.534375 0.8375 0.56015625 0.8375
0 0.60703125 0.725 0.57421875 0.725 0.57421875 0.7888888888888889 0.60703125 0.7888888888888889
0 0.72421875 0.725 0.6953125 0.725 0.6953125 0.7833333333333333 0.72421875 0.7833333333333333
0 0.8 0.5736111111111113 0.7671875 0.5736111111111113 0.7671875 0.6416666666666668 0.8 0.6416666666666668
0 0.871875 0.6222222222222223 0.8421875 0.6222222222222223 0.8421875 0.6819444444444446 0.871875 0.6819444444444446
0 0.84375 0.5930555555555557 0.8125 0.5930555555555557 0.8125 0.6583333333333334 0.84375 0.6583333333333334
0 0.79609375 0.6458333333333335 0.765625 0.6458333333333335 0.765625 0.7125000000000004 0.79609375 0.7125000000000004