0 0.23359375 0.2958333333333334 0.19140625 0.2958333333333334 0.19140625000000003 0.36666666666666664 0.23359375 0.36666666666666664
0 0.2875 0.2666666666666667 0.25 0.2666666666666667 0.25 0.3361111111111112 0.2875 0.3361111111111112
0 0.346875 0.26805555555555566 0.3078125 0.26805555555555566 0.3078125 0.35555555555555557 0.346875 0.35555555555555557
0 0.353125 0.3638888888888889 0.31171875 0.3638888888888889 0.31171875 0.45694444444444443 0.353125 0.45694444444444443
0 0.396875 0.3000000000000001 0.36015625 0.3000000000000001 0.36015625 0.3708333333333334 0.396875 0.3708333333333335
0 0.49140625 0.41805555555555574 0.43203125 0.41805555555555574 0.43203125 0.5541666666666668 0.49140625 0.5541666666666668
0 0.4484375 0.14166666666666675 0.41953125 0.14166666666666675 0.41953125 0.20833333333333343 0.4484375 0.20833333333333343
0 0.52890625 0.19027777777777785 0.50234375 0.19027777777777785 0.50234375 0.25555555555555565 0.52890625 0.25555555555555565
0 0.58046875 0.15694444444444455 0.559375 0.15694444444444455 0.559375 0.19861111111111127 0.58046875 0.19861111111111127
0 0.62421875 0.22500000000000014 0.5921875 0.22500000000000014 0.5921875 0.28611111111111126 0.62421875 0.28611111111111126
0 0.64375 0.14444444444444457 0.621875 0.14444444444444457 0.621875 0.19027777777777793 0.64375 0.19027777777777793
0 0.67421875 0.1430555555555557 0.6546875 0.1430555555555557 0.6546875 0.1930555555555557 0.67421875 0.1930555555555557
0 0.62578125 0.3111111111111113 0.59140625 0.3111111111111113 0.59140625 0.3791666666666668 0.62578125 0.3791666666666668
0 0.6671875 0.18750000000000017 0.64453125 0.18750000000000017 0.64453125 0.23611111111111127 0.6671875 0.23611111111111127
0 0.76328125 0.18055555555555572 0.7359375 0.18055555555555572 0.7359375 0.24027777777777792 0.76328125 0.24027777777777792
0 0.6953125 0.23611111111111127 0.66953125 0.23611111111111127 0.66953125 0.30138888888888904 0.6953125 0.30138888888888904
0 0.7484375 0.2347222222222224 0.721875 0.2347222222222224 0.721875 0.2902777777777779 0.7484375 0.2902777777777779
0 0.66484375 0.24722222222222237 0.634375 0.24722222222222237 0.634375 0.3166666666666668 0.66484375 0.3166666666666668
0 0.4875 0.15833333333333346 0.46328125 0.15833333333333346 0.46328125 0.20694444444444451 0.4875 0.20694444444444451
0 0.53671875 0.15694444444444455 0.5140625 0.15694444444444455 0.5140625 0.20138888888888898 0.53671875 0.20138888888888898
0 0.58671875 0.19722222222222238 0.5578125 0.19722222222222238 0.5578125 0.2541666666666668 0.58671875 0.2541666666666668
0 0.70859375 0.17500000000000016 0.6828125 0.17500000000000016 0.6828125 0.22777777777777794 0.70859375 0.22777777777777794
0 0.78828125 0.30138888888888904 0.759375 0.30138888888888904 0.759375 0.36388888888888904 0.78828125 0.36388888888888904
0 0.85546875 0.2458333333333335 0.8296875 0.2458333333333335 0.8296875 0.30000000000000016 0.85546875 0.30000000000000016
0 0.825 0.27500000000000013 0.79765625 0.27500000000000013 0.79765625 0.33472222222222237 0.825 0.33472222222222237
0 0.7796875 0.2319444444444446 0.753125 0.2319444444444446 0.753125 0.29305555555555574 0.7796875 0.29305555555555574