0 0.8265625 0.39861111111111125 0.7765625 0.39861111111111125 0.7765625 0.4833333333333335 0.8265625 0.4833333333333335
0 0.77265625 0.35000000000000014 0.72734375 0.35000000000000014 0.72734375 0.4319444444444446 0.77265625 0.4319444444444446
0 0.715625 0.3305555555555557 0.6671875 0.3305555555555557 0.6671875 0.4305555555555557 0.715625 0.4305555555555557
0 0.70078125 0.4222222222222224 0.64921875 0.4222222222222224 0.64921875 0.5291666666666668 0.70078125 0.5291666666666668
0 0.66015625 0.3430555555555557 0.61640625 0.3430555555555557 0.61640625 0.42638888888888904 0.66015625 0.42638888888888904
0 0.5765625 0.42361111111111127 0.50234375 0.42361111111111127 0.50234375 0.577777777777778 0.5765625 0.577777777777778
0 0.62109375 0.16944444444444456 0.58515625 0.16944444444444456 0.58515625 0.2458333333333335 0.62109375 0.2458333333333335
0 0.534375 0.1861111111111112 0.50078125 0.1861111111111112 0.50078125 0.2611111111111112 0.534375 0.2611111111111112
0 0.48203125 0.13472222222222235 0.45625 0.13472222222222235 0.45625 0.1833333333333334 0.48203125 0.1833333333333334
0 0.4421875 0.1861111111111112 0.40390625 0.1861111111111112 0.40390625 0.25694444444444453 0.4421875 0.25694444444444453
0 0.42265625 0.09861111111111119 0.39609375 0.09861111111111119 0.39609375 0.15138888888888896 0.42265625 0.15138888888888896
0 0.390625 0.08750000000000008 0.365625 0.08750000000000008 0.365625 0.14305555555555563 0.390625 0.14305555555555563
0 0.4328125 0.26944444444444454 0.39140625 0.26944444444444454 0.39140625 0.3486111111111112 0.4328125 0.3486111111111112
0 0.3953125 0.13333333333333341 0.3671875 0.13333333333333341 0.3671875 0.18888888888888897 0.3953125 0.18888888888888897
0 0.30625 0.09027777777777786 0.27265625 0.09027777777777786 0.27265625 0.1597222222222223 0.30625 0.1597222222222223
0 0.365625 0.16944444444444454 0.33203125 0.16944444444444454 0.33203125 0.24444444444444452 0.365625 0.24444444444444452
0 0.3140625 0.1486111111111112 0.28125 0.1486111111111112 0.28125 0.21250000000000008 0.3140625 0.21250000000000008
0 0.39921875 0.19166666666666674 0.3609375 0.19166666666666674 0.3609375 0.2708333333333334 0.39921875 0.2708333333333334
0 0.5765625 0.17083333333333345 0.546875 0.17083333333333345 0.546875 0.22638888888888906 0.5765625 0.22638888888888906
0 0.5265625 0.15138888888888902 0.4984375 0.15138888888888902 0.4984375 0.20416666666666675 0.5265625 0.20416666666666675
0 0.4796875 0.17222222222222233 0.44453125 0.1722222222222223 0.44453125 0.23888888888888896 0.4796875 0.23888888888888896
0 0.359375 0.10416666666666674 0.328125 0.10416666666666674 0.328125 0.16527777777777786 0.359375 0.16527777777777786
0 0.26953125 0.19861111111111118 0.234375 0.19861111111111118 0.234375 0.2708333333333334 0.26953125 0.2708333333333334
0 0.2078125 0.11944444444444448 0.17578125 0.11944444444444448 0.17578125 0.1819444444444445 0.2078125 0.18194444444444452
0 0.23515625 0.15972222222222227 0.2015625 0.15972222222222227 0.2015625 0.22777777777777786 0.23515625 0.22777777777777786
0 0.28359375 0.13472222222222227 0.25078125 0.13472222222222227 0.25078125 0.20416666666666675 0.28359375 0.20416666666666675