0 0.83046875 0.4986111111111113 0.78046875 0.4986111111111113 0.78046875 0.5847222222222224 0.83046875 0.5847222222222224
0 0.771875 0.5708333333333335 0.72578125 0.5708333333333335 0.72578125 0.6555555555555557 0.771875 0.6555555555555557
0 0.69140625 0.602777777777778 0.646875 0.602777777777778 0.646875 0.6930555555555558 0.69140625 0.6930555555555558
0 0.734375 0.4972222222222224 0.6828125 0.4972222222222224 0.6828125 0.6041666666666669 0.734375 0.6041666666666669
0 0.66171875 0.5694444444444446 0.6171875 0.5694444444444446 0.6171875 0.6541666666666668 0.66171875 0.6541666666666668
0 0.578125 0.41805555555555574 0.503125 0.41805555555555574 0.503125 0.5736111111111113 0.578125 0.5736111111111113
0 0.6234375 0.7527777777777778 0.5875 0.7527777777777778 0.5875 0.8291666666666667 0.6234375 0.8291666666666667
0 0.54375 0.7361111111111112 0.509375 0.7361111111111112 0.509375 0.8111111111111111 0.54375 0.8111111111111111
0 0.4859375 0.8180555555555555 0.46015625 0.8180555555555555 0.46015625 0.8666666666666667 0.4859375 0.8666666666666667
0 0.4453125 0.7458333333333333 0.40625 0.7458333333333333 0.40625 0.8180555555555555 0.4453125 0.8180555555555555
0 0.4265625 0.8513888888888889 0.39921875000000007 0.8513888888888889 0.39921875000000007 0.9041666666666667 0.4265625 0.9041666666666667
0 0.3945312500000001 0.8625 0.3695312500000001 0.8625 0.3695312500000001 0.9180555555555555 0.3945312500000001 0.9180555555555555
0 0.43515625 0.6541666666666668 0.3929687500000001 0.6541666666666668 0.3929687500000001 0.7347222222222223 0.43515625 0.7347222222222223
0 0.3984375000000001 0.8152777777777778 0.3703125000000001 0.8152777777777778 0.3703125000000001 0.8722222222222222 0.3984375000000001 0.8722222222222222
0 0.3101562500000001 0.8472222222222222 0.2757812500000001 0.8472222222222222 0.2757812500000001 0.9166666666666666 0.3101562500000001 0.9166666666666666
0 0.3687500000000001 0.7611111111111111 0.3351562500000001 0.7611111111111111 0.3351562500000001 0.8361111111111111 0.3687500000000001 0.8361111111111111
0 0.3179687500000001 0.7930555555555555 0.2843750000000001 0.7930555555555555 0.2843750000000001 0.8583333333333333 0.3179687500000001 0.8583333333333333
0 0.4015625 0.7333333333333333 0.3632812500000001 0.7333333333333333 0.3632812500000001 0.8125 0.4015625 0.8125
0 0.58203125 0.7569444444444444 0.54765625 0.7569444444444444 0.54765625 0.8277777777777777 0.58203125 0.8277777777777777
0 0.53515625 0.7944444444444444 0.50234375 0.7944444444444444 0.50234375 0.8541666666666666 0.53515625 0.8541666666666666
0 0.48203125 0.7625 0.446875 0.7625 0.446875 0.8305555555555556 0.48203125 0.8305555555555556
0 0.3632812500000001 0.8402777777777778 0.3320312500000001 0.8402777777777778 0.3320312500000001 0.9013888888888889 0.3632812500000001 0.9013888888888889
0 0.2531250000000001 0.7125 0.2171875000000001 0.7125 0.2171875000000001 0.7847222222222222 0.2531250000000001 0.7847222222222222
0 0.19921875000000006 0.8027777777777778 0.16015625000000006 0.8027777777777778 0.16015625000000006 0.8833333333333333 0.19921875000000006 0.8833333333333333
0 0.2328125000000001 0.7680555555555556 0.19921875000000006 0.7680555555555556 0.19921875000000006 0.8375 0.2328125000000001 0.8375
0 0.2875000000000001 0.8041666666666667 0.2539062500000001 0.8041666666666667 0.2539062500000001 0.8736111111111111 0.2875000000000001 0.8736111111111111