0 0.828125 0.5277777777777779 0.7796875 0.5277777777777779 0.7796875 0.6111111111111113 0.828125 0.6111111111111113
0 0.7578125 0.5569444444444446 0.71328125 0.5569444444444446 0.71328125 0.6388888888888891 0.7578125 0.6388888888888891
0 0.690625 0.6319444444444446 0.6484375 0.6319444444444446 0.6484375 0.7194444444444444 0.690625 0.7194444444444444
0 0.7234375 0.5097222222222224 0.68125 0.5097222222222224 0.68125 0.6013888888888891 0.7234375 0.6013888888888891
0 0.65859375 0.5833333333333335 0.61484375 0.5833333333333335 0.61484375 0.6597222222222224 0.65859375 0.6597222222222224
0 0.5765625 0.42361111111111127 0.5046875 0.42361111111111127 0.5046875 0.5750000000000002 0.5765625 0.5750000000000002
0 0.6140625 0.7625 0.5796875 0.7625 0.5796875 0.8375 0.6140625 0.8375
0 0.52734375 0.7375 0.49453125 0.7375 0.49453125 0.8111111111111111 0.52734375 0.8111111111111111
0 0.475 0.8166666666666667 0.45 0.8166666666666667 0.45 0.8638888888888889 0.475 0.8638888888888889
0 0.4359375 0.7388888888888889 0.3984375000000001 0.7388888888888889 0.3984375000000001 0.8083333333333333 0.4359375 0.8083333333333333
0 0.41484375 0.8430555555555556 0.3890625000000001 0.8430555555555556 0.3890625000000001 0.8944444444444445 0.41484375 0.8944444444444445
0 0.3828125000000001 0.8513888888888889 0.3585937500000001 0.8513888888888889 0.3585937500000001 0.9055555555555556 0.3828125000000001 0.9055555555555556
0 0.4328125 0.6569444444444446 0.3921875000000001 0.6569444444444446 0.3921875000000001 0.7347222222222223 0.4328125 0.7347222222222223
0 0.3882812500000001 0.8041666666666667 0.3609375000000001 0.8041666666666667 0.3609375000000001 0.8597222222222223 0.3882812500000001 0.8597222222222223
0 0.2984375000000001 0.8277777777777777 0.2656250000000001 0.8277777777777777 0.2656250000000001 0.8958333333333334 0.2984375000000001 0.8958333333333334
0 0.3593750000000001 0.7472222222222222 0.3273437500000001 0.7472222222222222 0.3273437500000001 0.8208333333333333 0.3593750000000001 0.8208333333333333
0 0.3078125000000001 0.775 0.2757812500000001 0.775 0.2757812500000001 0.8388888888888889 0.3078125000000001 0.8388888888888889
0 0.3929687500000001 0.7222222222222222 0.35625000000000007 0.7222222222222222 0.35625000000000007 0.8 0.3929687500000001 0.8
0 0.5734375 0.7736111111111111 0.540625 0.7736111111111111 0.540625 0.8430555555555556 0.5734375 0.8430555555555556
0 0.525 0.7972222222222223 0.49296875 0.7972222222222223 0.49296875 0.8541666666666666 0.525 0.8541666666666666
0 0.4734375 0.7597222222222222 0.4390625 0.7597222222222222 0.4390625 0.8263888888888888 0.4734375 0.8263888888888888
0 0.35234375000000007 0.825 0.3218750000000001 0.825 0.3218750000000001 0.8847222222222222 0.35234375000000007 0.8847222222222222
0 0.2648437500000001 0.7138888888888889 0.23046875000000008 0.7138888888888889 0.23046875000000008 0.7847222222222222 0.2648437500000001 0.7847222222222222
0 0.19296875000000005 0.7722222222222223 0.15546875000000004 0.7722222222222223 0.15546875000000004 0.85 0.19296875000000005 0.85
0 0.22421875000000008 0.7430555555555556 0.19140625000000006 0.7430555555555556 0.19140625000000006 0.8097222222222222 0.22421875000000008 0.8097222222222222
0 0.2773437500000001 0.7833333333333333 0.2453125000000001 0.7833333333333333 0.2453125000000001 0.8513888888888889 0.2773437500000001 0.8513888888888889