0 0.8296875 0.4069444444444446 0.7796875 0.4069444444444446 0.7796875 0.4916666666666668 0.8296875 0.4916666666666668
0 0.76015625 0.37500000000000017 0.71484375 0.37500000000000017 0.71484375 0.4583333333333335 0.76015625 0.4583333333333335
0 0.69453125 0.29166666666666685 0.65078125 0.29166666666666685 0.65078125 0.3805555555555557 0.69453125 0.3805555555555557
0 0.725 0.41250000000000014 0.68125 0.41250000000000014 0.68125 0.5055555555555558 0.725 0.5055555555555558
0 0.6609375 0.34861111111111126 0.61640625 0.34861111111111126 0.61640625 0.42638888888888904 0.6609375 0.42638888888888904
0 0.57734375 0.42638888888888904 0.503125 0.42638888888888904 0.503125 0.5805555555555557 0.57734375 0.5805555555555557
0 0.62109375 0.16944444444444456 0.58515625 0.16944444444444456 0.58515625 0.2458333333333335 0.62109375 0.2458333333333335
0 0.53359375 0.19027777777777785 0.5 0.19027777777777785 0.5 0.26527777777777783 0.53359375 0.26527777777777783
0 0.48203125 0.13472222222222235 0.45625 0.13472222222222235 0.45625 0.1833333333333334 0.48203125 0.1833333333333334
0 0.4421875 0.1861111111111112 0.40390625 0.1861111111111112 0.40390625 0.25694444444444453 0.4421875 0.25694444444444453
0 0.42265625 0.09861111111111119 0.39609375 0.09861111111111119 0.39609375 0.15138888888888896 0.42265625 0.15138888888888896
0 0.390625 0.08750000000000008 0.365625 0.08750000000000008 0.365625 0.14305555555555563 0.390625 0.14305555555555563
0 0.43671875 0.2597222222222223 0.3953125 0.2597222222222223 0.3953125 0.33888888888888896 0.43671875 0.33888888888888896
0 0.3953125 0.13333333333333341 0.3671875 0.13333333333333341 0.3671875 0.18888888888888897 0.3953125 0.18888888888888897
0 0.30625 0.09027777777777786 0.27265625 0.09027777777777786 0.27265625 0.1597222222222223 0.30625 0.1597222222222223
0 0.365625 0.16944444444444454 0.33203125 0.16944444444444454 0.33203125 0.24444444444444452 0.365625 0.24444444444444452
0 0.3140625 0.1486111111111112 0.28125 0.1486111111111112 0.28125 0.21250000000000008 0.3140625 0.21250000000000008
0 0.39921875 0.19166666666666674 0.3609375 0.19166666666666674 0.3609375 0.2708333333333334 0.39921875 0.2708333333333334
0 0.5796875 0.16111111111111123 0.5453125 0.16111111111111123 0.5453125 0.2319444444444446 0.5796875 0.2319444444444446
0 0.53125 0.14722222222222234 0.4984375 0.14722222222222234 0.4984375 0.20555555555555563 0.53125 0.20555555555555563
0 0.4796875 0.17222222222222233 0.44453125 0.1722222222222223 0.44453125 0.23888888888888896 0.4796875 0.23888888888888896
0 0.359375 0.10416666666666674 0.328125 0.10416666666666674 0.328125 0.16527777777777786 0.359375 0.16527777777777786
0 0.2703125 0.20000000000000007 0.23515625 0.20000000000000007 0.23515625 0.2722222222222223 0.2703125 0.2722222222222223
0 0.2 0.1305555555555556 0.1609375 0.1305555555555556 0.1609375 0.20972222222222225 0.2 0.2097222222222223
0 0.23046875 0.17222222222222225 0.196875 0.17222222222222225 0.196875 0.24027777777777787 0.23046875 0.24027777777777787
0 0.28359375 0.13472222222222227 0.25078125 0.13472222222222227 0.25078125 0.20416666666666675 0.28359375 0.20416666666666675