0 0.22890625 0.30277777777777787 0.18671875 0.30277777777777787 0.18671875000000002 0.3736111111111111 0.22890625 0.3736111111111111
0 0.296875 0.2944444444444445 0.25859375 0.2944444444444445 0.25859375 0.36666666666666664 0.296875 0.36666666666666664
0 0.36796875 0.2361111111111112 0.3328125 0.2361111111111112 0.3328125 0.313888888888889 0.36796875 0.313888888888889
0 0.3234375 0.3430555555555556 0.2890625 0.3430555555555556 0.2890625 0.425 0.3234375 0.425
0 0.396875 0.30555555555555564 0.35859375 0.30555555555555564 0.35859375 0.3708333333333334 0.396875 0.3708333333333335
0 0.48984375 0.4208333333333335 0.43046875 0.4208333333333335 0.43046875 0.5569444444444446 0.48984375 0.5569444444444446
0 0.4484375 0.14166666666666675 0.41953125 0.14166666666666675 0.41953125 0.20833333333333343 0.4484375 0.20833333333333343
0 0.52890625 0.19444444444444453 0.50234375 0.19444444444444453 0.50234375 0.2611111111111112 0.52890625 0.2611111111111112
0 0.58046875 0.15694444444444455 0.559375 0.15694444444444455 0.559375 0.19861111111111127 0.58046875 0.19861111111111127
0 0.62421875 0.22500000000000014 0.5921875 0.22500000000000014 0.5921875 0.28611111111111126 0.62421875 0.28611111111111126
0 0.64375 0.14444444444444457 0.621875 0.14444444444444457 0.621875 0.19027777777777793 0.64375 0.19027777777777793
0 0.67421875 0.1430555555555557 0.6546875 0.1430555555555557 0.6546875 0.1930555555555557 0.67421875 0.1930555555555557
0 0.62265625 0.30000000000000016 0.58828125 0.30000000000000016 0.58828125 0.3680555555555557 0.62265625 0.3680555555555557
0 0.6671875 0.18750000000000017 0.64453125 0.18750000000000017 0.64453125 0.23611111111111127 0.6671875 0.23611111111111127
0 0.76328125 0.18055555555555572 0.7359375 0.18055555555555572 0.7359375 0.24027777777777792 0.76328125 0.24027777777777792
0 0.6953125 0.23611111111111127 0.66953125 0.23611111111111127 0.66953125 0.30138888888888904 0.6953125 0.30138888888888904
0 0.7484375 0.2347222222222224 0.721875 0.2347222222222224 0.721875 0.2902777777777779 0.7484375 0.2902777777777779
0 0.66484375 0.24722222222222237 0.634375 0.24722222222222237 0.634375 0.3166666666666668 0.66484375 0.3166666666666668
0 0.48828125 0.14861111111111122 0.4609375 0.14861111111111122 0.4609375 0.2097222222222223 0.48828125 0.2097222222222223
0 0.53671875 0.1527777777777779 0.509375 0.1527777777777779 0.509375 0.20138888888888898 0.53671875 0.20138888888888898
0 0.58671875 0.19722222222222238 0.5578125 0.19722222222222238 0.5578125 0.2541666666666668 0.58671875 0.2541666666666668
0 0.70859375 0.17500000000000016 0.6828125 0.17500000000000016 0.6828125 0.22777777777777794 0.70859375 0.22777777777777794
0 0.7875 0.30138888888888904 0.75859375 0.30138888888888904 0.75859375 0.36388888888888904 0.7875 0.36388888888888904
0 0.8671875 0.25972222222222235 0.8359375 0.25972222222222235 0.8359375 0.32916666666666683 0.8671875 0.32916666666666683
0 0.828125 0.28888888888888903 0.8015625 0.28888888888888903 0.8015625 0.34861111111111126 0.828125 0.34861111111111126
0 0.7796875 0.2319444444444446 0.753125 0.2319444444444446 0.753125 0.29305555555555574 0.7796875 0.29305555555555574