0 0.22890625 0.30277777777777787 0.18671875 0.30277777777777787 0.18671875000000002 0.3736111111111111 0.22890625 0.3736111111111111
0 0.303125 0.2958333333333334 0.26484375 0.2958333333333334 0.26484375 0.36666666666666664 0.303125 0.36666666666666664
0 0.3609375 0.25416666666666676 0.32578125 0.25416666666666676 0.32578125 0.33194444444444454 0.3609375 0.33194444444444454
0 0.33359375 0.34166666666666673 0.2984375 0.34166666666666673 0.2984375 0.4236111111111111 0.33359375 0.4236111111111111
0 0.396875 0.30555555555555564 0.359375 0.30555555555555564 0.359375 0.3708333333333334 0.396875 0.3708333333333335
0 0.48984375 0.4208333333333335 0.43046875 0.4208333333333335 0.43046875 0.5569444444444446 0.48984375 0.5569444444444446
0 0.4484375 0.14166666666666675 0.4203125 0.14166666666666675 0.4203125 0.20833333333333343 0.4484375 0.20833333333333343
0 0.546875 0.20694444444444457 0.5203125 0.20694444444444451 0.5203125 0.27361111111111125 0.546875 0.27361111111111125
0 0.58046875 0.15694444444444455 0.559375 0.15694444444444455 0.559375 0.19861111111111127 0.58046875 0.19861111111111127
0 0.61875 0.20416666666666683 0.58671875 0.20416666666666683 0.58671875 0.26527777777777795 0.61875 0.26527777777777795
0 0.64375 0.14444444444444457 0.621875 0.14444444444444457 0.621875 0.19027777777777793 0.64375 0.19027777777777793
0 0.67421875 0.1430555555555557 0.6546875 0.1430555555555557 0.6546875 0.1930555555555557 0.67421875 0.1930555555555557
0 0.6234375 0.30000000000000016 0.5890625 0.30000000000000016 0.5890625 0.3680555555555557 0.6234375 0.3680555555555557
0 0.66796875 0.18750000000000017 0.6453125 0.18750000000000017 0.6453125 0.23611111111111127 0.66796875 0.23611111111111127
0 0.7640625 0.18055555555555572 0.73671875 0.18055555555555572 0.73671875 0.24027777777777792 0.7640625 0.24027777777777792
0 0.69609375 0.23611111111111127 0.66953125 0.23611111111111127 0.66953125 0.3027777777777779 0.69609375 0.3027777777777779
0 0.74921875 0.2347222222222224 0.721875 0.2347222222222224 0.721875 0.2902777777777779 0.74921875 0.2902777777777779
0 0.6671875 0.26666666666666683 0.63671875 0.26666666666666683 0.63671875 0.33611111111111125 0.6671875 0.33611111111111125
0 0.490625 0.138888888888889 0.4640625 0.138888888888889 0.4640625 0.17222222222222233 0.490625 0.17222222222222233
0 0.53984375 0.15833333333333346 0.5125 0.15833333333333346 0.5125 0.20833333333333343 0.53984375 0.20833333333333343
0 0.58671875 0.19722222222222238 0.5578125 0.19722222222222238 0.5578125 0.2555555555555557 0.58671875 0.2555555555555557
0 0.70859375 0.17500000000000016 0.68359375 0.17500000000000016 0.68359375 0.22777777777777794 0.70859375 0.22777777777777794
0 0.7875 0.30138888888888904 0.75859375 0.30138888888888904 0.75859375 0.36388888888888904 0.7875 0.36388888888888904
0 0.86328125 0.26388888888888906 0.83203125 0.26388888888888906 0.83203125 0.3333333333333335 0.86328125 0.3333333333333335
0 0.82890625 0.28888888888888903 0.8015625 0.28888888888888903 0.8015625 0.34861111111111126 0.82890625 0.34861111111111126
0 0.7765625 0.2319444444444446 0.75 0.2319444444444446 0.75 0.29305555555555574 0.7765625 0.29305555555555574
0 0.49140625 0.17083333333333345 0.46484375 0.17083333333333345 0.46484375 0.2250000000000001 0.49140625 0.2250000000000001