0 0.22890625000000003 0.6263888888888889 0.18671875000000004 0.6263888888888889 0.18671875000000004 0.6972222222222222 0.2289062500000001 0.6972222222222222
0 0.3007812500000001 0.6458333333333334 0.26250000000000007 0.6458333333333334 0.26250000000000007 0.7166666666666667 0.3007812500000001 0.7166666666666667
0 0.3609375000000001 0.6680555555555555 0.3257812500000001 0.6680555555555555 0.3257812500000001 0.7458333333333333 0.3609375000000001 0.7458333333333333
0 0.33359375 0.5763888888888888 0.2984375 0.5763888888888888 0.2984375 0.6583333333333333 0.3335937500000001 0.6583333333333333
0 0.40078125 0.6277777777777779 0.36015625 0.6277777777777778 0.36015625000000007 0.7083333333333334 0.40078125 0.7083333333333335
0 0.48984375 0.4430555555555557 0.43046875 0.4430555555555557 0.43046875 0.5791666666666668 0.48984375 0.5791666666666668
0 0.4484375 0.7916666666666666 0.4203125 0.7916666666666666 0.4203125 0.8583333333333333 0.4484375 0.8583333333333333
0 0.53359375 0.7347222222222223 0.50703125 0.7347222222222223 0.50703125 0.8013888888888889 0.53359375 0.8013888888888889
0 0.58046875 0.8083333333333333 0.553125 0.8083333333333333 0.553125 0.8555555555555555 0.58046875 0.8555555555555555
0 0.6046875 0.7375 0.58359375 0.7375 0.58359375 0.7958333333333333 0.6046875 0.7958333333333333
0 0.64375 0.8125 0.621875 0.8125 0.621875 0.8583333333333333 0.64375 0.8583333333333333
0 0.67421875 0.8069444444444445 0.6546875 0.8069444444444445 0.6546875 0.8569444444444444 0.67421875 0.8569444444444444
0 0.6234375 0.6319444444444446 0.5890625 0.6319444444444446 0.5890625 0.7000000000000002 0.6234375 0.7000000000000002
0 0.66796875 0.7638888888888888 0.6453125 0.7638888888888888 0.6453125 0.8125 0.66796875 0.8125
0 0.7640625 0.7597222222222225 0.73671875 0.7597222222222225 0.73671875 0.8194444444444448 0.7640625 0.8194444444444448
0 0.69609375 0.6986111111111113 0.66953125 0.6986111111111113 0.66953125 0.7652777777777777 0.69609375 0.7652777777777777
0 0.74921875 0.7097222222222224 0.721875 0.7097222222222224 0.721875 0.765277777777778 0.74921875 0.7652777777777781
0 0.6671875 0.6638888888888891 0.63671875 0.6638888888888891 0.63671875 0.7333333333333333 0.6671875 0.7333333333333333
0 0.490625 0.8291666666666667 0.4640625 0.8291666666666667 0.4640625 0.8625 0.490625 0.8625
0 0.53984375 0.7916666666666666 0.5125 0.7916666666666666 0.5125 0.8416666666666667 0.53984375 0.8416666666666667
0 0.58671875 0.7458333333333333 0.5578125 0.7458333333333333 0.5578125 0.8041666666666667 0.58671875 0.8041666666666667
0 0.70234375 0.7736111111111111 0.67734375 0.7736111111111111 0.67734375 0.8263888888888888 0.70234375 0.8263888888888888
0 0.7875 0.6361111111111113 0.75859375 0.6361111111111113 0.75859375 0.6986111111111113 0.7875 0.6986111111111113
0 0.8578125 0.6680555555555557 0.8265625 0.6680555555555557 0.8265625 0.7375000000000003 0.8578125 0.7375000000000003
0 0.82890625 0.651388888888889 0.8015625 0.651388888888889 0.8015625 0.7111111111111115 0.82890625 0.7111111111111115
0 0.7765625 0.7069444444444446 0.75 0.7069444444444446 0.75 0.7680555555555558 0.7765625 0.7680555555555558
0 0.490625 0.7763888888888889 0.4640625 0.7763888888888889 0.4640625 0.8305555555555556 0.490625 0.8305555555555556
