0 0.78828125 0.18611111111111128 0.7390625 0.18611111111111128 0.7390625 0.2708333333333335 0.78828125 0.2708333333333335
0 0.71796875 0.19722222222222238 0.67265625 0.19722222222222238 0.67265625 0.27916666666666684 0.71796875 0.27916666666666684
0 0.68984375 0.2763888888888891 0.646875 0.2763888888888891 0.646875 0.3680555555555557 0.68984375 0.3680555555555557
0 0.62421875 0.24861111111111128 0.57578125 0.24861111111111128 0.57578125 0.34027777777777796 0.62421875 0.34027777777777796
0 0.57421875 0.40000000000000013 0.5015625 0.40000000000000013 0.5015625 0.5527777777777779 0.57421875 0.5527777777777779
0 0.54765625 0.12222222222222234 0.5125 0.12222222222222234 0.5125 0.19722222222222235 0.54765625 0.19722222222222238
0 0.47265625 0.20555555555555563 0.4390625 0.20555555555555563 0.4390625 0.27916666666666673 0.47265625 0.27916666666666673
0 0.40390625 0.1736111111111112 0.371875 0.1736111111111112 0.371875 0.22916666666666674 0.40390625 0.22916666666666674
0 0.3921875 0.23333333333333342 0.353125 0.23333333333333342 0.353125 0.30416666666666675 0.3921875 0.30416666666666675
0 0.34765625 0.19027777777777785 0.32109375 0.19027777777777785 0.32109375 0.24305555555555564 0.34765625 0.24305555555555564
0 0.315625 0.20277777777777786 0.29140625 0.20277777777777786 0.29140625 0.2583333333333334 0.315625 0.2583333333333334
0 0.39921875 0.3347222222222223 0.35859375 0.3347222222222223 0.35859375 0.4125000000000001 0.39921875 0.41250000000000014
0 0.3296875 0.24305555555555564 0.30234375 0.24305555555555564 0.30234375 0.2986111111111112 0.3296875 0.2986111111111112
0 0.240625 0.2666666666666667 0.20703125 0.2666666666666667 0.20703125 0.3347222222222223 0.240625 0.3347222222222223
0 0.3125 0.2986111111111112 0.2796875 0.2986111111111112 0.2796875 0.37222222222222223 0.3125 0.37222222222222223
0 0.26015625 0.3152777777777779 0.22734375 0.3152777777777779 0.22734375 0.37916666666666665 0.26015625 0.37916666666666665
0 0.34921875 0.31666666666666676 0.31171875 0.31666666666666676 0.31171875 0.3958333333333333 0.34921875 0.3958333333333333
0 0.5 0.13333333333333344 0.4703125 0.13333333333333344 0.4703125 0.17500000000000013 0.5 0.17500000000000013
0 0.45703125 0.16944444444444454 0.425 0.16944444444444454 0.425 0.22777777777777786 0.45703125 0.22777777777777786
0 0.425 0.20277777777777786 0.390625 0.20277777777777786 0.390625 0.26944444444444454 0.425 0.26944444444444454
0 0.296875 0.24166666666666675 0.26640625 0.24166666666666675 0.26640625 0.301388888888889 0.296875 0.301388888888889
0 0.225 0.3972222222222222 0.18984375000000003 0.3972222222222222 0.18984375000000003 0.46805555555555556 0.225 0.46805555555555556
0 0.16171875000000005 0.37777777777777777 0.12343750000000005 0.37777777777777777 0.12343750000000005 0.45694444444444443 0.16171875000000005 0.45694444444444443
0 0.18828125000000004 0.3958333333333333 0.15546875000000004 0.3958333333333333 0.15546875000000004 0.4638888888888889 0.18828125000000004 0.4638888888888889
0 0.23203125 0.3222222222222223 0.2 0.3222222222222223 0.2 0.39166666666666666 0.23203125 0.39166666666666666
0 0.50546875 0.163888888888889 0.47421875 0.163888888888889 0.47421875 0.22638888888888897 0.50546875 0.22638888888888897
