0 0.81953125 0.4194444444444446 0.76875 0.4194444444444446 0.76875 0.5069444444444446 0.81953125 0.5069444444444446
0 0.76484375 0.3458333333333335 0.71875 0.3458333333333335 0.71875 0.4291666666666668 0.76484375 0.4291666666666668
0 0.69375 0.31388888888888905 0.6578125 0.31388888888888905 0.6578125 0.38888888888888906 0.69375 0.38888888888888906
0 0.721875 0.4069444444444446 0.67734375 0.4069444444444446 0.67734375 0.4944444444444446 0.721875 0.4944444444444446
0 0.6546875 0.3680555555555557 0.609375 0.3680555555555557 0.609375 0.45277777777777795 0.6546875 0.45277777777777795
0 0.578125 0.3958333333333335 0.5125 0.3958333333333335 0.5125 0.5388888888888891 0.578125 0.5388888888888891
0 0.625 0.17222222222222233 0.59140625 0.17222222222222233 0.59140625 0.23750000000000016 0.625 0.23750000000000016
0 0.584375 0.14722222222222234 0.55546875 0.14722222222222234 0.55546875 0.20138888888888903 0.584375 0.20138888888888903
0 0.5453125 0.18472222222222234 0.51640625 0.1847222222222223 0.51640625 0.2500000000000001 0.5453125 0.25000000000000017
0 0.5171875 0.13472222222222235 0.49296875 0.13472222222222235 0.49296875 0.18055555555555564 0.5171875 0.18055555555555564
0 0.48359375 0.1291666666666668 0.45625 0.1291666666666668 0.45625 0.17222222222222233 0.48359375 0.17222222222222233
0 0.44375 0.16388888888888897 0.4125 0.16388888888888897 0.4125 0.22777777777777786 0.44375 0.22777777777777786
0 0.42578125 0.09861111111111119 0.3984375 0.09861111111111119 0.3984375 0.15277777777777785 0.42578125 0.15277777777777785
0 0.39609375 0.06250000000000008 0.3703125 0.06250000000000008 0.3703125 0.11944444444444452 0.39609375 0.11944444444444452
0 0.4015625 0.19444444444444453 0.359375 0.19444444444444453 0.359375 0.2750000000000001 0.4015625 0.2750000000000001
0 0.3921875 0.12361111111111119 0.36328125 0.12361111111111119 0.36328125 0.18055555555555564 0.3921875 0.18055555555555564
0 0.31875 0.07500000000000007 0.28359375 0.07500000000000005 0.28359375 0.14583333333333343 0.31875 0.14583333333333343
0 0.37109375 0.15555555555555564 0.34296875 0.15555555555555564 0.34296875 0.2208333333333334 0.37109375 0.2208333333333334
0 0.31328125 0.13750000000000007 0.2796875 0.13750000000000007 0.2796875 0.20277777777777786 0.31328125 0.20277777777777786
0 0.27421875 0.10972222222222228 0.2484375 0.10972222222222226 0.2484375 0.1597222222222223 0.27421875 0.1597222222222223
0 0.5671875 0.19305555555555567 0.5375 0.19305555555555565 0.5375 0.25555555555555565 0.5671875 0.2555555555555557
0 0.5375 0.15416666666666679 0.50859375 0.15416666666666679 0.50859375 0.20833333333333343 0.5375 0.20833333333333343
0 0.48671875 0.15694444444444455 0.45078125 0.15694444444444453 0.45078125 0.2250000000000001 0.48671875 0.2250000000000001
0 0.359375 0.10000000000000007 0.32578125 0.10000000000000007 0.32578125 0.16805555555555562 0.359375 0.16805555555555562
0 0.2796875 0.1861111111111112 0.24296875 0.1861111111111112 0.24296875 0.2597222222222223 0.2796875 0.2597222222222223
0 0.22421875 0.12500000000000003 0.19140625 0.12500000000000003 0.19140625 0.18888888888888897 0.22421875 0.18888888888888897
0 0.24765625 0.15277777777777782 0.21328125 0.15277777777777782 0.21328125 0.2222222222222223 0.24765625 0.2222222222222223
