0 0.7953125 0.21527777777777793 0.74765625 0.21527777777777793 0.74765625 0.2958333333333335 0.7953125 0.2958333333333335
0 0.721875 0.1958333333333335 0.67890625 0.1958333333333335 0.67890625 0.27361111111111125 0.721875 0.27361111111111125
0 0.6671875 0.20833333333333348 0.6265625 0.20833333333333348 0.6265625 0.28750000000000014 0.6671875 0.28750000000000014
0 0.6890625 0.2847222222222224 0.6421875 0.2847222222222224 0.6421875 0.3791666666666668 0.6890625 0.3791666666666668
0 0.628125 0.2694444444444446 0.58671875 0.2694444444444446 0.58671875 0.35000000000000014 0.628125 0.35000000000000014
0 0.56875 0.4083333333333335 0.509375 0.4083333333333335 0.509375 0.5444444444444446 0.56875 0.5444444444444446
0 0.55390625 0.12361111111111123 0.52265625 0.12361111111111123 0.52265625 0.18611111111111123 0.55390625 0.18611111111111128
0 0.47734375 0.20416666666666675 0.4453125 0.20416666666666675 0.4453125 0.26944444444444454 0.47734375 0.26944444444444454
0 0.41015625 0.1736111111111112 0.38359375 0.1736111111111112 0.38359375 0.2208333333333334 0.41015625 0.2208333333333334
0 0.39140625 0.2250000000000001 0.3625 0.2250000000000001 0.3625 0.2861111111111112 0.39140625 0.2861111111111112
0 0.3546875 0.18055555555555564 0.3296875 0.18055555555555564 0.3296875 0.23194444444444454 0.3546875 0.23194444444444454
0 0.31875 0.17638888888888896 0.29609375 0.17638888888888896 0.29609375 0.23055555555555562 0.31875 0.23055555555555562
0 0.403125 0.31250000000000006 0.359375 0.31250000000000006 0.359375 0.4097222222222223 0.403125 0.4097222222222224
0 0.3375 0.22916666666666674 0.3109375 0.22916666666666674 0.3109375 0.28333333333333344 0.3375 0.28333333333333344
0 0.25 0.23750000000000007 0.21796875 0.23750000000000007 0.21796875 0.30416666666666675 0.25 0.30416666666666675
0 0.3203125 0.29027777777777786 0.290625 0.29027777777777786 0.290625 0.35555555555555557 0.3203125 0.35555555555555557
0 0.2765625 0.27777777777777785 0.2421875 0.27777777777777785 0.2421875 0.3472222222222223 0.2765625 0.3472222222222223
0 0.23671875 0.29166666666666674 0.2109375 0.29166666666666674 0.2109375 0.35277777777777786 0.23671875 0.35277777777777786
0 0.51328125 0.15972222222222235 0.48671875 0.15972222222222235 0.48671875 0.21944444444444453 0.51328125 0.21944444444444453
0 0.4625 0.163888888888889 0.4359375 0.16388888888888897 0.4359375 0.21388888888888896 0.4625 0.21388888888888896
0 0.4296875 0.2097222222222223 0.396875 0.2097222222222223 0.396875 0.2736111111111112 0.4296875 0.2736111111111112
0 0.2921875 0.23333333333333342 0.2609375 0.23333333333333342 0.2609375 0.2972222222222223 0.2921875 0.2972222222222223
0 0.22734375 0.3736111111111111 0.19375000000000003 0.3736111111111111 0.19375000000000003 0.44305555555555554 0.22734375 0.44305555555555554
0 0.16171875000000005 0.3472222222222222 0.13125000000000003 0.3472222222222222 0.13125000000000003 0.40694444444444444 0.16171875000000005 0.40694444444444444
0 0.19453125000000004 0.3597222222222222 0.16328125000000004 0.3597222222222222 0.16328125000000004 0.425 0.19453125000000004 0.425
