0 0.2328125 0.29027777777777786 0.190625 0.29027777777777786 0.19062500000000002 0.3611111111111111 0.2328125 0.3611111111111111
0 0.29453125 0.251388888888889 0.2625 0.251388888888889 0.2625 0.3375000000000001 0.29453125 0.3375000000000001
0 0.3421875 0.2611111111111112 0.30703125 0.2611111111111112 0.30703125 0.33194444444444454 0.3421875 0.33194444444444454
0 0.34296875 0.33194444444444454 0.30234375 0.33194444444444454 0.30234375 0.4166666666666667 0.34296875 0.4166666666666667
0 0.39765625 0.301388888888889 0.3609375 0.301388888888889 0.3609375 0.37361111111111117 0.39765625 0.3736111111111113
0 0.484375 0.42361111111111127 0.43515625 0.42361111111111127 0.43515625 0.5486111111111113 0.484375 0.5486111111111113
0 0.44921875 0.13888888888888898 0.421875 0.13888888888888898 0.421875 0.19444444444444453 0.44921875 0.19444444444444453
0 0.509375 0.20694444444444451 0.48125 0.20694444444444451 0.48125 0.2666666666666667 0.509375 0.2666666666666667
0 0.590625 0.15416666666666679 0.5671875 0.15416666666666679 0.5671875 0.19444444444444461 0.590625 0.19444444444444461
0 0.61875 0.19722222222222238 0.59453125 0.19722222222222238 0.59453125 0.25277777777777793 0.61875 0.25277777777777793
0 0.64453125 0.13611111111111124 0.62109375 0.13611111111111124 0.62109375 0.19166666666666682 0.64453125 0.19166666666666682
0 0.675 0.1430555555555557 0.65546875 0.1430555555555557 0.65546875 0.19166666666666682 0.675 0.19166666666666682
0 0.62578125 0.28888888888888903 0.58828125 0.28888888888888903 0.58828125 0.37777777777777793 0.62578125 0.37777777777777793
0 0.66640625 0.19027777777777793 0.64375 0.19027777777777793 0.64375 0.23888888888888904 0.66640625 0.23888888888888904
0 0.759375 0.17638888888888904 0.73203125 0.17638888888888904 0.73203125 0.23750000000000016 0.759375 0.23750000000000016
0 0.69140625 0.2458333333333335 0.66640625 0.2458333333333335 0.66640625 0.3055555555555557 0.69140625 0.3055555555555557
0 0.75625 0.2333333333333335 0.72578125 0.2333333333333335 0.72578125 0.2972222222222224 0.75625 0.2972222222222224
0 0.77109375 0.22777777777777794 0.74921875 0.22777777777777794 0.74921875 0.2833333333333335 0.77109375 0.2833333333333335
0 0.4875 0.16527777777777788 0.46484375 0.16527777777777788 0.46484375 0.2208333333333334 0.4875 0.2208333333333334
0 0.5375 0.15694444444444455 0.51484375 0.15694444444444455 0.51484375 0.20138888888888898 0.5375 0.20138888888888898
0 0.58046875 0.1930555555555557 0.5515625 0.1930555555555557 0.5515625 0.25138888888888905 0.58046875 0.25138888888888905
0 0.70703125 0.18055555555555572 0.68046875 0.18055555555555572 0.68046875 0.23888888888888904 0.70703125 0.23888888888888904
0 0.7890625 0.2972222222222224 0.76015625 0.2972222222222224 0.76015625 0.3597222222222224 0.7890625 0.3597222222222224
0 0.853125 0.2625000000000002 0.82734375 0.2625000000000002 0.82734375 0.3166666666666668 0.853125 0.3166666666666668
0 0.82265625 0.2833333333333335 0.79609375 0.2833333333333335 0.79609375 0.3430555555555557 0.82265625 0.3430555555555557
