0 0.79375 0.2069444444444446 0.7453125 0.2069444444444446 0.7453125 0.28888888888888903 0.79375 0.28888888888888903
0 0.7203125 0.18888888888888905 0.68125 0.18888888888888905 0.68125 0.2833333333333335 0.7203125 0.2833333333333335
0 0.67578125 0.2097222222222224 0.634375 0.2097222222222224 0.634375 0.2902777777777779 0.67578125 0.2902777777777779
0 0.68828125 0.27916666666666684 0.640625 0.27916666666666684 0.640625 0.37500000000000017 0.68828125 0.37500000000000017
0 0.6265625 0.26666666666666683 0.584375 0.26666666666666683 0.584375 0.3472222222222224 0.6265625 0.3472222222222224
0 0.56875 0.4069444444444446 0.50859375 0.4069444444444446 0.50859375 0.5444444444444446 0.56875 0.5444444444444446
0 0.55 0.12222222222222234 0.51875 0.12222222222222234 0.51875 0.18472222222222234 0.55 0.18472222222222237
0 0.49765625 0.20694444444444451 0.465625 0.20694444444444451 0.465625 0.2722222222222223 0.49765625 0.2722222222222223
0 0.40703125 0.17777777777777787 0.38046875 0.17777777777777787 0.38046875 0.2250000000000001 0.40703125 0.2250000000000001
0 0.38515625 0.22638888888888897 0.35625 0.22638888888888897 0.35625 0.288888888888889 0.38515625 0.288888888888889
0 0.35390625 0.17500000000000007 0.32578125 0.17500000000000007 0.32578125 0.2361111111111112 0.35390625 0.2361111111111112
0 0.31953125 0.19027777777777785 0.29609375 0.19027777777777785 0.29609375 0.24444444444444452 0.31953125 0.24444444444444452
0 0.40234375 0.31666666666666676 0.3578125 0.31666666666666676 0.3578125 0.413888888888889 0.40234375 0.41388888888888903
0 0.33515625 0.2347222222222223 0.30859375 0.2347222222222223 0.30859375 0.288888888888889 0.33515625 0.288888888888889
0 0.2484375 0.2458333333333334 0.215625 0.2458333333333334 0.215625 0.31250000000000006 0.2484375 0.31250000000000006
0 0.31875 0.2944444444444445 0.2890625 0.2944444444444445 0.2890625 0.3611111111111111 0.31875 0.3611111111111111
0 0.259375 0.3000000000000001 0.22421875 0.3000000000000001 0.22421875 0.37083333333333335 0.259375 0.37083333333333335
0 0.23515625 0.3000000000000001 0.20859375 0.3000000000000001 0.20859375 0.3611111111111111 0.23515625 0.3611111111111111
0 0.51015625 0.15972222222222235 0.4828125 0.15972222222222235 0.4828125 0.2208333333333334 0.51015625 0.2208333333333334
0 0.459375 0.16527777777777788 0.4328125 0.16527777777777786 0.4328125 0.21666666666666676 0.459375 0.21666666666666676
0 0.42734375 0.21250000000000008 0.39375 0.21250000000000008 0.39375 0.27777777777777785 0.42734375 0.27777777777777785
0 0.29921875 0.2347222222222223 0.26796875 0.2347222222222223 0.26796875 0.3000000000000001 0.29921875 0.3000000000000001
0 0.23046875 0.37222222222222223 0.19687500000000005 0.37222222222222223 0.19687500000000005 0.44166666666666665 0.23046875 0.44166666666666665
0 0.16093750000000004 0.35694444444444445 0.13046875000000005 0.35694444444444445 0.13046875000000005 0.41805555555555557 0.16093750000000004 0.41805555555555557
0 0.19453125000000004 0.3680555555555556 0.16250000000000003 0.3680555555555556 0.16250000000000003 0.43472222222222223 0.19453125000000004 0.43472222222222223
