0 0.26640625 0.17222222222222225 0.21640625 0.17222222222222225 0.21640625 0.2583333333333334 0.26640625 0.2583333333333334
0 0.33125 0.1625000000000001 0.2890625 0.1625000000000001 0.2890625 0.2597222222222223 0.33125 0.2597222222222223
0 0.37734375 0.19027777777777785 0.33359375 0.19027777777777785 0.33359375 0.2750000000000001 0.37734375 0.2750000000000001
0 0.36875 0.25694444444444453 0.31875 0.25694444444444453 0.31875 0.3569444444444445 0.36875 0.3569444444444446
0 0.425 0.251388888888889 0.38046875 0.251388888888889 0.38046875 0.3361111111111112 0.425 0.3361111111111112
0 0.49453125 0.40000000000000013 0.43046875 0.40000000000000013 0.43046875 0.5416666666666669 0.49453125 0.5416666666666669
0 0.49609375 0.11805555555555568 0.4625 0.11805555555555568 0.4625 0.1833333333333334 0.49609375 0.1833333333333334
0 0.54609375 0.20833333333333345 0.51171875 0.20833333333333343 0.51171875 0.276388888888889 0.54609375 0.2763888888888891
0 0.63203125 0.19027777777777793 0.60390625 0.19027777777777793 0.60390625 0.24027777777777792 0.63203125 0.24027777777777792
0 0.6546875 0.24305555555555572 0.6234375 0.24305555555555572 0.6234375 0.3069444444444446 0.6546875 0.3069444444444446
0 0.68671875 0.19444444444444461 0.65703125 0.19444444444444461 0.65703125 0.25833333333333347 0.68671875 0.25833333333333347
0 0.715625 0.21388888888888904 0.690625 0.21388888888888904 0.690625 0.2694444444444446 0.715625 0.2694444444444446
0 0.64921875 0.3305555555555557 0.60234375 0.3305555555555557 0.60234375 0.4319444444444446 0.64921875 0.4319444444444446
0 0.7015625 0.2555555555555557 0.6734375 0.2555555555555557 0.6734375 0.31250000000000017 0.7015625 0.31250000000000017
0 0.79375 0.27777777777777796 0.759375 0.27777777777777796 0.759375 0.3472222222222224 0.79375 0.3472222222222224
0 0.71875 0.3194444444444446 0.68671875 0.3194444444444446 0.68671875 0.3875000000000002 0.71875 0.3875000000000002
0 0.78359375 0.3305555555555557 0.74609375 0.3305555555555557 0.74609375 0.40416666666666684 0.78359375 0.40416666666666684
0 0.7984375 0.33472222222222237 0.7703125 0.33472222222222237 0.7703125 0.39722222222222237 0.7984375 0.39722222222222237
0 0.53046875 0.15972222222222235 0.5015625 0.15972222222222235 0.5015625 0.2222222222222223 0.53046875 0.2222222222222223
0 0.58046875 0.17222222222222233 0.55234375 0.17222222222222233 0.55234375 0.22500000000000014 0.58046875 0.22500000000000014
0 0.6171875 0.22222222222222238 0.58203125 0.22222222222222238 0.58203125 0.2902777777777779 0.6171875 0.2902777777777779
0 0.7421875 0.2611111111111113 0.70859375 0.2611111111111113 0.70859375 0.32777777777777795 0.7421875 0.32777777777777795
0 0.80703125 0.4069444444444446 0.77109375 0.4069444444444446 0.77109375 0.47916666666666685 0.80703125 0.47916666666666685
0 0.87421875 0.40000000000000013 0.8421875 0.40000000000000013 0.8421875 0.4638888888888891 0.87421875 0.4638888888888891
0 0.8421875 0.4069444444444446 0.80859375 0.4069444444444446 0.80859375 0.47638888888888903 0.8421875 0.47638888888888903
