0 0.809375 0.2902777777777779 0.7671875 0.2902777777777779 0.7671875 0.36111111111111127 0.809375 0.36111111111111127
0 0.7375 0.25138888888888905 0.70546875 0.25138888888888905 0.70546875 0.33750000000000013 0.7375 0.33750000000000013
0 0.69375 0.2611111111111113 0.6578125 0.2611111111111113 0.6578125 0.3333333333333335 0.69375 0.3333333333333335
0 0.69765625 0.3319444444444446 0.65703125 0.3319444444444446 0.65703125 0.41805555555555574 0.69765625 0.41805555555555574
0 0.6390625 0.30138888888888904 0.60234375 0.30138888888888904 0.60234375 0.3736111111111113 0.6390625 0.3736111111111113
0 0.565625 0.42361111111111127 0.515625 0.42361111111111127 0.515625 0.5486111111111113 0.565625 0.5486111111111113
0 0.578125 0.1402777777777779 0.55078125 0.1402777777777779 0.55078125 0.1958333333333335 0.578125 0.1958333333333335
0 0.51875 0.20833333333333343 0.49140625 0.20833333333333343 0.49140625 0.2666666666666667 0.51875 0.2666666666666667
0 0.4328125 0.15416666666666676 0.409375 0.15416666666666676 0.409375 0.19583333333333341 0.4328125 0.19583333333333341
0 0.40546875 0.1972222222222223 0.38125 0.1972222222222223 0.38125 0.2527777777777779 0.40546875 0.2527777777777779
0 0.3796875 0.13611111111111118 0.35625 0.13611111111111118 0.35625 0.19166666666666674 0.3796875 0.19166666666666674
0 0.34453125 0.14305555555555563 0.325 0.14305555555555563 0.325 0.19305555555555565 0.34453125 0.19305555555555565
0 0.41171875 0.288888888888889 0.375 0.288888888888889 0.375 0.37777777777777793 0.41171875 0.37777777777777793
0 0.35625 0.19027777777777785 0.33359375 0.19027777777777785 0.33359375 0.23888888888888896 0.35625 0.23888888888888896
0 0.26796875 0.17777777777777787 0.240625 0.17777777777777787 0.240625 0.23750000000000007 0.26796875 0.23750000000000007
0 0.334375 0.2458333333333334 0.309375 0.2458333333333334 0.309375 0.30555555555555564 0.334375 0.30555555555555564
0 0.27421875 0.2347222222222223 0.24453125 0.2347222222222223 0.24453125 0.2972222222222223 0.27421875 0.2972222222222223
0 0.25078125 0.22777777777777786 0.22890625 0.22777777777777786 0.22890625 0.28333333333333344 0.25078125 0.28333333333333344
0 0.53515625 0.16527777777777788 0.5125 0.16527777777777788 0.5125 0.2208333333333334 0.53515625 0.2208333333333334
0 0.4859375 0.15694444444444455 0.4625 0.15694444444444455 0.4625 0.20138888888888898 0.4859375 0.20138888888888898
0 0.4484375 0.19305555555555565 0.41953125 0.19305555555555565 0.41953125 0.251388888888889 0.4484375 0.251388888888889
0 0.31953125 0.18055555555555564 0.29296875 0.18055555555555564 0.29296875 0.23888888888888896 0.31953125 0.23888888888888896
0 0.23984375 0.2972222222222223 0.2109375 0.2972222222222223 0.2109375 0.3597222222222222 0.23984375 0.3597222222222222
0 0.1734375 0.2638888888888889 0.146875 0.2638888888888889 0.146875 0.31805555555555554 0.1734375 0.31805555555555554
0 0.2046875 0.2833333333333334 0.17734375 0.2833333333333333 0.17734375000000002 0.3430555555555556 0.2046875 0.3430555555555556
