0 0.2328125 0.29027777777777786 0.190625 0.29027777777777786 0.19062500000000002 0.3611111111111111 0.2328125 0.3611111111111111
0 0.3046875 0.2611111111111112 0.271875 0.2611111111111112 0.271875 0.3472222222222223 0.3046875 0.3472222222222223
0 0.34296875 0.2527777777777779 0.30703125 0.2527777777777779 0.30703125 0.32500000000000007 0.34296875 0.32500000000000007
0 0.33984375 0.3291666666666667 0.3 0.3291666666666667 0.3 0.41388888888888886 0.33984375 0.41388888888888886
0 0.39765625 0.301388888888889 0.3609375 0.301388888888889 0.3609375 0.37361111111111117 0.39765625 0.3736111111111113
0 0.484375 0.42361111111111127 0.43515625 0.42361111111111127 0.43515625 0.5486111111111113 0.484375 0.5486111111111113
0 0.44921875 0.13888888888888898 0.421875 0.13888888888888898 0.421875 0.19444444444444453 0.44921875 0.19444444444444453
0 0.5625 0.22083333333333346 0.53125 0.2208333333333334 0.53125 0.3000000000000001 0.5625 0.30000000000000016
0 0.590625 0.14444444444444457 0.56328125 0.14444444444444457 0.56328125 0.19444444444444461 0.590625 0.19444444444444461
0 0.62578125 0.2055555555555557 0.596875 0.2055555555555557 0.596875 0.2708333333333335 0.62578125 0.2708333333333335
0 0.64453125 0.13611111111111124 0.62109375 0.13611111111111124 0.62109375 0.19166666666666682 0.64453125 0.19166666666666682
0 0.675 0.1430555555555557 0.65546875 0.1430555555555557 0.65546875 0.19166666666666682 0.675 0.19166666666666682
0 0.621875 0.27777777777777796 0.58515625 0.27777777777777796 0.58515625 0.3666666666666668 0.621875 0.3666666666666668
0 0.66640625 0.19166666666666682 0.64375 0.19166666666666682 0.64375 0.24027777777777792 0.66640625 0.24027777777777792
0 0.7640625 0.17638888888888904 0.73671875 0.17638888888888904 0.73671875 0.23750000000000016 0.7640625 0.23750000000000016
0 0.69140625 0.2458333333333335 0.66640625 0.2458333333333335 0.66640625 0.3069444444444446 0.69140625 0.3069444444444446
0 0.75625 0.2333333333333335 0.72578125 0.2333333333333335 0.72578125 0.2972222222222224 0.75625 0.2972222222222224
0 0.77734375 0.2305555555555557 0.74921875 0.2305555555555557 0.74921875 0.2833333333333335 0.77734375 0.2833333333333335
0 0.4953125 0.16805555555555568 0.4671875 0.16805555555555568 0.4671875 0.23055555555555562 0.4953125 0.23055555555555562
0 0.5390625 0.15416666666666679 0.5125 0.15416666666666679 0.5125 0.20833333333333343 0.5390625 0.20833333333333343
0 0.58046875 0.1930555555555557 0.5515625 0.1930555555555557 0.5515625 0.25138888888888905 0.58046875 0.25138888888888905
0 0.6921875 0.1819444444444446 0.665625 0.1819444444444446 0.665625 0.23888888888888904 0.6921875 0.23888888888888904
0 0.79296875 0.2972222222222224 0.76015625 0.2972222222222224 0.76015625 0.3694444444444446 0.79296875 0.3694444444444446
0 0.853125 0.2625000000000002 0.82734375 0.2625000000000002 0.82734375 0.3166666666666668 0.853125 0.3166666666666668
0 0.82265625 0.2833333333333335 0.79609375 0.2833333333333335 0.79609375 0.3430555555555557 0.82265625 0.3430555555555557
