0 0.22656250000000006 0.5805555555555556 0.18046875000000004 0.5805555555555556 0.18046875000000004 0.6597222222222222 0.22656250000000008 0.6597222222222222
0 0.29609375000000004 0.6097222222222223 0.259375 0.6097222222222223 0.259375 0.7013888888888888 0.2960937500000001 0.7013888888888888
0 0.33359375 0.6388888888888888 0.29375 0.6388888888888888 0.29375000000000007 0.7166666666666667 0.3335937500000001 0.7166666666666667
0 0.3359375 0.5486111111111112 0.290625 0.5486111111111112 0.290625 0.6416666666666667 0.3359375 0.6416666666666667
0 0.39062500000000006 0.6000000000000001 0.35 0.6 0.35000000000000003 0.6777777777777778 0.3906250000000001 0.6777777777777779
0 0.4875 0.44027777777777793 0.43046875 0.44027777777777793 0.43046875 0.5736111111111113 0.4875 0.5736111111111113
0 0.43203125 0.7888888888888889 0.4015625 0.7888888888888889 0.4015625 0.85 0.43203125 0.85
0 0.55078125 0.7055555555555557 0.51484375 0.7055555555555557 0.51484375 0.7888888888888889 0.55078125 0.7888888888888889
0 0.57265625 0.8152777777777778 0.5421875 0.8152777777777778 0.5421875 0.8708333333333333 0.57265625 0.8708333333333333
0 0.61171875 0.7472222222222222 0.57890625 0.7472222222222222 0.57890625 0.8166666666666667 0.61171875 0.8166666666666667
0 0.62578125 0.8291666666666667 0.59921875 0.8291666666666667 0.59921875 0.8888888888888888 0.62578125 0.8888888888888888
0 0.65546875 0.8361111111111111 0.63359375 0.8361111111111111 0.63359375 0.8888888888888888 0.65546875 0.8888888888888888
0 0.6140625 0.6500000000000001 0.571875 0.6500000000000001 0.571875 0.7444444444444445 0.6140625 0.7444444444444445
0 0.65 0.7861111111111111 0.62421875 0.7861111111111111 0.62421875 0.8388888888888889 0.65 0.8388888888888889
0 0.74765625 0.8055555555555557 0.71640625 0.8055555555555556 0.71640625 0.8708333333333335 0.74765625 0.8708333333333337
0 0.67890625 0.7236111111111111 0.65078125 0.7236111111111111 0.65078125 0.7875 0.67890625 0.7875
0 0.74296875 0.7444444444444446 0.709375 0.7444444444444445 0.709375 0.8125000000000001 0.74296875 0.8125000000000003
0 0.76328125 0.7625000000000003 0.7328125 0.7625000000000003 0.7328125 0.8208333333333336 0.76328125 0.8208333333333336
0 0.47890625 0.7625 0.44765625 0.7625 0.44765625 0.8305555555555556 0.47890625 0.8305555555555556
0 0.521875 0.7930555555555555 0.4921875 0.7930555555555555 0.4921875 0.8513888888888889 0.521875 0.8513888888888889
0 0.565625 0.7569444444444444 0.53359375 0.7569444444444444 0.53359375 0.8194444444444444 0.565625 0.8194444444444444
0 0.67578125 0.7902777777777777 0.64609375 0.7902777777777777 0.64609375 0.8527777777777777 0.67578125 0.8527777777777777
0 0.78359375 0.6791666666666668 0.746875 0.6791666666666668 0.746875 0.7569444444444448 0.78359375 0.7569444444444448
0 0.840625 0.7430555555555559 0.81171875 0.7430555555555559 0.81171875 0.8013888888888892 0.840625 0.8013888888888892
0 0.8125 0.7111111111111115 0.78203125 0.7111111111111115 0.78203125 0.7750000000000004 0.8125 0.7750000000000004
