0 0.78671875 0.7361111111111114 0.73671875 0.7361111111111114 0.73671875 0.8208333333333336 0.78671875 0.8208333333333336
0 0.70859375 0.7236111111111111 0.6671875 0.7236111111111111 0.6671875 0.8194444444444444 0.70859375 0.8194444444444444
0 0.66796875 0.7291666666666666 0.625 0.7291666666666666 0.625 0.8125 0.66796875 0.8125
0 0.69609375 0.6555555555555557 0.646875 0.6555555555555557 0.646875 0.7541666666666667 0.69609375 0.7541666666666667
0 0.62109375 0.6625000000000002 0.57734375 0.6625000000000002 0.57734375 0.7458333333333333 0.62109375 0.7458333333333333
0 0.57421875 0.46250000000000013 0.5109375 0.46250000000000013 0.5109375 0.602777777777778 0.57421875 0.602777777777778
0 0.540625 0.8125 0.5078125 0.8125 0.5078125 0.8763888888888889 0.540625 0.8763888888888889
0 0.4671875 0.6986111111111113 0.42734375 0.6986111111111113 0.42734375 0.7875 0.4671875 0.7875
0 0.403125 0.7652777777777777 0.3703125000000001 0.7652777777777777 0.3703125000000001 0.825 0.403125 0.825
0 0.3789062500000001 0.6791666666666667 0.3429687500000001 0.6791666666666667 0.3429687500000001 0.7527777777777778 0.3789062500000001 0.7527777777777778
0 0.3460937500000001 0.7486111111111111 0.3164062500000001 0.7486111111111111 0.3164062500000001 0.8125 0.3460937500000001 0.8125
0 0.3125000000000001 0.7375 0.2875000000000001 0.7375 0.2875000000000001 0.7930555555555555 0.3125000000000001 0.7930555555555555
0 0.40390625 0.5875000000000001 0.3578125 0.5875 0.35781250000000003 0.6875000000000001 0.40390625 0.6875000000000001
0 0.2375000000000001 0.6597222222222222 0.2039062500000001 0.6597222222222222 0.2039062500000001 0.7291666666666666 0.2375000000000001 0.7291666666666666
0 0.31484375000000003 0.6194444444444445 0.28359375 0.6194444444444445 0.28359375000000003 0.6875 0.3148437500000001 0.6875
0 0.25546875 0.6041666666666666 0.21875 0.6041666666666666 0.21875000000000006 0.6763888888888889 0.2554687500000001 0.6763888888888889
0 0.23046875000000006 0.6097222222222223 0.19765625000000003 0.6097222222222223 0.19765625000000003 0.6722222222222223 0.23046875000000008 0.6722222222222223
0 0.50703125 0.7736111111111111 0.47265625 0.7736111111111111 0.47265625 0.8444444444444444 0.50703125 0.8444444444444444
0 0.45390625 0.7708333333333334 0.421875 0.7708333333333334 0.421875 0.8333333333333334 0.45390625 0.8333333333333334
0 0.4265625 0.7166666666666667 0.39140625000000007 0.7166666666666667 0.39140625000000007 0.7833333333333333 0.4265625 0.7833333333333333
0 0.3320312500000001 0.6833333333333333 0.2992187500000001 0.6833333333333333 0.2992187500000001 0.75 0.3320312500000001 0.75
0 0.2296875 0.5291666666666667 0.18906250000000005 0.5291666666666667 0.18906250000000005 0.6111111111111112 0.2296875 0.6111111111111112
0 0.15937500000000004 0.55 0.12500000000000006 0.55 0.12500000000000006 0.6208333333333333 0.15937500000000004 0.6208333333333333
0 0.19218750000000004 0.5347222222222222 0.15859375000000003 0.5347222222222222 0.15859375000000003 0.6027777777777777 0.19218750000000004 0.6027777777777777
