0 0.259375 0.17916666666666675 0.209375 0.17916666666666675 0.209375 0.26527777777777783 0.259375 0.26527777777777783
0 0.334375 0.19583333333333341 0.29765625 0.19583333333333341 0.29765625 0.2736111111111112 0.334375 0.2736111111111112
0 0.3875 0.1833333333333334 0.34375 0.1833333333333334 0.34375 0.26805555555555566 0.3875 0.26805555555555566
0 0.35546875 0.24027777777777787 0.30546875 0.24027777777777787 0.30546875 0.34027777777777785 0.35546875 0.34027777777777785
0 0.43125 0.2472222222222223 0.38046875 0.2472222222222223 0.38046875 0.34583333333333344 0.43125 0.34583333333333344
0 0.49765625 0.40416666666666684 0.43359375 0.40416666666666684 0.43359375 0.5458333333333335 0.49765625 0.5458333333333335
0 0.49765625 0.11250000000000011 0.4640625 0.11250000000000011 0.4640625 0.17777777777777787 0.49765625 0.17777777777777787
0 0.571875 0.21388888888888902 0.53125 0.21388888888888896 0.53125 0.3027777777777779 0.571875 0.3027777777777779
0 0.6296875 0.17777777777777792 0.596875 0.17777777777777792 0.596875 0.23750000000000016 0.6296875 0.23750000000000016
0 0.66171875 0.26527777777777795 0.625 0.26527777777777795 0.625 0.34027777777777796 0.66171875 0.34027777777777796
0 0.68671875 0.19444444444444461 0.65703125 0.19444444444444461 0.65703125 0.25833333333333347 0.68671875 0.25833333333333347
0 0.71328125 0.21250000000000016 0.68828125 0.21250000000000016 0.68828125 0.2680555555555557 0.71328125 0.2680555555555557
0 0.6421875 0.32916666666666683 0.5953125 0.32916666666666683 0.5953125 0.4305555555555557 0.6421875 0.4305555555555557
0 0.79609375 0.27500000000000013 0.76171875 0.27500000000000013 0.76171875 0.3444444444444446 0.79609375 0.3444444444444446
0 0.7234375 0.3083333333333335 0.68828125 0.3083333333333335 0.68828125 0.3791666666666668 0.7234375 0.3791666666666668
0 0.7625 0.3069444444444446 0.725 0.3069444444444446 0.725 0.3805555555555557 0.7625 0.3805555555555557
0 0.80390625 0.33750000000000013 0.7703125 0.33750000000000013 0.7703125 0.40000000000000013 0.80390625 0.40000000000000013
0 0.528125 0.15833333333333346 0.49296875 0.15833333333333346 0.49296875 0.23055555555555562 0.528125 0.23055555555555562
0 0.58203125 0.16944444444444456 0.54921875 0.16944444444444456 0.54921875 0.2319444444444446 0.58203125 0.2319444444444446
0 0.62421875 0.2194444444444446 0.57109375 0.2194444444444446 0.57109375 0.3319444444444446 0.62421875 0.3319444444444446
0 0.54453125 0.126388888888889 0.51640625 0.126388888888889 0.51640625 0.1902777777777779 0.54453125 0.19027777777777793
0 0.80546875 0.3958333333333335 0.76484375 0.3958333333333335 0.76484375 0.47916666666666685 0.80546875 0.47916666666666685
0 0.87578125 0.3958333333333335 0.840625 0.3958333333333335 0.840625 0.46666666666666684 0.87578125 0.46666666666666684
0 0.8421875 0.4069444444444446 0.80859375 0.4069444444444446 0.80859375 0.47638888888888903 0.8421875 0.47638888888888903
0 0.6890625 0.3180555555555557 0.65546875 0.3180555555555557 0.65546875 0.38472222222222235 0.6890625 0.38472222222222235