0 0.79140625 0.17916666666666684 0.74140625 0.17916666666666684 0.74140625 0.26527777777777795 0.79140625 0.26527777777777795
0 0.703125 0.1958333333333335 0.66640625 0.1958333333333335 0.66640625 0.27361111111111125 0.703125 0.27361111111111125
0 0.65703125 0.1833333333333335 0.61328125 0.1833333333333335 0.61328125 0.2680555555555557 0.65703125 0.2680555555555557
0 0.69453125 0.24027777777777792 0.64453125 0.24027777777777792 0.64453125 0.34027777777777796 0.69453125 0.34027777777777796
0 0.6203125 0.24722222222222237 0.56953125 0.24722222222222237 0.56953125 0.3458333333333335 0.6203125 0.3458333333333335
0 0.5671875 0.40416666666666684 0.503125 0.40416666666666684 0.503125 0.5458333333333335 0.5671875 0.5458333333333335
0 0.53671875 0.11250000000000011 0.503125 0.11250000000000011 0.503125 0.17777777777777787 0.53671875 0.17777777777777787
0 0.46953125 0.21388888888888896 0.42890625 0.21388888888888896 0.42890625 0.30277777777777787 0.46953125 0.30277777777777787
0 0.40390625 0.17777777777777787 0.37109375 0.17777777777777787 0.37109375 0.23750000000000007 0.40390625 0.23750000000000007
0 0.375 0.26527777777777783 0.33828125 0.26527777777777783 0.33828125 0.34027777777777785 0.375 0.34027777777777785
0 0.34375 0.19444444444444453 0.3140625 0.19444444444444453 0.3140625 0.2583333333333334 0.34375 0.2583333333333334
0 0.31171875 0.21250000000000008 0.28671875 0.21250000000000008 0.28671875 0.26805555555555566 0.31171875 0.26805555555555566
0 0.40546875 0.3291666666666667 0.35859375 0.3291666666666667 0.35859375 0.43055555555555564 0.40546875 0.4305555555555557
0 0.23828125 0.2750000000000001 0.20390625 0.2750000000000001 0.20390625 0.3444444444444445 0.23828125 0.3444444444444445
0 0.3125 0.3083333333333334 0.27734375 0.3083333333333334 0.27734375 0.37916666666666665 0.3125 0.37916666666666665
0 0.275 0.3069444444444445 0.2375 0.3069444444444445 0.2375 0.38055555555555554 0.275 0.38055555555555554
0 0.2296875 0.3375000000000001 0.19609375000000004 0.3375000000000001 0.19609375000000004 0.4 0.2296875 0.4
0 0.50703125 0.15833333333333346 0.471875 0.15833333333333346 0.471875 0.23055555555555562 0.50703125 0.23055555555555562
0 0.45078125 0.16944444444444454 0.41796875 0.16944444444444454 0.41796875 0.23194444444444454 0.45078125 0.23194444444444454
0 0.4296875 0.21944444444444453 0.3765625 0.21944444444444453 0.3765625 0.33194444444444454 0.4296875 0.33194444444444454
0 0.484375 0.126388888888889 0.45625 0.126388888888889 0.45625 0.19027777777777785 0.484375 0.19027777777777785
0 0.23515625 0.3958333333333333 0.19453125000000004 0.3958333333333333 0.19453125000000004 0.4791666666666667 0.23515625 0.4791666666666667
0 0.15937500000000004 0.3958333333333333 0.12421875000000004 0.3958333333333333 0.12421875000000004 0.4666666666666667 0.15937500000000004 0.4666666666666667
0 0.19218750000000004 0.40694444444444444 0.15859375000000003 0.40694444444444444 0.15859375000000003 0.47638888888888886 0.19218750000000004 0.47638888888888886
0 0.3453125 0.31805555555555565 0.31171875 0.31805555555555565 0.31171875 0.38472222222222224 0.3453125 0.38472222222222224