0 0.2234375 0.32500000000000007 0.17890625000000004 0.325 0.17890625000000004 0.4 0.2234375 0.4
0 0.296875 0.3000000000000001 0.26640625 0.3000000000000001 0.26640625 0.37083333333333335 0.296875 0.37083333333333335
0 0.346875 0.26388888888888895 0.309375 0.26388888888888895 0.309375 0.33888888888888896 0.346875 0.33888888888888896
0 0.32578125 0.3375000000000001 0.2828125 0.3375000000000001 0.2828125 0.4263888888888889 0.32578125 0.4263888888888889
0 0.39921875 0.3069444444444445 0.35546875 0.3069444444444445 0.35546875 0.39444444444444454 0.39921875 0.3944444444444446
0 0.48984375 0.4291666666666668 0.43671875 0.4291666666666668 0.43671875 0.5583333333333335 0.48984375 0.5583333333333335
0 0.440625 0.13888888888888898 0.41171875 0.13888888888888898 0.41171875 0.1972222222222223 0.440625 0.1972222222222223
0 0.52890625 0.20138888888888898 0.4953125 0.20138888888888898 0.4953125 0.28333333333333344 0.52890625 0.28333333333333344
0 0.578125 0.13750000000000012 0.54921875 0.13750000000000012 0.54921875 0.19027777777777793 0.578125 0.19027777777777793
0 0.62265625 0.2055555555555557 0.59140625 0.2055555555555557 0.59140625 0.27361111111111125 0.62265625 0.27361111111111125
0 0.63515625 0.12361111111111125 0.61015625 0.12361111111111123 0.61015625 0.1819444444444446 0.63515625 0.1819444444444446
0 0.66328125 0.12638888888888905 0.6421875 0.12638888888888905 0.6421875 0.17777777777777792 0.66328125 0.17777777777777792
0 0.61484375 0.2805555555555557 0.575 0.2805555555555557 0.575 0.3722222222222224 0.61484375 0.3722222222222224
0 0.753125 0.15000000000000016 0.72421875 0.15000000000000016 0.72421875 0.21250000000000016 0.753125 0.21250000000000016
0 0.68828125 0.2166666666666668 0.6578125 0.2166666666666668 0.6578125 0.2805555555555557 0.68828125 0.2805555555555557
0 0.7265625 0.19722222222222238 0.69453125 0.19722222222222238 0.69453125 0.2625000000000002 0.7265625 0.2625000000000002
0 0.7703125 0.2055555555555557 0.74140625 0.2055555555555557 0.74140625 0.2611111111111113 0.7703125 0.2611111111111113
0 0.47734375 0.16805555555555565 0.44765625 0.16805555555555562 0.44765625 0.23333333333333342 0.47734375 0.23333333333333342
0 0.53046875 0.15138888888888902 0.50234375 0.15138888888888902 0.50234375 0.20694444444444451 0.53046875 0.20694444444444451
0 0.58125 0.18472222222222234 0.53671875 0.1847222222222223 0.53671875 0.28750000000000014 0.58125 0.28750000000000014
0 0.4875 0.1277777777777779 0.4640625 0.1277777777777779 0.4640625 0.1861111111111112 0.4875 0.1861111111111112
0 0.78203125 0.2625000000000002 0.74765625 0.2625000000000002 0.74765625 0.33750000000000013 0.78203125 0.33750000000000013
0 0.8484375 0.22638888888888906 0.81875 0.22638888888888906 0.81875 0.2902777777777779 0.8484375 0.2902777777777779
0 0.81796875 0.2541666666666668 0.7890625 0.2541666666666668 0.7890625 0.3166666666666668 0.81796875 0.3166666666666668
0 0.65625 0.24166666666666684 0.62734375 0.24166666666666684 0.62734375 0.3027777777777779 0.65625 0.3027777777777779