0 0.2421875 0.23333333333333342 0.1953125 0.23333333333333342 0.1953125 0.31250000000000006 0.2421875 0.31250000000000006
0 0.3171875 0.23333333333333342 0.284375 0.23333333333333342 0.284375 0.3069444444444445 0.3171875 0.3069444444444445
0 0.3703125 0.21250000000000008 0.3296875 0.21250000000000008 0.3296875 0.29166666666666674 0.3703125 0.29166666666666674
0 0.3421875 0.27638888888888896 0.29609375 0.27638888888888896 0.29609375 0.36944444444444446 0.3421875 0.36944444444444446
0 0.4171875 0.26944444444444454 0.3703125 0.26944444444444454 0.3703125 0.36111111111111127 0.4171875 0.36111111111111127
0 0.49296875 0.4152777777777779 0.43515625 0.4152777777777779 0.43515625 0.5500000000000002 0.49296875 0.5500000000000002
0 0.475 0.12083333333333343 0.44453125 0.12083333333333342 0.44453125 0.18194444444444452 0.475 0.18194444444444452
0 0.55546875 0.20694444444444457 0.51875 0.20694444444444451 0.51875 0.2916666666666668 0.55546875 0.29166666666666685
0 0.6109375 0.16111111111111123 0.58046875 0.16111111111111123 0.58046875 0.2166666666666668 0.6109375 0.2166666666666668
0 0.64765625 0.24166666666666684 0.6140625 0.24166666666666684 0.6140625 0.31250000000000017 0.64765625 0.31250000000000017
0 0.66875 0.16527777777777794 0.64140625 0.16527777777777794 0.64140625 0.22500000000000014 0.66875 0.22500000000000014
0 0.69609375 0.17777777777777792 0.6734375 0.17777777777777792 0.6734375 0.2305555555555557 0.69609375 0.2305555555555557
0 0.63203125 0.3097222222222224 0.5890625 0.3097222222222224 0.5890625 0.4055555555555557 0.63203125 0.4055555555555557
0 0.78203125 0.22638888888888906 0.75078125 0.22638888888888906 0.75078125 0.29166666666666685 0.78203125 0.29166666666666685
0 0.71171875 0.27361111111111125 0.6796875 0.27361111111111125 0.6796875 0.34027777777777796 0.71171875 0.34027777777777796
0 0.75078125 0.26388888888888906 0.71640625 0.26388888888888906 0.71640625 0.3319444444444446 0.75078125 0.3319444444444446
0 0.79375 0.28750000000000014 0.7625 0.28750000000000014 0.7625 0.3458333333333335 0.79375 0.3458333333333335
0 0.50859375 0.15972222222222235 0.4765625 0.15972222222222235 0.4765625 0.22777777777777786 0.50859375 0.22777777777777786
0 0.5625 0.16111111111111123 0.5328125 0.16111111111111123 0.5328125 0.21944444444444455 0.5625 0.2194444444444446
0 0.6078125 0.2055555555555557 0.559375 0.2055555555555557 0.559375 0.31250000000000017 0.6078125 0.31250000000000017
0 0.52265625 0.12361111111111123 0.49765625 0.12361111111111123 0.49765625 0.1847222222222223 0.52265625 0.1847222222222223
0 0.79921875 0.3458333333333335 0.76171875 0.3458333333333335 0.76171875 0.42361111111111127 0.79921875 0.42361111111111127
0 0.86796875 0.3319444444444446 0.8359375 0.3319444444444446 0.8359375 0.40000000000000013 0.86796875 0.40000000000000013
0 0.8359375 0.35000000000000014 0.8046875 0.35000000000000014 0.8046875 0.4152777777777779 0.8359375 0.4152777777777779
0 0.67734375 0.28750000000000014 0.646875 0.28750000000000014 0.646875 0.35138888888888903 0.67734375 0.35138888888888903