0 0.81328125 0.6333333333333335 0.76953125 0.6333333333333335 0.76953125 0.7069444444444446 0.81328125 0.7069444444444446
0 0.725 0.6666666666666669 0.69765625 0.6666666666666669 0.69765625 0.7305555555555555 0.725 0.7305555555555555
0 0.68046875 0.6875000000000001 0.64375 0.6875000000000001 0.64375 0.7611111111111111 0.68046875 0.7611111111111111
0 0.7125 0.6069444444444446 0.6703125 0.6069444444444446 0.6703125 0.6944444444444446 0.7125 0.6944444444444446
0 0.63671875 0.6250000000000001 0.59375 0.6250000000000001 0.59375 0.7111111111111111 0.63671875 0.7111111111111111
0 0.56328125 0.4486111111111113 0.5109375 0.4486111111111113 0.5109375 0.5763888888888891 0.56328125 0.5763888888888891
0 0.571875 0.8138888888888889 0.54375 0.8138888888888889 0.54375 0.8708333333333333 0.571875 0.8708333333333333
0 0.496875 0.7361111111111112 0.4703125 0.7361111111111112 0.4703125 0.8097222222222222 0.496875 0.8097222222222222
0 0.434375 0.8 0.40625 0.8 0.40625 0.8513888888888889 0.434375 0.8513888888888889
0 0.3882812500000001 0.7097222222222223 0.3578125000000001 0.7097222222222223 0.3578125000000001 0.7763888888888889 0.3882812500000001 0.7763888888888889
0 0.3734375000000001 0.8 0.34843750000000007 0.8 0.34843750000000007 0.8569444444444444 0.3734375000000001 0.8569444444444444
0 0.3460937500000001 0.7916666666666666 0.3203125000000001 0.7916666666666666 0.3203125000000001 0.8472222222222222 0.3460937500000001 0.8472222222222222
0 0.421875 0.6388888888888891 0.38359375 0.6388888888888891 0.38359375000000007 0.7291666666666666 0.421875 0.7291666666666666
0 0.2609375000000001 0.75 0.23203125000000008 0.75 0.23203125000000008 0.8125 0.2609375000000001 0.8125
0 0.3304687500000001 0.6930555555555555 0.3007812500000001 0.6930555555555555 0.3007812500000001 0.7555555555555555 0.3304687500000001 0.7555555555555555
0 0.34453125000000007 0.7472222222222222 0.31718750000000007 0.7472222222222222 0.31718750000000007 0.7972222222222223 0.34453125000000007 0.7972222222222223
0 0.2390625000000001 0.6916666666666667 0.21093750000000008 0.6916666666666667 0.21093750000000008 0.7472222222222222 0.2390625000000001 0.7472222222222222
0 0.5375 0.7722222222222223 0.50859375 0.7722222222222223 0.50859375 0.8361111111111111 0.5375 0.8361111111111111
0 0.48203125 0.7888888888888889 0.4546875 0.7888888888888889 0.4546875 0.8444444444444444 0.48203125 0.8444444444444444
0 0.45078125 0.702777777777778 0.40703125 0.702777777777778 0.40703125 0.8041666666666667 0.45078125 0.8041666666666667
0 0.51875 0.8166666666666667 0.49609375 0.8166666666666667 0.49609375 0.875 0.51875 0.875
0 0.24375000000000005 0.6222222222222222 0.209375 0.6222222222222222 0.20937500000000003 0.6958333333333333 0.24375000000000008 0.6958333333333333
0 0.17031250000000003 0.6569444444444444 0.14140625000000004 0.6569444444444444 0.14140625000000004 0.7208333333333333 0.17031250000000003 0.7208333333333333
0 0.20156250000000003 0.6375 0.17343750000000005 0.6375 0.17343750000000005 0.6986111111111111 0.2015625000000001 0.6986111111111111
0 0.3609375000000001 0.6625 0.33281250000000007 0.6625 0.33281250000000007 0.7222222222222222 0.3609375000000001 0.7222222222222222
0 0.30156250000000007 0.7472222222222222 0.2750000000000001 0.7472222222222222 0.2750000000000001 0.7986111111111112 0.30156250000000007 0.7986111111111112
0 0.2671875000000001 0.6847222222222222 0.2406250000000001 0.6847222222222222 0.2406250000000001 0.7472222222222222 0.2671875000000001 0.7472222222222222