0 0.83125 0.4972222222222224 0.78125 0.4972222222222224 0.78125 0.5819444444444446 0.83125 0.5819444444444446
0 0.7484375 0.5666666666666669 0.715625 0.5666666666666669 0.715625 0.6375000000000002 0.7484375 0.6375000000000002
0 0.709375 0.6069444444444446 0.66640625 0.6069444444444446 0.66640625 0.690277777777778 0.709375 0.690277777777778
0 0.73125 0.5138888888888891 0.68203125 0.5138888888888891 0.68203125 0.6125000000000002 0.73125 0.6125000000000002
0 0.659375 0.565277777777778 0.609375 0.565277777777778 0.609375 0.6625000000000002 0.659375 0.6625000000000002
0 0.56875 0.42638888888888904 0.50546875 0.42638888888888904 0.50546875 0.5666666666666669 0.56875 0.5666666666666669
0 0.61875 0.775 0.5859375 0.775 0.5859375 0.8388888888888889 0.61875 0.8388888888888889
0 0.5375 0.7319444444444444 0.5046875 0.7319444444444444 0.5046875 0.8111111111111111 0.5375 0.8111111111111111
0 0.48359375 0.8208333333333333 0.45078125 0.8208333333333333 0.45078125 0.8805555555555555 0.48359375 0.8805555555555555
0 0.42734375 0.7541666666666667 0.39140625000000007 0.7541666666666667 0.39140625000000007 0.8277777777777777 0.42734375 0.8277777777777777
0 0.425 0.8458333333333333 0.39531250000000007 0.8458333333333333 0.39531250000000007 0.9097222222222222 0.425 0.9097222222222222
0 0.3968750000000001 0.85 0.3664062500000001 0.85 0.3664062500000001 0.9111111111111111 0.3968750000000001 0.9111111111111111
0 0.45390625 0.6708333333333335 0.4078125 0.6708333333333335 0.4078125 0.7708333333333334 0.45390625 0.7708333333333334
0 0.30937500000000007 0.8472222222222222 0.2757812500000001 0.8472222222222222 0.2757812500000001 0.9166666666666666 0.30937500000000007 0.9166666666666666
0 0.3687500000000001 0.7611111111111111 0.3335937500000001 0.7611111111111111 0.3335937500000001 0.8319444444444445 0.3687500000000001 0.8319444444444445
0 0.3890625000000001 0.8083333333333333 0.3570312500000001 0.8083333333333333 0.3570312500000001 0.8652777777777778 0.3890625000000001 0.8652777777777778
0 0.2796875000000001 0.8 0.2468750000000001 0.8 0.2468750000000001 0.8625 0.2796875000000001 0.8625
0 0.58046875 0.75 0.54609375 0.75 0.54609375 0.8208333333333333 0.58046875 0.8208333333333333
0 0.528125 0.7902777777777777 0.49609375 0.7902777777777777 0.49609375 0.8527777777777777 0.528125 0.8527777777777777
0 0.49140625 0.7222222222222222 0.4390625 0.7222222222222222 0.4390625 0.8333333333333334 0.49140625 0.8333333333333334
0 0.56796875 0.8013888888888889 0.540625 0.8013888888888889 0.540625 0.8638888888888889 0.56796875 0.8638888888888889
0 0.2765625000000001 0.7305555555555555 0.23593750000000008 0.7305555555555555 0.23593750000000008 0.8125 0.2765625000000001 0.8125
0 0.2093750000000001 0.7958333333333333 0.17500000000000004 0.7958333333333333 0.17500000000000004 0.8666666666666667 0.2093750000000001 0.8666666666666667
0 0.23593750000000008 0.7638888888888888 0.2023437500000001 0.7638888888888888 0.2023437500000001 0.8319444444444445 0.23593750000000008 0.8319444444444445
0 0.3937500000000001 0.7194444444444444 0.36015625000000007 0.7194444444444444 0.36015625000000007 0.7861111111111111 0.3937500000000001 0.7861111111111111
0 0.3468750000000001 0.8277777777777777 0.3164062500000001 0.8277777777777777 0.3164062500000001 0.8861111111111111 0.3468750000000001 0.8861111111111111
0 0.3070312500000001 0.7805555555555556 0.2750000000000001 0.7805555555555556 0.2750000000000001 0.8486111111111111 0.3070312500000001 0.8486111111111111