0 0.8328125 0.44583333333333347 0.78125 0.44583333333333347 0.78125 0.5333333333333334 0.8328125 0.5333333333333334
0 0.75234375 0.38472222222222235 0.71796875 0.38472222222222235 0.71796875 0.4569444444444446 0.75234375 0.4569444444444446
0 0.72890625 0.41388888888888903 0.67734375 0.41388888888888903 0.67734375 0.515277777777778 0.72890625 0.515277777777778
0 0.6640625 0.35000000000000014 0.61171875 0.35000000000000014 0.61171875 0.4500000000000002 0.6640625 0.4500000000000002
0 0.58359375 0.42638888888888904 0.5109375 0.42638888888888904 0.5109375 0.5680555555555558 0.58359375 0.5680555555555558
0 0.62890625 0.16944444444444456 0.59453125 0.16944444444444456 0.59453125 0.23611111111111127 0.62890625 0.23611111111111127
0 0.54296875 0.19166666666666674 0.50234375 0.19166666666666674 0.50234375 0.2708333333333334 0.54296875 0.2708333333333334
0 0.49453125 0.11666666666666678 0.4609375 0.11666666666666678 0.4609375 0.17777777777777787 0.49453125 0.17777777777777787
0 0.4375 0.16388888888888897 0.4 0.16388888888888897 0.4 0.24027777777777787 0.4375 0.24027777777777787
0 0.43671875 0.08194444444444453 0.40546875 0.08194444444444453 0.40546875 0.1472222222222223 0.43671875 0.1472222222222223
0 0.40625 0.07500000000000008 0.375 0.07500000000000008 0.375 0.13750000000000007 0.40625 0.13750000000000007
0 0.4546875 0.21944444444444453 0.40625 0.21944444444444453 0.40625 0.3222222222222223 0.4546875 0.3222222222222223
0 0.321875 0.06388888888888895 0.28671875 0.06388888888888895 0.28671875 0.1347222222222223 0.321875 0.1347222222222223
0 0.378125 0.15416666666666676 0.3421875 0.15416666666666676 0.3421875 0.22638888888888897 0.378125 0.22638888888888897
0 0.39921875 0.11944444444444452 0.36640625 0.11944444444444452 0.36640625 0.17916666666666675 0.39921875 0.17916666666666675
0 0.290625 0.11527777777777784 0.25625 0.11527777777777781 0.25625 0.17916666666666675 0.290625 0.17916666666666675
0 0.58984375 0.18472222222222237 0.55390625 0.18472222222222237 0.55390625 0.25833333333333347 0.58984375 0.25833333333333347
0 0.53828125 0.14861111111111122 0.5046875 0.14861111111111122 0.5046875 0.21250000000000008 0.53828125 0.21250000000000008
0 0.50078125 0.163888888888889 0.44609375 0.16388888888888897 0.44609375 0.27777777777777785 0.50078125 0.27777777777777785
0 0.57421875 0.15138888888888902 0.5453125 0.15138888888888902 0.5453125 0.21527777777777793 0.57421875 0.21527777777777793
0 0.2859375 0.16388888888888895 0.24375 0.16388888888888892 0.24375 0.2486111111111112 0.2859375 0.2486111111111112
0 0.2203125 0.1055555555555556 0.184375 0.1055555555555556 0.184375 0.17777777777777787 0.2203125 0.17777777777777787
0 0.24609375 0.1430555555555556 0.2109375 0.1430555555555556 0.2109375 0.21250000000000008 0.24609375 0.21250000000000008
0 0.40234375 0.20277777777777786 0.36796875 0.20277777777777786 0.36796875 0.2708333333333334 0.40234375 0.2708333333333334
0 0.37109375 0.09166666666666674 0.3390625 0.09166666666666674 0.3390625 0.15138888888888896 0.37109375 0.15138888888888896
0 0.3171875 0.13194444444444453 0.28359375 0.13194444444444453 0.28359375 0.20138888888888898 0.3171875 0.20138888888888898