0 0.82734375 0.5375000000000002 0.7796875 0.5375000000000002 0.7796875 0.6180555555555557 0.82734375 0.6180555555555557
0 0.74296875 0.5972222222222224 0.7125 0.5972222222222224 0.7125 0.665277777777778 0.74296875 0.665277777777778
0 0.72265625 0.5333333333333334 0.67578125 0.5333333333333334 0.67578125 0.627777777777778 0.72265625 0.627777777777778
0 0.653125 0.5833333333333335 0.60546875 0.5833333333333335 0.60546875 0.676388888888889 0.653125 0.676388888888889
0 0.56328125 0.42361111111111127 0.496875 0.42361111111111127 0.496875 0.5569444444444446 0.56328125 0.5569444444444446
0 0.60546875 0.7875 0.57421875 0.7875 0.57421875 0.85 0.60546875 0.85
0 0.53203125 0.7416666666666667 0.49453125 0.7416666666666667 0.49453125 0.8166666666666667 0.53203125 0.8166666666666667
0 0.46953125 0.8166666666666667 0.43828125 0.8166666666666667 0.43828125 0.8736111111111111 0.46953125 0.8736111111111111
0 0.415625 0.7430555555555556 0.3820312500000001 0.7430555555555556 0.3820312500000001 0.8138888888888889 0.415625 0.8138888888888889
0 0.409375 0.8347222222222223 0.3812500000000001 0.8347222222222223 0.3812500000000001 0.8958333333333334 0.409375 0.8958333333333334
0 0.3781250000000001 0.8388888888888889 0.3500000000000001 0.8388888888888889 0.3500000000000001 0.8972222222222223 0.3781250000000001 0.8972222222222223
0 0.43671875 0.6500000000000001 0.3929687500000001 0.6500000000000001 0.3929687500000001 0.7472222222222222 0.43671875 0.7472222222222222
0 0.29375000000000007 0.8222222222222222 0.2617187500000001 0.8222222222222222 0.2617187500000001 0.8888888888888888 0.29375000000000007 0.8888888888888888
0 0.35625000000000007 0.7277777777777777 0.3226562500000001 0.7277777777777777 0.3226562500000001 0.8111111111111111 0.35625000000000007 0.8111111111111111
0 0.3765625000000001 0.7958333333333333 0.3460937500000001 0.7958333333333333 0.3460937500000001 0.8513888888888889 0.3765625000000001 0.8513888888888889
0 0.26640625000000007 0.7708333333333334 0.2351562500000001 0.7708333333333334 0.2351562500000001 0.8305555555555556 0.26640625000000007 0.8305555555555556
0 0.5640625 0.7611111111111111 0.53125 0.7611111111111111 0.53125 0.8305555555555556 0.5640625 0.8305555555555556
0 0.51484375 0.7930555555555555 0.484375 0.7930555555555555 0.484375 0.8527777777777777 0.51484375 0.8527777777777777
0 0.47890625 0.7180555555555556 0.4296875 0.7180555555555556 0.4296875 0.8263888888888888 0.47890625 0.8263888888888888
0 0.55 0.7972222222222223 0.52421875 0.7972222222222223 0.52421875 0.8583333333333333 0.55 0.8583333333333333
0 0.2656250000000001 0.7013888888888888 0.2273437500000001 0.7013888888888888 0.2273437500000001 0.7805555555555556 0.2656250000000001 0.7805555555555556
0 0.19609375000000004 0.7583333333333333 0.16328125000000004 0.7583333333333333 0.16328125000000004 0.8263888888888888 0.19609375000000004 0.8263888888888888
0 0.22421875000000008 0.7291666666666666 0.19296875000000005 0.7291666666666666 0.19296875000000005 0.7944444444444444 0.22421875000000008 0.7944444444444444
0 0.38359375000000007 0.6916666666666668 0.3460937500000001 0.6916666666666667 0.3460937500000001 0.7694444444444445 0.38359375000000007 0.7694444444444445
0 0.34843750000000007 0.8013888888888889 0.31718750000000007 0.8013888888888889 0.31718750000000007 0.8680555555555556 0.34843750000000007 0.8680555555555556
0 0.29375000000000007 0.7555555555555555 0.2632812500000001 0.7555555555555555 0.2632812500000001 0.8222222222222222 0.29375000000000007 0.8222222222222222