0 0.2570312500000001 0.7236111111111111 0.20703125000000008 0.7236111111111111 0.20703125000000008 0.8097222222222222 0.2570312500000001 0.8097222222222222
0 0.3304687500000001 0.7319444444444444 0.2968750000000001 0.7319444444444444 0.2968750000000001 0.8027777777777778 0.3304687500000001 0.8027777777777778
0 0.3554687500000001 0.6513888888888889 0.30546875000000007 0.6513888888888889 0.30546875000000007 0.7513888888888889 0.3554687500000001 0.7513888888888889
0 0.43125 0.6541666666666668 0.3804687500000001 0.6541666666666668 0.3804687500000001 0.7527777777777778 0.43125 0.7527777777777778
0 0.50546875 0.43888888888888905 0.434375 0.43888888888888905 0.434375 0.5791666666666668 0.50546875 0.5791666666666668
0 0.49765625 0.8222222222222222 0.4640625 0.8222222222222222 0.4640625 0.8875 0.49765625 0.8875
0 0.5640625 0.7305555555555555 0.52421875 0.7305555555555555 0.52421875 0.8083333333333333 0.5640625 0.8083333333333333
0 0.6296875 0.7625 0.596875 0.7625 0.596875 0.8222222222222222 0.6296875 0.8222222222222222
0 0.66953125 0.6583333333333334 0.6328125 0.6583333333333334 0.6328125 0.7333333333333333 0.66953125 0.7333333333333333
0 0.68671875 0.7430555555555556 0.65703125 0.7430555555555556 0.65703125 0.8069444444444445 0.68671875 0.8069444444444445
0 0.71640625 0.725 0.6859375 0.725 0.6859375 0.7875 0.71640625 0.7875
0 0.64296875 0.5805555555555557 0.59609375 0.5805555555555557 0.59609375 0.6819444444444446 0.64296875 0.6819444444444446
0 0.79609375 0.6555555555555557 0.76171875 0.6555555555555557 0.76171875 0.7250000000000003 0.79609375 0.7250000000000003
0 0.72265625 0.6055555555555557 0.6859375 0.6055555555555557 0.6859375 0.6916666666666669 0.72265625 0.6916666666666669
0 0.71171875 0.6847222222222223 0.6796875 0.6847222222222223 0.6796875 0.7430555555555556 0.71171875 0.7430555555555556
0 0.81015625 0.5916666666666668 0.7765625 0.5916666666666668 0.7765625 0.6541666666666668 0.81015625 0.6541666666666668
0 0.5328125 0.7708333333333334 0.49765625 0.7708333333333334 0.49765625 0.8430555555555556 0.5328125 0.8430555555555556
0 0.58203125 0.7694444444444445 0.54921875 0.7694444444444445 0.54921875 0.8319444444444445 0.58203125 0.8319444444444445
0 0.62421875 0.6694444444444446 0.57109375 0.6694444444444446 0.57109375 0.7819444444444444 0.62421875 0.7819444444444444
0 0.54609375 0.7986111111111112 0.51796875 0.7986111111111112 0.51796875 0.8625 0.54609375 0.8625
0 0.80546875 0.5208333333333335 0.76484375 0.5208333333333335 0.76484375 0.6041666666666669 0.80546875 0.6041666666666669
0 0.87578125 0.5333333333333334 0.840625 0.5333333333333334 0.840625 0.6041666666666669 0.87578125 0.6041666666666669
0 0.8421875 0.5236111111111112 0.80859375 0.5236111111111112 0.80859375 0.5930555555555557 0.8421875 0.5930555555555557
0 0.69375 0.588888888888889 0.653125 0.588888888888889 0.653125 0.6708333333333335 0.69375 0.6708333333333335
0 0.740625 0.6708333333333335 0.70625 0.6708333333333335 0.70625 0.7416666666666668 0.740625 0.741666666666667
0 0.78125 0.5930555555555557 0.7484375 0.5930555555555557 0.7484375 0.6625000000000002 0.78125 0.6625000000000002