0 0.2421875 0.23888888888888896 0.19609375 0.23888888888888896 0.19609375 0.31666666666666676 0.2421875 0.31666666666666676
0 0.309375 0.25000000000000006 0.2765625 0.25000000000000006 0.2765625 0.3152777777777779 0.309375 0.3152777777777779
0 0.3390625 0.2972222222222223 0.29453125 0.2972222222222223 0.29453125 0.3888888888888889 0.3390625 0.3888888888888889
0 0.41328125 0.27638888888888896 0.36796875 0.27638888888888896 0.36796875 0.3666666666666668 0.41328125 0.3666666666666668
0 0.4953125 0.4277777777777779 0.43203125 0.4277777777777779 0.43203125 0.5555555555555557 0.4953125 0.5555555555555557
0 0.46796875 0.12361111111111121 0.43828125 0.12361111111111119 0.43828125 0.1833333333333334 0.46796875 0.1833333333333334
0 0.540625 0.18750000000000008 0.50546875 0.18750000000000008 0.50546875 0.2597222222222223 0.540625 0.2597222222222223
0 0.60390625 0.15555555555555567 0.57421875 0.15555555555555567 0.57421875 0.2097222222222224 0.60390625 0.2097222222222224
0 0.65078125 0.2347222222222224 0.61875 0.2347222222222224 0.61875 0.3041666666666668 0.65078125 0.3041666666666668
0 0.66171875 0.1569444444444446 0.63515625 0.1569444444444446 0.63515625 0.2166666666666668 0.66171875 0.2166666666666668
0 0.69296875 0.1680555555555557 0.665625 0.1680555555555557 0.665625 0.22500000000000014 0.69296875 0.22500000000000014
0 0.63203125 0.3027777777777779 0.590625 0.3027777777777779 0.590625 0.39722222222222237 0.63203125 0.39722222222222237
0 0.7765625 0.21111111111111128 0.74609375 0.21111111111111128 0.74609375 0.27500000000000013 0.7765625 0.27500000000000013
0 0.70625 0.2625000000000002 0.675 0.2625000000000002 0.675 0.3430555555555557 0.70625 0.3430555555555557
0 0.69140625 0.21388888888888904 0.6625 0.21388888888888904 0.6625 0.26666666666666683 0.69140625 0.26666666666666683
0 0.79609375 0.27777777777777796 0.76640625 0.27777777777777796 0.76640625 0.33472222222222237 0.79609375 0.33472222222222237
0 0.4984375 0.163888888888889 0.4671875 0.163888888888889 0.4671875 0.23055555555555562 0.4984375 0.23055555555555562
0 0.55625 0.15833333333333346 0.52734375 0.15833333333333346 0.52734375 0.2152777777777779 0.55625 0.21527777777777793
0 0.60234375 0.20138888888888903 0.55625 0.20138888888888903 0.55625 0.3055555555555557 0.60234375 0.3055555555555557
0 0.51796875 0.13611111111111124 0.49375 0.13611111111111124 0.49375 0.19583333333333341 0.51796875 0.19583333333333341
0 0.80625 0.3736111111111113 0.7703125 0.3736111111111113 0.7703125 0.4500000000000002 0.80625 0.4500000000000002
0 0.86484375 0.3111111111111113 0.834375 0.3111111111111113 0.834375 0.37638888888888905 0.86484375 0.37638888888888905
0 0.83203125 0.3305555555555557 0.80234375 0.3305555555555557 0.80234375 0.3944444444444446 0.83203125 0.3944444444444446
0 0.678125 0.28888888888888903 0.64296875 0.28888888888888903 0.64296875 0.36388888888888904 0.678125 0.36388888888888904
0 0.7203125 0.20833333333333348 0.690625 0.20833333333333348 0.690625 0.27361111111111125 0.7203125 0.27361111111111125
0 0.76640625 0.2763888888888891 0.7375 0.2763888888888891 0.7375 0.34027777777777796 0.76640625 0.34027777777777796