0 0.82421875 0.3944444444444446 0.7734375 0.3944444444444446 0.7734375 0.4930555555555557 0.82421875 0.4930555555555557
0 0.76015625 0.3694444444444446 0.71484375 0.3694444444444446 0.71484375 0.45277777777777795 0.76015625 0.45277777777777795
0 0.721875 0.4055555555555557 0.6703125 0.4055555555555557 0.6703125 0.5000000000000001 0.721875 0.5000000000000001
0 0.65546875 0.34861111111111126 0.6109375 0.34861111111111126 0.6109375 0.4333333333333335 0.65546875 0.4333333333333335
0 0.58125 0.4305555555555557 0.50859375 0.4305555555555557 0.50859375 0.565277777777778 0.58125 0.565277777777778
0 0.621875 0.16944444444444456 0.58828125 0.16944444444444456 0.58828125 0.2347222222222224 0.621875 0.2347222222222224
0 0.57109375 0.14722222222222234 0.5421875 0.14722222222222234 0.5421875 0.201388888888889 0.57109375 0.20138888888888903
0 0.5359375 0.19027777777777785 0.50703125 0.19027777777777785 0.50703125 0.25555555555555565 0.5359375 0.25555555555555565
0 0.4828125 0.11944444444444455 0.453125 0.11944444444444452 0.453125 0.17361111111111122 0.4828125 0.17361111111111122
0 0.4265625 0.17777777777777787 0.390625 0.17777777777777787 0.390625 0.2527777777777779 0.4265625 0.2527777777777779
0 0.428125 0.09722222222222231 0.40078125 0.09722222222222231 0.40078125 0.15000000000000008 0.428125 0.15000000000000008
0 0.396875 0.07916666666666675 0.371875 0.07916666666666675 0.371875 0.1347222222222223 0.396875 0.1347222222222223
0 0.446875 0.2472222222222223 0.39375 0.2472222222222223 0.39375 0.34583333333333344 0.446875 0.34583333333333344
0 0.38828125 0.12777777777777785 0.36015625 0.12777777777777785 0.36015625 0.1847222222222223 0.38828125 0.1847222222222223
0 0.31171875 0.07638888888888895 0.27890625 0.07638888888888895 0.27890625 0.15000000000000008 0.31171875 0.15000000000000008
0 0.36640625 0.16805555555555562 0.32578125 0.16805555555555562 0.32578125 0.2527777777777779 0.36640625 0.2527777777777779
0 0.3375 0.13055555555555565 0.30390625 0.13055555555555565 0.30390625 0.19583333333333341 0.3375 0.19583333333333341
0 0.29296875 0.12777777777777782 0.25859375 0.12777777777777782 0.25859375 0.19444444444444453 0.29296875 0.19444444444444453
0 0.57265625 0.18472222222222234 0.54375 0.1847222222222223 0.54375 0.24722222222222234 0.57265625 0.24722222222222237
0 0.53359375 0.15138888888888902 0.50546875 0.15138888888888902 0.50546875 0.20416666666666675 0.53359375 0.20416666666666675
0 0.4921875 0.15833333333333344 0.44296875 0.1583333333333334 0.44296875 0.2611111111111112 0.4921875 0.2611111111111112
0 0.365625 0.09722222222222231 0.33203125 0.09722222222222231 0.33203125 0.16388888888888897 0.365625 0.16388888888888897
0 0.25703125 0.2208333333333334 0.22109375 0.2208333333333334 0.22109375 0.2930555555555556 0.25703125 0.2930555555555556
0 0.20703125 0.1291666666666667 0.17578125 0.1291666666666667 0.17578125 0.19444444444444448 0.20703125 0.19444444444444453
0 0.23984375 0.15000000000000005 0.20546875 0.15000000000000005 0.20546875 0.23055555555555562 0.23984375 0.23055555555555562
