0 0.24609375000000008 0.6652777777777777 0.2015625000000001 0.6652777777777777 0.2015625000000001 0.7555555555555555 0.24609375000000008 0.7555555555555555
0 0.3078125000000001 0.6722222222222223 0.2671875000000001 0.6722222222222223 0.2671875000000001 0.7458333333333333 0.3078125000000001 0.7458333333333333
0 0.34375000000000006 0.6055555555555555 0.2984375 0.6055555555555555 0.2984375 0.6902777777777778 0.3437500000000001 0.6902777777777778
0 0.41015625 0.6361111111111113 0.37109375 0.6361111111111113 0.37109375000000006 0.7125 0.41015625 0.7125
0 0.48984375 0.46527777777777796 0.42578125 0.46527777777777796 0.42578125 0.5861111111111112 0.48984375 0.5861111111111112
0 0.46328125 0.8111111111111111 0.434375 0.8111111111111111 0.434375 0.8694444444444445 0.46328125 0.8694444444444445
0 0.5125 0.8166666666666667 0.4875 0.8166666666666667 0.4875 0.8652777777777778 0.5125 0.8652777777777778
0 0.5375 0.7458333333333333 0.51328125 0.7458333333333333 0.51328125 0.8069444444444445 0.5375 0.8069444444444445
0 0.60234375 0.7972222222222223 0.57578125 0.7972222222222223 0.57578125 0.8458333333333333 0.60234375 0.8458333333333333
0 0.65 0.690277777777778 0.61875 0.690277777777778 0.61875 0.7583333333333333 0.65 0.7583333333333333
0 0.65625 0.7916666666666666 0.6328125 0.7916666666666666 0.6328125 0.8402777777777778 0.65625 0.8402777777777778
0 0.68671875 0.7916666666666666 0.665625 0.7916666666666666 0.665625 0.8430555555555556 0.68671875 0.8430555555555556
0 0.63359375 0.6097222222222224 0.58671875 0.6097222222222224 0.58671875 0.6986111111111113 0.63359375 0.6986111111111113
0 0.68984375 0.7388888888888889 0.66484375 0.7388888888888889 0.66484375 0.7902777777777777 0.68984375 0.7902777777777777
0 0.7734375 0.7305555555555558 0.7453125 0.7305555555555558 0.7453125 0.7986111111111114 0.7734375 0.7986111111111114
0 0.71328125 0.6583333333333334 0.678125 0.6583333333333334 0.678125 0.7347222222222223 0.71328125 0.7347222222222223
0 0.74140625 0.7013888888888891 0.7125 0.7013888888888891 0.7125 0.7597222222222224 0.74140625 0.7597222222222225
0 0.7859375 0.6777777777777779 0.75546875 0.6777777777777779 0.75546875 0.7388888888888892 0.7859375 0.7388888888888892
0 0.50390625 0.7736111111111111 0.47890625 0.7736111111111111 0.47890625 0.8305555555555556 0.50390625 0.8305555555555556
0 0.546875 0.7944444444444444 0.521875 0.7944444444444444 0.521875 0.8416666666666667 0.546875 0.8416666666666667
0 0.6 0.7138888888888889 0.5578125 0.7138888888888889 0.5578125 0.8083333333333333 0.6 0.8083333333333333
0 0.7203125 0.7458333333333333 0.69140625 0.7458333333333333 0.69140625 0.8069444444444445 0.7203125 0.8069444444444445
0 0.80546875 0.563888888888889 0.77421875 0.563888888888889 0.77421875 0.6305555555555558 0.80546875 0.6305555555555558
0 0.86484375 0.6333333333333335 0.8375 0.6333333333333335 0.8375 0.6930555555555558 0.86484375 0.6930555555555558
0 0.83046875 0.6152777777777779 0.8015625 0.6152777777777779 0.8015625 0.690277777777778 0.83046875 0.690277777777778
