0 0.253125 0.22361111111111118 0.20625 0.22361111111111118 0.20625 0.31666666666666676 0.253125 0.31666666666666676
0 0.315625 0.23333333333333342 0.2734375 0.23333333333333342 0.2734375 0.31111111111111117 0.315625 0.31111111111111117
0 0.34765625 0.2930555555555556 0.3 0.2930555555555556 0.3 0.38055555555555554 0.34765625 0.38055555555555554
0 0.41640625 0.26944444444444454 0.37109375 0.26944444444444454 0.37109375 0.36111111111111127 0.41640625 0.36111111111111127
0 0.4890625 0.4208333333333335 0.421875 0.4208333333333335 0.421875 0.5472222222222224 0.4890625 0.5472222222222224
0 0.475 0.126388888888889 0.44453125 0.12638888888888897 0.44453125 0.18750000000000008 0.475 0.18750000000000008
0 0.52265625 0.1291666666666668 0.49609375 0.1291666666666668 0.49609375 0.17916666666666675 0.52265625 0.17916666666666675
0 0.546875 0.19583333333333344 0.52109375 0.19583333333333341 0.52109375 0.25833333333333347 0.546875 0.25833333333333347
0 0.6140625 0.16250000000000012 0.584375 0.16250000000000012 0.584375 0.2194444444444446 0.6140625 0.2194444444444446
0 0.64921875 0.24861111111111128 0.61640625 0.24861111111111128 0.61640625 0.3194444444444446 0.64921875 0.3194444444444446
0 0.66640625 0.17361111111111127 0.64140625 0.17361111111111127 0.64140625 0.22361111111111126 0.66640625 0.22361111111111126
0 0.69609375 0.17500000000000016 0.6734375 0.17500000000000016 0.6734375 0.22777777777777794 0.69609375 0.22777777777777794
0 0.63984375 0.3111111111111113 0.590625 0.3111111111111113 0.590625 0.40277777777777796 0.63984375 0.40277777777777796
0 0.69765625 0.22638888888888906 0.671875 0.22638888888888906 0.671875 0.27916666666666684 0.69765625 0.27916666666666684
0 0.775 0.21388888888888904 0.7453125 0.21388888888888904 0.7453125 0.2847222222222224 0.775 0.2847222222222224
0 0.71875 0.2819444444444446 0.68203125 0.2819444444444446 0.68203125 0.36111111111111127 0.71875 0.36111111111111127
0 0.74921875 0.2611111111111113 0.71875 0.2611111111111113 0.71875 0.32222222222222235 0.74921875 0.32222222222222235
0 0.7921875 0.28611111111111126 0.7609375 0.28611111111111126 0.7609375 0.34861111111111126 0.7921875 0.34861111111111126
0 0.51015625 0.16111111111111123 0.48125 0.16111111111111123 0.48125 0.2208333333333334 0.51015625 0.2208333333333334
0 0.55703125 0.16111111111111123 0.53125 0.16111111111111123 0.53125 0.21111111111111122 0.55703125 0.21111111111111128
0 0.60390625 0.19861111111111127 0.559375 0.19861111111111127 0.559375 0.2958333333333335 0.60390625 0.2958333333333335
0 0.73046875 0.22777777777777794 0.7 0.22777777777777794 0.7 0.29166666666666685 0.73046875 0.29166666666666685
0 0.8015625 0.35000000000000014 0.76875 0.35000000000000014 0.76875 0.41805555555555574 0.8015625 0.41805555555555574
0 0.8703125 0.3388888888888891 0.84140625 0.3388888888888891 0.84140625 0.4013888888888891 0.8703125 0.4013888888888891
0 0.8359375 0.3388888888888891 0.8046875 0.3388888888888891 0.8046875 0.4152777777777779 0.8359375 0.4152777777777779
