0 0.2406250000000001 0.6555555555555556 0.19609375000000004 0.6555555555555556 0.19609375000000004 0.7458333333333333 0.2406250000000001 0.7458333333333333
0 0.3117187500000001 0.6833333333333333 0.2710937500000001 0.6833333333333333 0.2710937500000001 0.7569444444444444 0.3117187500000001 0.7569444444444444
0 0.33828125000000003 0.6069444444444444 0.29296875 0.6069444444444444 0.29296875000000006 0.6916666666666667 0.3382812500000001 0.6916666666666667
0 0.41015625 0.6305555555555558 0.3671875 0.6305555555555558 0.36718750000000006 0.7180555555555556 0.41015625 0.7180555555555556
0 0.4875 0.45138888888888906 0.4234375 0.45138888888888906 0.4234375 0.5722222222222224 0.4875 0.5722222222222224
0 0.4640625 0.8097222222222222 0.43515625 0.8097222222222222 0.43515625 0.8680555555555556 0.4640625 0.8680555555555556
0 0.51484375 0.8152777777777778 0.48984375 0.8152777777777778 0.48984375 0.8638888888888889 0.51484375 0.8638888888888889
0 0.54375 0.7458333333333333 0.51328125 0.7458333333333333 0.51328125 0.8069444444444445 0.54375 0.8069444444444445
0 0.59921875 0.7930555555555555 0.57109375 0.7930555555555555 0.57109375 0.8486111111111111 0.59921875 0.8486111111111111
0 0.64140625 0.6944444444444446 0.61015625 0.6944444444444446 0.61015625 0.7625 0.64140625 0.7625
0 0.65703125 0.7833333333333333 0.6328125 0.7833333333333333 0.6328125 0.8402777777777778 0.65703125 0.8402777777777778
0 0.69140625 0.7902777777777777 0.665625 0.7902777777777777 0.665625 0.8430555555555556 0.69140625 0.8430555555555556
0 0.63359375 0.6097222222222224 0.58671875 0.6097222222222224 0.58671875 0.6986111111111113 0.63359375 0.6986111111111113
0 0.68203125 0.7388888888888889 0.65703125 0.7388888888888889 0.65703125 0.7902777777777777 0.68203125 0.7902777777777777
0 0.76953125 0.741666666666667 0.74140625 0.741666666666667 0.74140625 0.8097222222222226 0.76953125 0.8097222222222226
0 0.70625 0.6680555555555557 0.67109375 0.6680555555555557 0.67109375 0.7444444444444445 0.70625 0.7444444444444445
0 0.7578125 0.6861111111111112 0.72890625 0.6861111111111112 0.72890625 0.7444444444444448 0.7578125 0.7444444444444448
0 0.7859375 0.6777777777777779 0.75546875 0.6777777777777779 0.75546875 0.7388888888888892 0.7859375 0.7388888888888892
0 0.5078125 0.7638888888888888 0.47265625 0.7638888888888888 0.47265625 0.8347222222222223 0.5078125 0.8347222222222223
0 0.546875 0.7944444444444444 0.521875 0.7944444444444444 0.521875 0.8416666666666667 0.546875 0.8416666666666667
0 0.5953125 0.7138888888888889 0.553125 0.7138888888888889 0.553125 0.8083333333333333 0.5953125 0.8083333333333333
0 0.796875 0.6097222222222224 0.765625 0.6097222222222224 0.765625 0.676388888888889 0.796875 0.676388888888889
0 0.86484375 0.6333333333333335 0.8375 0.6333333333333335 0.8375 0.6930555555555558 0.86484375 0.6930555555555558
0 0.8296875 0.5958333333333334 0.80078125 0.5958333333333334 0.80078125 0.6708333333333335 0.8296875 0.6708333333333335
0 0.3664062500000001 0.688888888888889 0.32890625000000007 0.6888888888888889 0.32890625000000007 0.7819444444444444 0.3664062500000001 0.7819444444444444
0 0.665625 0.6555555555555557 0.63515625 0.6555555555555557 0.63515625 0.7319444444444444 0.665625 0.7319444444444444
0 0.72890625 0.7055555555555557 0.70078125 0.7055555555555557 0.70078125 0.7708333333333335 0.72890625 0.7708333333333337
