0 0.78125 0.1541666666666668 0.72890625 0.1541666666666668 0.72890625 0.2555555555555557 0.78125 0.2555555555555557
0 0.7 0.17361111111111127 0.653125 0.17361111111111127 0.653125 0.25833333333333347 0.7 0.25833333333333347
0 0.6921875 0.24305555555555572 0.63984375 0.24305555555555572 0.63984375 0.3388888888888891 0.6921875 0.3388888888888891
0 0.61640625 0.24166666666666684 0.565625 0.24166666666666684 0.565625 0.34027777777777796 0.61640625 0.34027777777777796
0 0.5796875 0.40416666666666684 0.50546875 0.40416666666666684 0.50546875 0.5416666666666669 0.5796875 0.5416666666666669
0 0.53046875 0.11666666666666678 0.49609375 0.11666666666666678 0.49609375 0.1833333333333334 0.53046875 0.1833333333333334
0 0.47890625 0.13194444444444453 0.44921875 0.13194444444444453 0.44921875 0.18750000000000008 0.47890625 0.18750000000000008
0 0.46015625 0.20555555555555563 0.425 0.20555555555555563 0.425 0.2736111111111112 0.46015625 0.2736111111111112
0 0.40390625 0.18055555555555564 0.37109375 0.18055555555555564 0.37109375 0.24305555555555564 0.40390625 0.24305555555555564
0 0.37109375 0.2805555555555556 0.33359375 0.2805555555555556 0.33359375 0.3569444444444445 0.37109375 0.3569444444444446
0 0.33984375 0.2111111111111112 0.31015625 0.2111111111111112 0.31015625 0.2750000000000001 0.33984375 0.2750000000000001
0 0.30625 0.2208333333333334 0.2765625 0.2208333333333334 0.2765625 0.27916666666666673 0.30625 0.27916666666666673
0 0.403125 0.3361111111111112 0.3484375 0.3361111111111112 0.3484375 0.43611111111111117 0.403125 0.4361111111111113
0 0.31875 0.2708333333333334 0.28984375 0.2708333333333334 0.28984375 0.3291666666666667 0.31875 0.3291666666666667
0 0.23359375 0.2847222222222223 0.19921875 0.2847222222222223 0.19921875000000003 0.3597222222222222 0.23359375 0.3597222222222222
0 0.315625 0.31944444444444453 0.26875 0.31944444444444453 0.26875 0.41805555555555557 0.315625 0.41805555555555557
0 0.25625 0.33888888888888896 0.221875 0.33888888888888896 0.221875 0.40555555555555556 0.25625 0.40555555555555556
0 0.2296875 0.35416666666666674 0.19453125000000004 0.35416666666666674 0.19453125000000004 0.4222222222222222 0.2296875 0.4222222222222222
0 0.4984375 0.16250000000000012 0.45703125 0.16250000000000012 0.45703125 0.24305555555555564 0.4984375 0.24305555555555564
0 0.446875 0.1736111111111112 0.41796875 0.1736111111111112 0.41796875 0.22777777777777786 0.446875 0.22777777777777786
0 0.425 0.21805555555555564 0.37421875 0.21805555555555564 0.37421875 0.3222222222222223 0.425 0.3222222222222223
0 0.2234375 0.4666666666666667 0.18671875000000004 0.4666666666666667 0.18671875000000004 0.5402777777777777 0.2234375 0.5402777777777777
0 0.14843750000000006 0.43472222222222223 0.11640625000000004 0.43472222222222223 0.11640625000000004 0.5013888888888889 0.14843750000000006 0.5013888888888889
0 0.19296875000000005 0.42777777777777776 0.15703125000000004 0.42777777777777776 0.15703125000000004 0.5097222222222222 0.19296875000000005 0.5097222222222222
0 0.66328125 0.16388888888888903 0.61796875 0.163888888888889 0.61796875 0.26527777777777795 0.66328125 0.26527777777777795
0 0.3484375 0.32500000000000007 0.3109375 0.32500000000000007 0.3109375 0.4083333333333333 0.3484375 0.4083333333333333
0 0.2921875 0.26250000000000007 0.25859375 0.26250000000000007 0.25859375 0.3347222222222223 0.2921875 0.3347222222222223
