0 0.25078125000000007 0.6916666666666667 0.20312500000000008 0.6916666666666667 0.20312500000000008 0.7861111111111111 0.25078125000000007 0.7861111111111111
0 0.3273437500000001 0.7055555555555556 0.2843750000000001 0.7055555555555556 0.2843750000000001 0.7833333333333333 0.3273437500000001 0.7833333333333333
0 0.34609375000000003 0.6277777777777778 0.29765625 0.6277777777777778 0.29765625000000007 0.7166666666666667 0.3460937500000001 0.7166666666666667
0 0.41875 0.6430555555555557 0.37265625 0.6430555555555557 0.37265625 0.7347222222222223 0.41875 0.7347222222222223
0 0.48984375 0.45416666666666683 0.421875 0.45416666666666683 0.421875 0.5819444444444446 0.48984375 0.5819444444444446
0 0.47890625 0.8138888888888889 0.44765625 0.8138888888888889 0.44765625 0.8763888888888889 0.47890625 0.8763888888888889
0 0.5265625 0.8208333333333333 0.49921875 0.8208333333333333 0.49921875 0.8722222222222222 0.5265625 0.8722222222222222
0 0.55546875 0.7402777777777778 0.5234375 0.7402777777777778 0.5234375 0.8041666666666667 0.55546875 0.8041666666666667
0 0.60703125 0.7819444444444444 0.57734375 0.7819444444444444 0.57734375 0.8402777777777778 0.60703125 0.8402777777777778
0 0.6515625 0.6777777777777779 0.61796875 0.6777777777777779 0.61796875 0.7486111111111111 0.6515625 0.7486111111111111
0 0.66953125 0.7638888888888888 0.64296875 0.7638888888888888 0.64296875 0.8236111111111111 0.66953125 0.8236111111111111
0 0.70390625 0.7652777777777777 0.6765625 0.7652777777777777 0.6765625 0.8208333333333333 0.70390625 0.8208333333333333
0 0.64140625 0.5930555555555557 0.59140625 0.5930555555555557 0.59140625 0.6861111111111112 0.64140625 0.6861111111111112
0 0.69453125 0.7138888888888889 0.66796875 0.7138888888888889 0.66796875 0.7680555555555556 0.69453125 0.7680555555555556
0 0.78515625 0.7041666666666668 0.7546875 0.7041666666666668 0.7546875 0.7750000000000004 0.78515625 0.7750000000000004
0 0.71875 0.6305555555555558 0.6765625 0.6305555555555558 0.6765625 0.7236111111111111 0.71875 0.7236111111111111
0 0.76640625 0.6527777777777779 0.73515625 0.6527777777777779 0.73515625 0.7152777777777781 0.76640625 0.7152777777777781
0 0.79453125 0.6430555555555557 0.7625 0.6430555555555557 0.7625 0.7069444444444446 0.79453125 0.7069444444444446
0 0.5203125 0.7625 0.4828125 0.7625 0.4828125 0.8375 0.5203125 0.8375
0 0.56015625 0.7875 0.53359375 0.7875 0.53359375 0.8375 0.56015625 0.8375
0 0.60703125 0.7013888888888891 0.56171875 0.7013888888888891 0.56171875 0.8 0.60703125 0.8
0 0.81015625 0.526388888888889 0.7765625 0.526388888888889 0.7765625 0.5958333333333334 0.81015625 0.5958333333333334
0 0.87734375 0.5805555555555557 0.8484375 0.5805555555555557 0.8484375 0.6430555555555557 0.87734375 0.6430555555555557
0 0.83671875 0.563888888888889 0.80546875 0.563888888888889 0.80546875 0.6416666666666668 0.83671875 0.6416666666666668
0 0.3617187500000001 0.7055555555555556 0.32109375000000007 0.7055555555555556 0.32109375000000007 0.8013888888888889 0.3617187500000001 0.8013888888888889
0 0.67734375 0.6305555555555558 0.64375 0.6305555555555558 0.64375 0.7097222222222224 0.67734375 0.7097222222222224
0 0.725 0.7152777777777778 0.69453125 0.7152777777777778 0.69453125 0.7833333333333333 0.725 0.7833333333333333
