0 0.23125 0.288888888888889 0.18984375 0.288888888888889 0.18984375000000003 0.3736111111111111 0.23125 0.3736111111111111
0 0.30703125 0.2708333333333334 0.26953125 0.2708333333333334 0.26953125 0.34027777777777785 0.30703125 0.34027777777777785
0 0.33125 0.3347222222222223 0.28828125 0.3347222222222223 0.28828125 0.41388888888888886 0.33125 0.41388888888888886
0 0.4015625 0.2986111111111112 0.36171875 0.2986111111111112 0.36171875 0.38055555555555565 0.4015625 0.3805555555555557
0 0.484375 0.43750000000000017 0.425 0.43750000000000017 0.425 0.5500000000000002 0.484375 0.5500000000000002
0 0.45 0.14027777777777786 0.42265625 0.14027777777777786 0.42265625 0.19583333333333341 0.45 0.19583333333333341
0 0.49765625 0.13194444444444456 0.47421875 0.13194444444444456 0.47421875 0.17777777777777787 0.49765625 0.17777777777777787
0 0.53125 0.19305555555555565 0.50390625 0.19305555555555565 0.50390625 0.25000000000000006 0.53125 0.25000000000000006
0 0.5796875 0.14305555555555569 0.55390625 0.14305555555555569 0.55390625 0.19444444444444461 0.5796875 0.19444444444444461
0 0.63125 0.22361111111111126 0.60234375 0.22361111111111126 0.60234375 0.28888888888888903 0.63125 0.28888888888888903
0 0.64296875 0.14444444444444457 0.62109375 0.14444444444444457 0.62109375 0.19861111111111127 0.64296875 0.19861111111111127
0 0.67734375 0.13750000000000015 0.65390625 0.13750000000000015 0.65390625 0.18750000000000017 0.67734375 0.18750000000000017
0 0.62578125 0.29166666666666685 0.58203125 0.29166666666666685 0.58203125 0.37500000000000017 0.62578125 0.37500000000000017
0 0.671875 0.19166666666666682 0.64921875 0.19166666666666682 0.64921875 0.24027777777777792 0.671875 0.24027777777777792
0 0.7609375 0.16388888888888906 0.7359375 0.16388888888888906 0.7359375 0.22916666666666682 0.7609375 0.22916666666666682
0 0.69921875 0.2333333333333335 0.66328125 0.2333333333333335 0.66328125 0.3194444444444446 0.69921875 0.3194444444444446
0 0.74765625 0.22777777777777794 0.7203125 0.22777777777777794 0.7203125 0.2833333333333335 0.74765625 0.2833333333333335
0 0.77578125 0.2305555555555557 0.74765625 0.2305555555555557 0.74765625 0.28750000000000014 0.77578125 0.28750000000000014
0 0.49453125 0.16944444444444456 0.46171875 0.16944444444444456 0.46171875 0.2361111111111112 0.49453125 0.2361111111111112
0 0.53359375 0.15555555555555567 0.51015625 0.15555555555555567 0.51015625 0.20138888888888898 0.53359375 0.20138888888888898
0 0.58359375 0.18611111111111128 0.54453125 0.18611111111111128 0.54453125 0.2763888888888891 0.58359375 0.2763888888888891
0 0.8 0.33611111111111125 0.77109375 0.33611111111111125 0.77109375 0.39861111111111125 0.8 0.39861111111111125
0 0.8625 0.2708333333333335 0.83828125 0.2708333333333335 0.83828125 0.32916666666666683 0.8625 0.32916666666666683
0 0.82265625 0.2833333333333335 0.796875 0.2833333333333335 0.796875 0.35555555555555574 0.82265625 0.35555555555555574
0 0.33984375 0.24444444444444452 0.30546875 0.24444444444444452 0.30546875 0.33194444444444454 0.33984375 0.33194444444444454
0 0.659375 0.2555555555555557 0.63125 0.2555555555555557 0.63125 0.32916666666666683 0.659375 0.32916666666666683
0 0.70078125 0.1708333333333335 0.675 0.1708333333333335 0.675 0.2319444444444446 0.70078125 0.2319444444444446
