0 0.26250000000000007 0.7305555555555555 0.21250000000000008 0.7305555555555555 0.21250000000000008 0.8291666666666667 0.26250000000000007 0.8291666666666667
0 0.3382812500000001 0.7277777777777777 0.2929687500000001 0.7277777777777777 0.2929687500000001 0.8097222222222222 0.3382812500000001 0.8097222222222222
0 0.3539062500000001 0.6472222222222223 0.3031250000000001 0.6472222222222223 0.3031250000000001 0.7402777777777778 0.3539062500000001 0.7402777777777778
0 0.42734375 0.6527777777777779 0.3789062500000001 0.6527777777777779 0.3789062500000001 0.7486111111111111 0.42734375 0.7486111111111111
0 0.49296875 0.4569444444444446 0.42109375 0.4569444444444446 0.42109375 0.5902777777777779 0.49296875 0.5902777777777779
0 0.49296875 0.8166666666666667 0.46015625 0.8166666666666667 0.46015625 0.8805555555555555 0.49296875 0.8805555555555555
0 0.53828125 0.8152777777777778 0.51015625 0.8152777777777778 0.51015625 0.8694444444444445 0.53828125 0.8694444444444445
0 0.565625 0.7277777777777777 0.53125 0.7277777777777777 0.53125 0.7944444444444444 0.565625 0.7944444444444444
0 0.6203125 0.7694444444444445 0.58828125 0.7694444444444445 0.58828125 0.8305555555555556 0.6203125 0.8305555555555556
0 0.6609375 0.6583333333333334 0.625 0.6583333333333334 0.625 0.7319444444444444 0.6609375 0.7319444444444444
0 0.68203125 0.7416666666666667 0.65390625 0.7416666666666667 0.65390625 0.8041666666666667 0.68203125 0.8041666666666667
0 0.71640625 0.7402777777777778 0.6875 0.7402777777777778 0.6875 0.7972222222222223 0.71640625 0.7972222222222223
0 0.64765625 0.5763888888888891 0.5953125 0.5763888888888891 0.5953125 0.6736111111111113 0.64765625 0.6736111111111113
0 0.70859375 0.6805555555555557 0.67421875 0.6805555555555557 0.67421875 0.7541666666666667 0.70859375 0.7541666666666667
0 0.7953125 0.6680555555555557 0.7625 0.6680555555555557 0.7625 0.741666666666667 0.7953125 0.741666666666667
0 0.72578125 0.602777777777778 0.68125 0.602777777777778 0.68125 0.7000000000000002 0.72578125 0.7000000000000002
0 0.78046875 0.6166666666666668 0.74765625 0.6166666666666668 0.74765625 0.6805555555555557 0.78046875 0.6805555555555557
0 0.80703125 0.602777777777778 0.77265625 0.602777777777778 0.77265625 0.6694444444444446 0.80703125 0.6694444444444446
0 0.53359375 0.7597222222222222 0.49375 0.7597222222222222 0.49375 0.8375 0.53359375 0.8375
0 0.5734375 0.7805555555555556 0.5453125 0.7805555555555556 0.5453125 0.8333333333333334 0.5734375 0.8333333333333334
0 0.62265625 0.6819444444444446 0.56875 0.6819444444444446 0.56875 0.7902777777777777 0.62265625 0.7902777777777777
0 0.8078125 0.5250000000000001 0.77265625 0.5250000000000001 0.77265625 0.5972222222222224 0.8078125 0.5972222222222224
0 0.884375 0.5250000000000001 0.85 0.5250000000000001 0.85 0.5986111111111113 0.884375 0.5986111111111113
0 0.84140625 0.5222222222222224 0.80703125 0.5222222222222224 0.80703125 0.6013888888888891 0.84140625 0.6013888888888891
0 0.3734375000000001 0.7236111111111111 0.3296875000000001 0.7236111111111111 0.3296875000000001 0.8222222222222222 0.3734375000000001 0.8222222222222222
0 0.684375 0.6097222222222224 0.6484375 0.6097222222222224 0.6484375 0.690277777777778 0.684375 0.690277777777778
0 0.73515625 0.6875000000000001 0.703125 0.6875000000000001 0.703125 0.7569444444444446 0.73515625 0.7569444444444448
