0 0.82890625 0.515277777777778 0.77890625 0.515277777777778 0.77890625 0.613888888888889 0.82890625 0.613888888888889
0 0.75234375 0.5708333333333335 0.70703125 0.5708333333333335 0.70703125 0.6527777777777779 0.75234375 0.6527777777777779
0 0.7265625 0.5069444444444446 0.67578125 0.5069444444444446 0.67578125 0.6000000000000002 0.7265625 0.6000000000000002
0 0.65859375 0.565277777777778 0.61015625 0.565277777777778 0.61015625 0.6611111111111113 0.65859375 0.6611111111111113
0 0.58125 0.42361111111111127 0.509375 0.42361111111111127 0.509375 0.5569444444444446 0.58125 0.5569444444444446
0 0.61796875 0.7694444444444445 0.58515625 0.7694444444444445 0.58515625 0.8333333333333334 0.61796875 0.8333333333333334
0 0.5703125 0.8027777777777778 0.5421875 0.8027777777777778 0.5421875 0.8569444444444444 0.5703125 0.8569444444444444
0 0.5328125 0.7402777777777778 0.4984375 0.7402777777777778 0.4984375 0.8069444444444445 0.5328125 0.8069444444444445
0 0.48984375 0.8180555555555555 0.4578125 0.8180555555555555 0.4578125 0.8791666666666667 0.48984375 0.8791666666666667
0 0.4328125 0.7444444444444445 0.3968750000000001 0.7444444444444445 0.3968750000000001 0.8180555555555555 0.4328125 0.8180555555555555
0 0.4234375 0.8388888888888889 0.39531250000000007 0.8388888888888889 0.39531250000000007 0.9013888888888889 0.4234375 0.9013888888888889
0 0.3921875000000001 0.8625 0.3632812500000001 0.8625 0.3632812500000001 0.9194444444444444 0.3921875000000001 0.9194444444444444
0 0.44453125 0.6541666666666668 0.3921875000000001 0.6541666666666668 0.3921875000000001 0.7513888888888889 0.44453125 0.7513888888888889
0 0.3921875000000001 0.8 0.3578125000000001 0.8 0.3578125000000001 0.8736111111111111 0.3921875000000001 0.8736111111111111
0 0.30937500000000007 0.8527777777777777 0.2765625000000001 0.8527777777777777 0.2765625000000001 0.9263888888888889 0.30937500000000007 0.9263888888888889
0 0.3710937500000001 0.7375 0.3265625000000001 0.7375 0.3265625000000001 0.8347222222222223 0.3710937500000001 0.8347222222222223
0 0.30937500000000007 0.7944444444444444 0.2765625000000001 0.7944444444444444 0.2765625000000001 0.8583333333333333 0.30937500000000007 0.8583333333333333
0 0.2835937500000001 0.8013888888888889 0.2492187500000001 0.8013888888888889 0.2492187500000001 0.8680555555555556 0.2835937500000001 0.8680555555555556
0 0.5765625 0.7444444444444445 0.53671875 0.7444444444444445 0.53671875 0.8222222222222222 0.5765625 0.8222222222222222
0 0.53046875 0.7958333333333333 0.50234375 0.7958333333333333 0.50234375 0.8486111111111111 0.53046875 0.8486111111111111
0 0.49375 0.7305555555555555 0.43984375 0.7305555555555555 0.43984375 0.8388888888888889 0.49375 0.8388888888888889
0 0.26640625000000007 0.7291666666666666 0.2312500000000001 0.7291666666666666 0.2312500000000001 0.8013888888888889 0.26640625000000007 0.8013888888888889
0 0.19609375000000004 0.7861111111111111 0.16171875000000005 0.7861111111111111 0.16171875000000005 0.8597222222222223 0.19609375000000004 0.8597222222222223
0 0.2351562500000001 0.7513888888888889 0.20078125000000008 0.7513888888888889 0.20078125000000008 0.8305555555555556 0.2351562500000001 0.8305555555555556
0 0.7203125 0.5930555555555557 0.6765625 0.5930555555555557 0.6765625 0.6916666666666669 0.7203125 0.6916666666666669
0 0.4 0.7166666666666667 0.36406250000000007 0.7166666666666667 0.36406250000000007 0.7972222222222223 0.4 0.7972222222222223
0 0.3671875000000001 0.8277777777777777 0.3351562500000001 0.8277777777777777 0.3351562500000001 0.8972222222222223 0.3671875000000001 0.8972222222222223
