0 0.25859375000000007 0.7208333333333333 0.2093750000000001 0.7208333333333333 0.2093750000000001 0.8180555555555555 0.25859375000000007 0.8180555555555555
0 0.3359375000000001 0.7222222222222222 0.2914062500000001 0.7222222222222222 0.2914062500000001 0.8027777777777778 0.3359375000000001 0.8027777777777778
0 0.3429687500000001 0.6486111111111111 0.2929687500000001 0.6486111111111111 0.2929687500000001 0.7402777777777778 0.3429687500000001 0.7402777777777778
0 0.42578125 0.6500000000000001 0.3773437500000001 0.6500000000000001 0.3773437500000001 0.7458333333333333 0.42578125 0.7458333333333333
0 0.4921875 0.4555555555555557 0.42109375 0.4555555555555557 0.42109375 0.5875000000000001 0.4921875 0.5875000000000001
0 0.4890625 0.8166666666666667 0.45625 0.8166666666666667 0.45625 0.8805555555555555 0.4890625 0.8805555555555555
0 0.53515625 0.8166666666666667 0.50703125 0.8166666666666667 0.50703125 0.8694444444444445 0.53515625 0.8694444444444445
0 0.5625 0.7305555555555555 0.52890625 0.7305555555555555 0.52890625 0.7958333333333333 0.5625 0.7958333333333333
0 0.6171875 0.7722222222222223 0.5859375 0.7722222222222223 0.5859375 0.8319444444444445 0.6171875 0.8319444444444445
0 0.65859375 0.6625000000000002 0.6234375 0.6625000000000002 0.6234375 0.7361111111111112 0.65859375 0.7361111111111112
0 0.67890625 0.7472222222222222 0.65078125 0.7472222222222222 0.65078125 0.8083333333333333 0.67890625 0.8083333333333333
0 0.71328125 0.7472222222222222 0.68515625 0.7472222222222222 0.68515625 0.8041666666666667 0.71328125 0.8041666666666667
0 0.64609375 0.5819444444444446 0.59453125 0.5819444444444446 0.59453125 0.6777777777777779 0.64609375 0.6777777777777779
0 0.70625 0.6861111111111112 0.67265625 0.6861111111111112 0.67265625 0.7597222222222222 0.70625 0.7597222222222222
0 0.79296875 0.6777777777777779 0.7609375 0.6777777777777779 0.7609375 0.7513888888888892 0.79296875 0.7513888888888892
0 0.7234375 0.6097222222222224 0.684375 0.6097222222222224 0.684375 0.6958333333333335 0.7234375 0.6958333333333335
0 0.77890625 0.6250000000000001 0.74609375 0.6250000000000001 0.74609375 0.688888888888889 0.77890625 0.688888888888889
0 0.53046875 0.7611111111111111 0.49140625 0.7611111111111111 0.49140625 0.8375 0.53046875 0.8375
0 0.5703125 0.7833333333333333 0.54296875 0.7833333333333333 0.54296875 0.8347222222222223 0.5703125 0.8347222222222223
0 0.6203125 0.6847222222222223 0.5671875 0.6847222222222223 0.5671875 0.7930555555555555 0.6203125 0.7930555555555555
0 0.80703125 0.5472222222222224 0.771875 0.5472222222222224 0.771875 0.6180555555555557 0.80703125 0.6180555555555557
0 0.88359375 0.5375000000000002 0.85 0.5375000000000002 0.85 0.6111111111111113 0.88359375 0.6111111111111113
0 0.840625 0.5333333333333334 0.80703125 0.5333333333333334 0.80703125 0.6125000000000002 0.840625 0.6125000000000002
0 0.3703125000000001 0.7194444444444444 0.3273437500000001 0.7194444444444444 0.3273437500000001 0.8180555555555555 0.3703125000000001 0.8180555555555555
0 0.6828125 0.6152777777777779 0.64765625 0.6152777777777779 0.64765625 0.6958333333333335 0.6828125 0.6958333333333335
0 0.73671875 0.6750000000000002 0.7046875 0.6750000000000002 0.7046875 0.7444444444444446 0.73671875 0.7444444444444448
