0 0.26796875 0.1569444444444445 0.21640625 0.1569444444444445 0.21640625 0.25694444444444453 0.26796875 0.25694444444444453
0 0.34453125 0.17916666666666675 0.2984375 0.17916666666666675 0.2984375 0.26250000000000007 0.34453125 0.26250000000000007
0 0.35 0.24166666666666675 0.29765625 0.24166666666666675 0.29765625 0.3375000000000001 0.35 0.3375000000000001
0 0.43203125 0.2458333333333334 0.38203125 0.2458333333333334 0.38203125 0.3430555555555556 0.43203125 0.3430555555555556
0 0.49375 0.4069444444444446 0.4203125 0.4069444444444446 0.4203125 0.5430555555555557 0.49375 0.5430555555555557
0 0.5 0.11805555555555568 0.46640625 0.11805555555555568 0.46640625 0.1833333333333334 0.5 0.1833333333333334
0 0.5453125 0.13333333333333344 0.51640625 0.13333333333333344 0.51640625 0.1875000000000001 0.5453125 0.18750000000000017
0 0.57109375 0.20833333333333345 0.5359375 0.20833333333333343 0.5359375 0.276388888888889 0.57109375 0.2763888888888891
0 0.6265625 0.17777777777777792 0.59375 0.17777777777777792 0.59375 0.23888888888888904 0.6265625 0.23888888888888904
0 0.66484375 0.2763888888888891 0.628125 0.2763888888888891 0.628125 0.35138888888888903 0.66484375 0.35138888888888903
0 0.6875 0.2069444444444446 0.65859375 0.2069444444444446 0.65859375 0.2694444444444446 0.6875 0.2694444444444446
0 0.721875 0.21527777777777793 0.6921875 0.21527777777777793 0.6921875 0.27361111111111125 0.721875 0.27361111111111125
0 0.65078125 0.3333333333333335 0.596875 0.3333333333333335 0.596875 0.4333333333333335 0.65078125 0.4333333333333335
0 0.71328125 0.2569444444444446 0.678125 0.2569444444444446 0.678125 0.3319444444444446 0.71328125 0.3319444444444446
0 0.79921875 0.27500000000000013 0.765625 0.27500000000000013 0.765625 0.35000000000000014 0.79921875 0.35000000000000014
0 0.728125 0.3236111111111113 0.6875 0.3236111111111113 0.6875 0.41111111111111126 0.728125 0.41111111111111126
0 0.78359375 0.33611111111111125 0.75 0.33611111111111125 0.75 0.4013888888888891 0.78359375 0.4013888888888891
0 0.53984375 0.16250000000000012 0.49921875 0.16250000000000012 0.49921875 0.24166666666666675 0.53984375 0.24166666666666675
0 0.5796875 0.17083333333333345 0.55078125 0.17083333333333345 0.55078125 0.22500000000000014 0.5796875 0.22500000000000014
0 0.628125 0.21527777777777793 0.57265625 0.21527777777777793 0.57265625 0.32638888888888906 0.628125 0.32638888888888906
0 0.809375 0.4083333333333335 0.77265625 0.4083333333333335 0.77265625 0.4819444444444446 0.809375 0.4819444444444446
0 0.8859375 0.42361111111111127 0.85078125 0.42361111111111127 0.85078125 0.4986111111111113 0.8859375 0.4986111111111113
0 0.84296875 0.41805555555555574 0.8078125 0.41805555555555574 0.8078125 0.4986111111111113 0.84296875 0.4986111111111113
0 0.3796875 0.16805555555555562 0.334375 0.16805555555555562 0.334375 0.26805555555555566 0.3796875 0.26805555555555566
0 0.6875 0.32083333333333347 0.65078125 0.32083333333333347 0.65078125 0.40277777777777796 0.6875 0.40277777777777796
0 0.74296875 0.27500000000000013 0.709375 0.27500000000000013 0.709375 0.3458333333333335 0.74296875 0.3458333333333335
