0 0.82734375 0.5166666666666668 0.778125 0.5166666666666668 0.778125 0.613888888888889 0.82734375 0.613888888888889
0 0.75078125 0.5791666666666668 0.70625 0.5791666666666668 0.70625 0.6597222222222224 0.75078125 0.6597222222222224
0 0.728125 0.515277777777778 0.678125 0.515277777777778 0.678125 0.6069444444444446 0.728125 0.6069444444444446
0 0.6578125 0.5694444444444446 0.609375 0.5694444444444446 0.609375 0.665277777777778 0.6578125 0.665277777777778
0 0.58046875 0.42500000000000016 0.509375 0.42500000000000016 0.509375 0.5569444444444446 0.58046875 0.5569444444444446
0 0.60703125 0.7847222222222222 0.57421875 0.7847222222222222 0.57421875 0.8486111111111111 0.60703125 0.8486111111111111
0 0.5296875 0.7416666666666667 0.49609375 0.7416666666666667 0.49609375 0.8069444444444445 0.5296875 0.8069444444444445
0 0.4859375 0.8180555555555555 0.4546875 0.8180555555555555 0.4546875 0.8777777777777778 0.4859375 0.8777777777777778
0 0.4296875 0.7416666666666667 0.3945312500000001 0.7416666666666667 0.3945312500000001 0.8152777777777778 0.4296875 0.8152777777777778
0 0.421875 0.8430555555555556 0.3937500000000001 0.8430555555555556 0.3937500000000001 0.9041666666666667 0.421875 0.9041666666666667
0 0.3882812500000001 0.8527777777777777 0.3585937500000001 0.8527777777777777 0.3585937500000001 0.9166666666666666 0.3882812500000001 0.9166666666666666
0 0.4421875 0.651388888888889 0.3906250000000001 0.651388888888889 0.3906250000000001 0.7472222222222222 0.4421875 0.7472222222222222
0 0.3828125000000001 0.7972222222222223 0.3492187500000001 0.7972222222222223 0.3492187500000001 0.8708333333333333 0.3828125000000001 0.8708333333333333
0 0.3046875000000001 0.8458333333333333 0.2726562500000001 0.8458333333333333 0.2726562500000001 0.9194444444444444 0.3046875000000001 0.9194444444444444
0 0.3632812500000001 0.7347222222222223 0.3242187500000001 0.7347222222222223 0.3242187500000001 0.8208333333333333 0.3632812500000001 0.8208333333333333
0 0.31718750000000007 0.7902777777777777 0.2843750000000001 0.7902777777777777 0.2843750000000001 0.8541666666666666 0.31718750000000007 0.8541666666666666
0 0.57421875 0.7569444444444444 0.53515625 0.7569444444444444 0.53515625 0.8333333333333334 0.57421875 0.8333333333333334
0 0.5265625 0.7972222222222223 0.49921875 0.7972222222222223 0.49921875 0.8486111111111111 0.5265625 0.8486111111111111
0 0.490625 0.7291666666666666 0.4375 0.7291666666666666 0.4375 0.8375 0.490625 0.8375
0 0.27031250000000007 0.7277777777777777 0.2351562500000001 0.7277777777777777 0.2351562500000001 0.7986111111111112 0.27031250000000007 0.7986111111111112
0 0.19765625000000003 0.7736111111111111 0.16406250000000006 0.7736111111111111 0.16406250000000006 0.8472222222222222 0.19765625000000003 0.8472222222222222
0 0.23203125000000008 0.7430555555555556 0.19843750000000004 0.7430555555555556 0.19843750000000004 0.8222222222222222 0.23203125000000008 0.8222222222222222
0 0.7171875 0.5958333333333334 0.67578125 0.5958333333333334 0.67578125 0.6680555555555557 0.7171875 0.6680555555555557
0 0.3976562500000001 0.7138888888888889 0.3625000000000001 0.7138888888888889 0.3625000000000001 0.7944444444444444 0.3976562500000001 0.7944444444444444
0 0.35625000000000007 0.8083333333333333 0.3242187500000001 0.8083333333333333 0.3242187500000001 0.8777777777777778 0.35625000000000007 0.8777777777777778
0 0.2632812500000001 0.7958333333333333 0.2250000000000001 0.7958333333333333 0.2250000000000001 0.8722222222222222 0.2632812500000001 0.8722222222222222