0 0.23046875 0.29166666666666674 0.1890625 0.29166666666666674 0.18906250000000002 0.3763888888888889 0.23046875 0.3763888888888889
0 0.30703125 0.2708333333333334 0.26953125 0.2708333333333334 0.26953125 0.34027777777777785 0.30703125 0.34027777777777785
0 0.328125 0.33194444444444454 0.2859375 0.33194444444444454 0.2859375 0.4111111111111111 0.328125 0.4111111111111111
0 0.4015625 0.2986111111111112 0.36171875 0.2986111111111112 0.36171875 0.38055555555555565 0.4015625 0.3805555555555557
0 0.484375 0.43750000000000017 0.425 0.43750000000000017 0.425 0.5500000000000002 0.484375 0.5500000000000002
0 0.45859375 0.13055555555555565 0.43203125 0.13055555555555565 0.43203125 0.1861111111111112 0.45859375 0.1861111111111112
0 0.53046875 0.19861111111111118 0.50234375 0.19861111111111118 0.50234375 0.25555555555555565 0.53046875 0.25555555555555565
0 0.5796875 0.14305555555555569 0.55390625 0.14305555555555569 0.55390625 0.19444444444444461 0.5796875 0.19444444444444461
0 0.63125 0.22361111111111126 0.60234375 0.22361111111111126 0.60234375 0.28888888888888903 0.63125 0.28888888888888903
0 0.64140625 0.13750000000000015 0.61953125 0.13750000000000012 0.61953125 0.19166666666666682 0.64140625 0.19166666666666682
0 0.678125 0.13750000000000015 0.65390625 0.13750000000000015 0.65390625 0.19444444444444461 0.678125 0.19444444444444461
0 0.62578125 0.29166666666666685 0.58203125 0.29166666666666685 0.58203125 0.37500000000000017 0.62578125 0.37500000000000017
0 0.68125 0.18472222222222237 0.65390625 0.18472222222222237 0.65390625 0.25000000000000017 0.68125 0.25000000000000017
0 0.7609375 0.16388888888888906 0.7359375 0.16388888888888906 0.7359375 0.22916666666666682 0.7609375 0.22916666666666682
0 0.69921875 0.24305555555555572 0.66796875 0.24305555555555572 0.66796875 0.3194444444444446 0.69921875 0.3194444444444446
0 0.74375 0.22361111111111126 0.7171875 0.22361111111111126 0.7171875 0.27916666666666684 0.74375 0.27916666666666684
0 0.49453125 0.15833333333333346 0.46171875 0.15833333333333346 0.46171875 0.2250000000000001 0.49453125 0.2250000000000001
0 0.53359375 0.15555555555555567 0.51015625 0.15555555555555567 0.51015625 0.20138888888888898 0.53359375 0.20138888888888898
0 0.58828125 0.18611111111111128 0.54453125 0.18611111111111128 0.54453125 0.2819444444444446 0.58828125 0.2819444444444446
0 0.78515625 0.2944444444444446 0.75703125 0.2944444444444446 0.75703125 0.3569444444444446 0.78515625 0.3569444444444446
0 0.86015625 0.27222222222222237 0.8328125 0.27222222222222237 0.8328125 0.33750000000000013 0.86015625 0.33750000000000013
0 0.82265625 0.2833333333333335 0.796875 0.2833333333333335 0.796875 0.35555555555555574 0.82265625 0.35555555555555574
0 0.33984375 0.2750000000000001 0.30390625 0.2750000000000001 0.30390625 0.3361111111111112 0.33984375 0.3361111111111112
0 0.659375 0.2555555555555557 0.63125 0.2555555555555557 0.63125 0.32916666666666683 0.659375 0.32916666666666683
0 0.70625 0.18750000000000017 0.68046875 0.18750000000000017 0.68046875 0.24861111111111128 0.70625 0.24861111111111128
0 0.80234375 0.22638888888888906 0.77109375 0.22638888888888906 0.77109375 0.29305555555555574 0.80234375 0.29305555555555574