0 0.24218750000000008 0.6666666666666666 0.19687500000000005 0.6666666666666666 0.19687500000000005 0.7569444444444444 0.24218750000000008 0.7569444444444444
0 0.3195312500000001 0.6888888888888889 0.27812500000000007 0.6888888888888889 0.27812500000000007 0.7638888888888888 0.3195312500000001 0.7638888888888888
0 0.3375 0.6152777777777778 0.29140625 0.6152777777777778 0.29140625000000003 0.7013888888888888 0.3375000000000001 0.7013888888888888
0 0.4125 0.6333333333333335 0.36875 0.6333333333333335 0.36875 0.7222222222222222 0.4125 0.7222222222222222
0 0.48828125 0.45277777777777795 0.4234375 0.45277777777777795 0.4234375 0.5750000000000002 0.48828125 0.5750000000000002
0 0.47734375 0.8194444444444444 0.44765625 0.8194444444444444 0.44765625 0.8791666666666667 0.47734375 0.8791666666666667
0 0.5453125 0.7388888888888889 0.51484375 0.7388888888888889 0.51484375 0.8 0.5453125 0.8
0 0.59765625 0.7916666666666666 0.56875 0.7916666666666666 0.56875 0.8472222222222222 0.59765625 0.8472222222222222
0 0.64453125 0.690277777777778 0.6125 0.690277777777778 0.6125 0.7597222222222222 0.64453125 0.7597222222222222
0 0.659375 0.7847222222222222 0.634375 0.7847222222222222 0.634375 0.8430555555555556 0.659375 0.8430555555555556
0 0.6953125 0.7777777777777778 0.66875 0.7777777777777778 0.66875 0.8375 0.6953125 0.8375
0 0.6359375 0.6055555555555557 0.58828125 0.6055555555555557 0.58828125 0.6958333333333335 0.6359375 0.6958333333333335
0 0.69609375 0.7208333333333333 0.665625 0.7208333333333333 0.665625 0.7902777777777777 0.69609375 0.7902777777777777
0 0.7765625 0.729166666666667 0.7484375 0.729166666666667 0.7484375 0.7986111111111114 0.7765625 0.7986111111111114
0 0.71171875 0.6500000000000001 0.6765625 0.6500000000000001 0.6765625 0.7305555555555555 0.71171875 0.7305555555555555
0 0.75703125 0.6833333333333335 0.72734375 0.6833333333333335 0.72734375 0.7430555555555559 0.75703125 0.7430555555555559
0 0.51171875 0.775 0.47578125 0.775 0.47578125 0.8472222222222222 0.51171875 0.8472222222222222
0 0.55 0.7930555555555555 0.525 0.7930555555555555 0.525 0.8416666666666667 0.55 0.8416666666666667
0 0.603125 0.7041666666666668 0.5546875 0.7041666666666668 0.5546875 0.8055555555555556 0.603125 0.8055555555555556
0 0.79453125 0.5986111111111113 0.7625 0.5986111111111113 0.7625 0.665277777777778 0.79453125 0.665277777777778
0 0.8703125 0.6069444444444446 0.83984375 0.6069444444444446 0.83984375 0.676388888888889 0.8703125 0.676388888888889
0 0.8328125 0.5944444444444446 0.803125 0.5944444444444446 0.803125 0.6694444444444446 0.8328125 0.6694444444444446
0 0.3515625000000001 0.6888888888888889 0.31328125000000007 0.6888888888888889 0.31328125000000007 0.7555555555555555 0.3515625000000001 0.7555555555555555
0 0.67109375 0.6458333333333335 0.63984375 0.6458333333333335 0.63984375 0.7222222222222222 0.67109375 0.7222222222222222
0 0.72109375 0.7180555555555556 0.6921875 0.7180555555555556 0.6921875 0.7833333333333333 0.72109375 0.7833333333333333
0 0.81484375 0.6583333333333334 0.78046875 0.6583333333333334 0.78046875 0.7305555555555558 0.81484375 0.7305555555555558