0 0.78515625 0.16388888888888906 0.73359375 0.16388888888888906 0.73359375 0.26388888888888906 0.78515625 0.26388888888888906
0 0.70234375 0.17916666666666684 0.65625 0.17916666666666684 0.65625 0.2625000000000002 0.70234375 0.2625000000000002
0 0.69609375 0.2444444444444446 0.64375 0.2444444444444446 0.64375 0.34027777777777796 0.69609375 0.34027777777777796
0 0.61796875 0.2458333333333335 0.56796875 0.2458333333333335 0.56796875 0.3430555555555557 0.61796875 0.3430555555555557
0 0.5796875 0.4069444444444446 0.50625 0.4069444444444446 0.50625 0.5430555555555557 0.5796875 0.5430555555555557
0 0.5234375 0.11250000000000011 0.48984375 0.11250000000000011 0.48984375 0.17777777777777787 0.5234375 0.17777777777777787
0 0.46484375 0.20833333333333343 0.4296875 0.20833333333333343 0.4296875 0.27638888888888896 0.46484375 0.27638888888888896
0 0.40703125 0.17777777777777787 0.37421875 0.17777777777777787 0.37421875 0.23888888888888896 0.40703125 0.23888888888888896
0 0.371875 0.27638888888888896 0.33515625 0.27638888888888896 0.33515625 0.351388888888889 0.371875 0.351388888888889
0 0.3421875 0.20000000000000007 0.31328125 0.20000000000000007 0.31328125 0.26250000000000007 0.3421875 0.26250000000000007
0 0.309375 0.21527777777777785 0.278125 0.21527777777777785 0.278125 0.2805555555555556 0.309375 0.2805555555555556
0 0.403125 0.3333333333333334 0.34921875 0.3333333333333334 0.34921875 0.4333333333333334 0.403125 0.4333333333333335
0 0.3171875 0.2611111111111112 0.28203125 0.2611111111111112 0.28203125 0.3361111111111112 0.3171875 0.3361111111111112
0 0.234375 0.2750000000000001 0.20078125 0.2750000000000001 0.20078125 0.3500000000000001 0.234375 0.3500000000000001
0 0.3125 0.3236111111111112 0.271875 0.3236111111111112 0.271875 0.4111111111111111 0.3125 0.4111111111111111
0 0.259375 0.32500000000000007 0.22578125 0.32500000000000007 0.22578125 0.3902777777777778 0.259375 0.3902777777777778
0 0.5 0.1527777777777779 0.459375 0.1527777777777779 0.459375 0.23194444444444454 0.5 0.23194444444444454
0 0.44921875 0.17083333333333342 0.4203125 0.17083333333333342 0.4203125 0.2250000000000001 0.44921875 0.2250000000000001
0 0.42734375 0.21527777777777785 0.371875 0.21527777777777785 0.371875 0.32638888888888895 0.42734375 0.32638888888888895
0 0.23203125 0.4111111111111111 0.19531250000000006 0.4111111111111111 0.19531250000000006 0.4847222222222222 0.23203125 0.4847222222222222
0 0.15468750000000003 0.4222222222222222 0.11953125000000005 0.4222222222222222 0.11953125000000005 0.49722222222222223 0.15468750000000003 0.49722222222222223
0 0.19296875000000005 0.41805555555555557 0.15781250000000005 0.41805555555555557 0.15781250000000005 0.4986111111111111 0.19296875000000005 0.4986111111111111
0 0.66796875 0.19722222222222238 0.625 0.19722222222222238 0.625 0.27222222222222237 0.66796875 0.27222222222222237
0 0.34921875 0.3208333333333334 0.3125 0.3208333333333334 0.3125 0.4027777777777778 0.34921875 0.4027777777777778
0 0.290625 0.2750000000000001 0.25703125 0.2750000000000001 0.25703125 0.34583333333333344 0.290625 0.34583333333333344
0 0.20859375 0.3513888888888889 0.16875000000000004 0.35138888888888886 0.16875000000000004 0.4305555555555556 0.20859375 0.4305555555555556