0 0.803125 0.3055555555555557 0.7609375 0.3055555555555557 0.7609375 0.37638888888888905 0.803125 0.37638888888888905
0 0.7375 0.25138888888888905 0.7 0.25138888888888905 0.7 0.32083333333333347 0.7375 0.32083333333333347
0 0.6640625 0.24722222222222237 0.63671875 0.24722222222222237 0.63671875 0.31250000000000017 0.6640625 0.31250000000000017
0 0.696875 0.35555555555555574 0.6546875 0.35555555555555574 0.6546875 0.4347222222222224 0.696875 0.4347222222222224
0 0.634375 0.32083333333333347 0.59765625 0.32083333333333347 0.59765625 0.3930555555555557 0.634375 0.3930555555555557
0 0.58125 0.40416666666666684 0.52734375 0.40416666666666684 0.52734375 0.5111111111111113 0.58125 0.5111111111111113
0 0.578125 0.1402777777777779 0.55078125 0.1402777777777779 0.55078125 0.1958333333333335 0.578125 0.1958333333333335
0 0.5234375 0.1402777777777779 0.5 0.1402777777777779 0.5 0.1861111111111112 0.5234375 0.1861111111111112
0 0.50234375 0.1833333333333334 0.48046875 0.1833333333333334 0.48046875 0.24166666666666675 0.50234375 0.24166666666666675
0 0.46796875 0.1472222222222223 0.4484375 0.1472222222222223 0.4484375 0.1847222222222223 0.46796875 0.1847222222222223
0 0.43515625 0.15694444444444453 0.41171875 0.15694444444444453 0.41171875 0.19166666666666674 0.43515625 0.19166666666666674
0 0.4015625 0.20833333333333343 0.37734375 0.20833333333333343 0.37734375 0.26388888888888895 0.4015625 0.26388888888888895
0 0.37421875 0.15138888888888896 0.35234375 0.15138888888888896 0.35234375 0.1972222222222223 0.37421875 0.1972222222222223
0 0.340625 0.12916666666666674 0.32109375 0.12916666666666674 0.32109375 0.17916666666666675 0.340625 0.17916666666666675
0 0.37109375 0.2472222222222223 0.3421875 0.2472222222222223 0.3421875 0.31111111111111117 0.37109375 0.31111111111111117
0 0.3453125 0.19027777777777785 0.32265625 0.19027777777777785 0.32265625 0.23888888888888896 0.3453125 0.23888888888888896
0 0.25546875 0.1861111111111112 0.23671875 0.1861111111111112 0.23671875 0.2361111111111112 0.25546875 0.2361111111111112
0 0.33671875 0.23194444444444454 0.31640625 0.23194444444444454 0.31640625 0.29027777777777786 0.33671875 0.29027777777777786
0 0.27109375 0.24027777777777787 0.24375 0.24027777777777787 0.24375 0.2958333333333334 0.27109375 0.2958333333333334
0 0.21953125 0.24166666666666675 0.19921875 0.24166666666666675 0.19921875 0.2847222222222223 0.21953125 0.2847222222222223
0 0.52421875 0.18194444444444452 0.5015625 0.18194444444444452 0.5015625 0.23750000000000007 0.52421875 0.23750000000000007
0 0.490625 0.15972222222222235 0.4671875 0.15972222222222235 0.4671875 0.20416666666666675 0.490625 0.20416666666666675
0 0.44140625 0.1861111111111112 0.40546875 0.1861111111111112 0.40546875 0.2527777777777779 0.44140625 0.2527777777777779
0 0.31875 0.17083333333333342 0.2921875 0.17083333333333342 0.2921875 0.22916666666666674 0.31875 0.22916666666666674
0 0.24765625 0.3000000000000001 0.21875 0.3000000000000001 0.21875 0.3625 0.24765625 0.3625
0 0.18281250000000002 0.2666666666666667 0.1578125 0.26666666666666666 0.15781250000000002 0.3236111111111111 0.18281250000000004 0.3236111111111112
0 0.209375 0.28333333333333344 0.18671875 0.28333333333333344 0.18671875000000002 0.34583333333333344 0.209375 0.34583333333333344
