0 0.7921875 0.24166666666666684 0.7453125 0.24166666666666684 0.7453125 0.32083333333333347 0.7921875 0.32083333333333347
0 0.72421875 0.20138888888888903 0.68203125 0.20138888888888903 0.68203125 0.27916666666666684 0.72421875 0.27916666666666684
0 0.65 0.21388888888888904 0.61796875 0.21388888888888904 0.61796875 0.2847222222222224 0.65 0.2847222222222224
0 0.69140625 0.31388888888888905 0.64375 0.31388888888888905 0.64375 0.4013888888888891 0.69140625 0.4013888888888891
0 0.6265625 0.29305555555555574 0.58515625 0.29305555555555574 0.58515625 0.3722222222222224 0.6265625 0.3722222222222224
0 0.58125 0.3875000000000002 0.5203125 0.3875000000000002 0.5203125 0.5055555555555558 0.58125 0.5055555555555558
0 0.55703125 0.1250000000000001 0.5265625 0.1250000000000001 0.5265625 0.18611111111111123 0.55703125 0.18611111111111128
0 0.50234375 0.138888888888889 0.47578125 0.138888888888889 0.47578125 0.18888888888888897 0.50234375 0.18888888888888897
0 0.484375 0.1847222222222223 0.45859375 0.1847222222222223 0.45859375 0.2472222222222223 0.484375 0.2472222222222223
0 0.446875 0.15694444444444453 0.425 0.15694444444444453 0.425 0.19861111111111118 0.446875 0.19861111111111118
0 0.4140625 0.1736111111111112 0.3890625 0.1736111111111112 0.3890625 0.21250000000000008 0.4140625 0.21250000000000008
0 0.3859375 0.23055555555555562 0.3578125 0.23055555555555562 0.3578125 0.29166666666666674 0.3859375 0.29166666666666674
0 0.3546875 0.18194444444444452 0.3296875 0.18194444444444452 0.3296875 0.23194444444444454 0.3546875 0.23194444444444454
0 0.3203125 0.16666666666666674 0.29765625 0.16666666666666674 0.29765625 0.21944444444444453 0.3203125 0.21944444444444453
0 0.359375 0.27777777777777785 0.32578125 0.27777777777777785 0.32578125 0.3472222222222223 0.359375 0.3472222222222223
0 0.32890625 0.22638888888888897 0.303125 0.22638888888888897 0.303125 0.27916666666666673 0.32890625 0.27916666666666673
0 0.2390625 0.24305555555555564 0.2171875 0.24305555555555564 0.2171875 0.2958333333333334 0.2390625 0.2958333333333334
0 0.3234375 0.26944444444444454 0.29921875 0.26944444444444454 0.29921875 0.33194444444444454 0.3234375 0.33194444444444454
0 0.25859375 0.29166666666666674 0.228125 0.29166666666666674 0.228125 0.35277777777777786 0.25859375 0.35277777777777786
0 0.20703125 0.30416666666666675 0.18359375 0.30416666666666675 0.18359375000000003 0.351388888888889 0.20703125 0.351388888888889
0 0.50625 0.17916666666666675 0.4796875 0.17916666666666675 0.4796875 0.23888888888888896 0.50625 0.23888888888888896
0 0.4703125 0.163888888888889 0.44453125 0.16388888888888897 0.44453125 0.21388888888888896 0.4703125 0.21388888888888896
0 0.425 0.20000000000000007 0.384375 0.20000000000000007 0.384375 0.2750000000000001 0.425 0.2750000000000001
0 0.3015625 0.21250000000000008 0.27109375 0.21250000000000008 0.27109375 0.27638888888888896 0.3015625 0.27638888888888896
0 0.23984375 0.35694444444444445 0.20703125 0.35694444444444445 0.20703125 0.425 0.23984375 0.425
0 0.17343750000000005 0.33611111111111114 0.14453125000000006 0.33611111111111114 0.14453125000000006 0.39861111111111114 0.17343750000000005 0.39861111111111114
0 0.20078125 0.34722222222222227 0.17421875000000003 0.3472222222222222 0.17421875000000003 0.41388888888888886 0.20078125 0.41388888888888886
