0 0.23984375 0.30555555555555564 0.196875 0.30555555555555564 0.19687500000000002 0.3763888888888889 0.23984375 0.3763888888888889
0 0.3 0.251388888888889 0.2625 0.251388888888889 0.2625 0.3208333333333334 0.3 0.3208333333333334
0 0.36328125 0.2472222222222223 0.3359375 0.2472222222222223 0.3359375 0.31250000000000006 0.36328125 0.31250000000000006
0 0.3453125 0.35555555555555557 0.303125 0.35555555555555557 0.303125 0.43472222222222223 0.3453125 0.43472222222222223
0 0.40234375 0.3208333333333334 0.365625 0.3208333333333334 0.365625 0.39166666666666683 0.40234375 0.39166666666666683
0 0.47265625 0.40416666666666684 0.41875 0.40416666666666684 0.41875 0.5111111111111113 0.47265625 0.5111111111111113
0 0.44921875 0.13888888888888898 0.421875 0.13888888888888898 0.421875 0.19444444444444453 0.44921875 0.19444444444444453
0 0.5 0.1402777777777779 0.4765625 0.1402777777777779 0.4765625 0.1861111111111112 0.5 0.1861111111111112
0 0.51953125 0.1833333333333334 0.49765625 0.1833333333333334 0.49765625 0.24027777777777787 0.51953125 0.24027777777777787
0 0.5515625 0.14722222222222234 0.53203125 0.14722222222222234 0.53203125 0.18472222222222234 0.5515625 0.18472222222222237
0 0.58828125 0.15555555555555567 0.565625 0.15555555555555567 0.565625 0.19027777777777793 0.58828125 0.19027777777777793
0 0.6234375 0.2069444444444446 0.5984375 0.2069444444444446 0.5984375 0.2625000000000002 0.6234375 0.2625000000000002
0 0.64765625 0.15138888888888902 0.62578125 0.15138888888888902 0.62578125 0.19722222222222238 0.64765625 0.19722222222222238
0 0.67890625 0.12916666666666682 0.659375 0.12916666666666682 0.659375 0.17777777777777792 0.67890625 0.17777777777777792
0 0.6578125 0.24722222222222237 0.62890625 0.24722222222222237 0.62890625 0.3111111111111113 0.6578125 0.3111111111111113
0 0.67734375 0.19027777777777793 0.6546875 0.19027777777777793 0.6546875 0.23888888888888904 0.67734375 0.23888888888888904
0 0.76328125 0.18611111111111128 0.74453125 0.18611111111111128 0.74453125 0.23611111111111127 0.76328125 0.23611111111111127
0 0.68359375 0.2319444444444446 0.66328125 0.2319444444444446 0.66328125 0.2902777777777779 0.68359375 0.2902777777777779
0 0.75625 0.23888888888888904 0.7296875 0.23888888888888904 0.7296875 0.2944444444444446 0.75625 0.2944444444444446
0 0.8015625 0.24027777777777792 0.78046875 0.24027777777777792 0.78046875 0.2833333333333335 0.8015625 0.2833333333333335
0 0.4984375 0.18194444444444452 0.47578125 0.18194444444444452 0.47578125 0.23750000000000007 0.4984375 0.23750000000000007
0 0.5328125 0.15833333333333346 0.509375 0.15833333333333346 0.509375 0.20277777777777786 0.5328125 0.20277777777777786
0 0.59453125 0.18472222222222237 0.55859375 0.18472222222222237 0.55859375 0.25277777777777793 0.59453125 0.25277777777777793
0 0.7078125 0.1708333333333335 0.68125 0.1708333333333335 0.68125 0.22916666666666682 0.7078125 0.22916666666666682
0 0.78125 0.30000000000000016 0.75234375 0.30000000000000016 0.75234375 0.36250000000000016 0.78125 0.36250000000000016
0 0.8421875 0.26666666666666683 0.8171875 0.26666666666666683 0.8171875 0.3236111111111113 0.8421875 0.3236111111111113
0 0.81328125 0.2833333333333335 0.790625 0.2833333333333335 0.790625 0.3458333333333335 0.81328125 0.3458333333333335
