0 0.79765625 0.2694444444444446 0.7578125 0.2694444444444446 0.7578125 0.3444444444444446 0.79765625 0.3444444444444446
0 0.73046875 0.22361111111111126 0.68984375 0.22361111111111126 0.68984375 0.2972222222222224 0.73046875 0.2972222222222224
0 0.65625 0.22777777777777794 0.62265625 0.22777777777777794 0.62265625 0.2972222222222224 0.65625 0.2972222222222224
0 0.70234375 0.31250000000000017 0.665625 0.31250000000000017 0.665625 0.38472222222222235 0.70234375 0.38472222222222235
0 0.62734375 0.30138888888888904 0.58828125 0.30138888888888904 0.58828125 0.37777777777777793 0.62734375 0.37777777777777793
0 0.58046875 0.37777777777777793 0.52421875 0.37777777777777793 0.52421875 0.4944444444444446 0.58046875 0.4944444444444446
0 0.565625 0.13055555555555567 0.53671875 0.13055555555555567 0.53671875 0.188888888888889 0.565625 0.18888888888888905
0 0.515625 0.13750000000000012 0.490625 0.13750000000000012 0.490625 0.1861111111111112 0.515625 0.1861111111111112
0 0.4921875 0.1833333333333334 0.46796875 0.1833333333333334 0.46796875 0.24444444444444452 0.4921875 0.24444444444444452
0 0.48203125 0.1277777777777779 0.4609375 0.1277777777777779 0.4609375 0.16805555555555568 0.48203125 0.16805555555555568
0 0.42578125 0.16527777777777786 0.4015625 0.16527777777777786 0.4015625 0.20277777777777786 0.42578125 0.20277777777777786
0 0.3921875 0.2208333333333334 0.365625 0.2208333333333334 0.365625 0.27916666666666673 0.3921875 0.27916666666666673
0 0.3625 0.16805555555555562 0.3390625 0.16805555555555562 0.3390625 0.21666666666666676 0.3625 0.21666666666666676
0 0.3296875 0.15555555555555564 0.30859375 0.15555555555555564 0.30859375 0.20694444444444451 0.3296875 0.20694444444444451
0 0.3609375 0.26944444444444454 0.3296875 0.26944444444444454 0.3296875 0.3361111111111112 0.3609375 0.3361111111111112
0 0.3359375 0.2111111111111112 0.3109375 0.2111111111111112 0.3109375 0.26250000000000007 0.3359375 0.26250000000000007
0 0.26015625 0.20416666666666675 0.2296875 0.20416666666666675 0.2296875 0.2666666666666667 0.26015625 0.2666666666666667
0 0.32265625 0.2597222222222223 0.3 0.2597222222222223 0.3 0.31944444444444453 0.32265625 0.31944444444444453
0 0.26328125 0.26944444444444454 0.234375 0.26944444444444454 0.234375 0.32777777777777783 0.26328125 0.32777777777777783
0 0.21171875 0.27638888888888896 0.18984375 0.27638888888888896 0.18984375 0.3222222222222223 0.21171875 0.3222222222222223
0 0.5140625 0.18055555555555564 0.4890625 0.18055555555555564 0.4890625 0.23750000000000007 0.5140625 0.23750000000000007
0 0.47578125 0.1666666666666668 0.4546875 0.1666666666666668 0.4546875 0.21944444444444453 0.47578125 0.21944444444444453
0 0.43203125 0.19305555555555565 0.40078125 0.19305555555555565 0.40078125 0.2527777777777779 0.43203125 0.2527777777777779
0 0.30859375 0.19444444444444453 0.2796875 0.19444444444444453 0.2796875 0.25555555555555565 0.30859375 0.25555555555555565
0 0.234375 0.33055555555555566 0.203125 0.33055555555555566 0.203125 0.3972222222222222 0.234375 0.3972222222222222
0 0.1765625 0.30694444444444446 0.14921875 0.30694444444444446 0.14921875 0.36666666666666664 0.17656250000000004 0.36666666666666664
0 0.20390625 0.3194444444444445 0.17890625 0.3194444444444444 0.17890625000000002 0.38472222222222224 0.20390625 0.38472222222222224
