0 0.80546875 0.613888888888889 0.7671875 0.613888888888889 0.7671875 0.6861111111111112 0.80546875 0.6861111111111112
0 0.740625 0.6722222222222224 0.70234375 0.6722222222222224 0.70234375 0.7430555555555557 0.740625 0.7430555555555559
0 0.66640625 0.6819444444444446 0.63515625 0.6819444444444446 0.63515625 0.7486111111111111 0.66640625 0.7486111111111111
0 0.70859375 0.5875000000000001 0.6734375 0.5875000000000001 0.6734375 0.6569444444444446 0.70859375 0.6569444444444446
0 0.634375 0.6083333333333335 0.596875 0.6083333333333335 0.596875 0.6805555555555557 0.634375 0.6805555555555557
0 0.58203125 0.501388888888889 0.52890625 0.501388888888889 0.52890625 0.6125000000000002 0.58203125 0.6125000000000002
0 0.58203125 0.8027777777777778 0.5546875 0.8027777777777778 0.5546875 0.8597222222222223 0.58203125 0.8597222222222223
0 0.53203125 0.8138888888888889 0.5078125 0.8138888888888889 0.5078125 0.8597222222222223 0.53203125 0.8597222222222223
0 0.50546875 0.7597222222222222 0.4828125 0.7597222222222222 0.4828125 0.8180555555555555 0.50546875 0.8180555555555555
0 0.49921875 0.8361111111111111 0.4796875 0.8361111111111111 0.4796875 0.875 0.49921875 0.875
0 0.44140625 0.8125 0.41796875 0.8125 0.41796875 0.8472222222222222 0.44140625 0.8472222222222222
0 0.40390625 0.7402777777777778 0.3789062500000001 0.7402777777777778 0.3789062500000001 0.7972222222222223 0.40390625 0.7972222222222223
0 0.3781250000000001 0.8069444444444445 0.3554687500000001 0.8069444444444445 0.3554687500000001 0.8527777777777777 0.3781250000000001 0.8527777777777777
0 0.3453125000000001 0.8222222222222222 0.3257812500000001 0.8222222222222222 0.3257812500000001 0.8722222222222222 0.3453125000000001 0.8722222222222222
0 0.3703125000000001 0.688888888888889 0.34062500000000007 0.6888888888888889 0.34062500000000007 0.7527777777777778 0.3703125000000001 0.7527777777777778
0 0.34843750000000007 0.7652777777777777 0.32500000000000007 0.7652777777777777 0.32500000000000007 0.8152777777777778 0.34843750000000007 0.8152777777777778
0 0.2734375000000001 0.775 0.2445312500000001 0.775 0.2445312500000001 0.8347222222222223 0.2734375000000001 0.8347222222222223
0 0.33281250000000007 0.7097222222222223 0.3117187500000001 0.7097222222222223 0.3117187500000001 0.7680555555555556 0.33281250000000007 0.7680555555555556
0 0.2734375000000001 0.7125 0.24609375000000008 0.7125 0.24609375000000008 0.7694444444444445 0.2734375000000001 0.7694444444444445
0 0.2218750000000001 0.725 0.20078125000000008 0.725 0.20078125000000008 0.7680555555555556 0.2218750000000001 0.7680555555555556
0 0.528125 0.7625 0.5046875 0.7625 0.5046875 0.8180555555555555 0.528125 0.8180555555555555
0 0.490625 0.7861111111111111 0.47109375 0.7861111111111111 0.47109375 0.8375 0.490625 0.8375
0 0.4453125 0.7611111111111111 0.415625 0.7611111111111111 0.415625 0.8180555555555555 0.4453125 0.8180555555555555
0 0.3226562500000001 0.7777777777777778 0.2953125000000001 0.7777777777777778 0.2953125000000001 0.8361111111111111 0.3226562500000001 0.8361111111111111
0 0.2414062500000001 0.6486111111111111 0.2117187500000001 0.6486111111111111 0.2117187500000001 0.7125 0.2414062500000001 0.7125
0 0.18515625000000005 0.6861111111111111 0.15937500000000004 0.6861111111111111 0.15937500000000004 0.7444444444444445 0.18515625000000005 0.7444444444444445
0 0.2117187500000001 0.6638888888888889 0.18906250000000005 0.6638888888888889 0.18906250000000005 0.7277777777777777 0.2117187500000001 0.7277777777777777
