0 0.2429687500000001 0.6569444444444444 0.20312500000000008 0.6569444444444444 0.20312500000000008 0.7319444444444444 0.2429687500000001 0.7319444444444444
0 0.3085937500000001 0.6833333333333333 0.2679687500000001 0.6833333333333333 0.2679687500000001 0.7569444444444444 0.3085937500000001 0.7569444444444444
0 0.32890625000000007 0.6152777777777778 0.2921875 0.6152777777777778 0.29218750000000004 0.6875 0.32890625000000007 0.6875
0 0.409375 0.6333333333333335 0.3703125 0.6333333333333335 0.37031250000000004 0.7097222222222224 0.409375 0.7097222222222224
0 0.48828125 0.44722222222222235 0.42421875 0.44722222222222235 0.42421875 0.5666666666666669 0.48828125 0.5666666666666669
0 0.4734375 0.8055555555555556 0.43515625 0.8055555555555556 0.43515625 0.8777777777777778 0.4734375 0.8777777777777778
0 0.56015625 0.7319444444444444 0.53203125 0.7319444444444444 0.53203125 0.7944444444444444 0.56015625 0.7944444444444444
0 0.596875 0.8 0.57265625 0.8 0.57265625 0.8375 0.596875 0.8375
0 0.640625 0.7041666666666668 0.6140625 0.7041666666666668 0.6140625 0.7625 0.640625 0.7625
0 0.65859375 0.7888888888888889 0.63125 0.7888888888888889 0.63125 0.8472222222222222 0.65859375 0.8472222222222222
0 0.690625 0.7875 0.66953125 0.7875 0.66953125 0.8388888888888889 0.690625 0.8388888888888889
0 0.67109375 0.6638888888888891 0.63984375 0.6638888888888891 0.63984375 0.7305555555555555 0.67109375 0.7305555555555555
0 0.6890625 0.7375 0.6640625 0.7375 0.6640625 0.7888888888888889 0.6890625 0.7888888888888889
0 0.77109375 0.7347222222222225 0.740625 0.7347222222222225 0.740625 0.7972222222222225 0.77109375 0.7972222222222225
0 0.70078125 0.6625000000000002 0.67421875 0.6625000000000002 0.67421875 0.7402777777777778 0.70078125 0.7402777777777778
0 0.765625 0.6777777777777779 0.73671875 0.6777777777777779 0.73671875 0.7361111111111114 0.765625 0.7361111111111114
0 0.8140625 0.6694444444444446 0.784375 0.6694444444444446 0.784375 0.7250000000000003 0.8140625 0.7250000000000003
0 0.51015625 0.7680555555555556 0.47734375 0.7680555555555556 0.47734375 0.8347222222222223 0.51015625 0.8347222222222223
0 0.546875 0.7763888888888889 0.52109375 0.7763888888888889 0.52109375 0.8430555555555556 0.546875 0.8430555555555556
0 0.5984375 0.6944444444444446 0.55859375 0.6944444444444446 0.55859375 0.8013888888888889 0.5984375 0.8013888888888889
0 0.71953125 0.7402777777777778 0.690625 0.7402777777777778 0.690625 0.8013888888888889 0.71953125 0.8013888888888889
0 0.79609375 0.6069444444444446 0.76484375 0.6069444444444446 0.76484375 0.6736111111111113 0.79609375 0.6736111111111113
0 0.8671875 0.627777777777778 0.83984375 0.627777777777778 0.83984375 0.6875000000000001 0.8671875 0.6875000000000001
0 0.83046875 0.6166666666666668 0.8015625 0.6166666666666668 0.8015625 0.6819444444444446 0.83046875 0.6819444444444446
0 0.62890625 0.613888888888889 0.58671875 0.613888888888889 0.58671875 0.6916666666666669 0.62890625 0.6916666666666669