0 0.25 0.24166666666666675 0.2078125 0.24166666666666675 0.2078125 0.3208333333333334 0.25 0.3208333333333334
0 0.31640625 0.2222222222222223 0.27421875 0.2222222222222223 0.27421875 0.3000000000000001 0.31640625 0.3000000000000001
0 0.334375 0.2944444444444445 0.2953125 0.2944444444444445 0.2953125 0.36944444444444446 0.334375 0.36944444444444446
0 0.41640625 0.27916666666666673 0.375 0.27916666666666673 0.375 0.3583333333333335 0.41640625 0.3583333333333335
0 0.490625 0.4277777777777779 0.4234375 0.4277777777777779 0.4234375 0.551388888888889 0.490625 0.551388888888889
0 0.484375 0.11805555555555565 0.44453125 0.11805555555555564 0.44453125 0.19305555555555565 0.484375 0.19305555555555565
0 0.56875 0.20972222222222234 0.5390625 0.2097222222222223 0.5390625 0.27500000000000013 0.56875 0.27500000000000013
0 0.60703125 0.17083333333333345 0.58203125 0.17083333333333345 0.58203125 0.2097222222222224 0.60703125 0.2097222222222224
0 0.6484375 0.24861111111111128 0.6203125 0.24861111111111128 0.6203125 0.3097222222222224 0.6484375 0.3097222222222224
0 0.66875 0.16527777777777794 0.63984375 0.16527777777777794 0.63984375 0.22638888888888906 0.66875 0.22638888888888906
0 0.70078125 0.17777777777777792 0.678125 0.17777777777777792 0.678125 0.2305555555555557 0.70078125 0.2305555555555557
0 0.67734375 0.2833333333333335 0.64375 0.2833333333333335 0.64375 0.3527777777777779 0.67734375 0.3527777777777779
0 0.69765625 0.22777777777777794 0.671875 0.22777777777777794 0.671875 0.2805555555555557 0.69765625 0.2805555555555557
0 0.77890625 0.22638888888888906 0.746875 0.22638888888888906 0.746875 0.29166666666666685 0.77890625 0.29166666666666685
0 0.7078125 0.2763888888888891 0.67890625 0.2763888888888891 0.67890625 0.3569444444444446 0.7078125 0.3569444444444446
0 0.771875 0.28611111111111126 0.74140625 0.28611111111111126 0.74140625 0.3472222222222224 0.771875 0.3472222222222224
0 0.8203125 0.3027777777777779 0.7890625 0.3027777777777779 0.7890625 0.36111111111111127 0.8203125 0.36111111111111127
0 0.51953125 0.16527777777777788 0.48515625 0.16527777777777788 0.48515625 0.23333333333333342 0.51953125 0.23333333333333342
0 0.55703125 0.15972222222222235 0.52890625 0.15972222222222235 0.52890625 0.22777777777777788 0.55703125 0.22777777777777794
0 0.60703125 0.2055555555555557 0.56484375 0.2055555555555557 0.56484375 0.31527777777777793 0.60703125 0.31527777777777793
0 0.728125 0.2166666666666668 0.69765625 0.2166666666666668 0.69765625 0.2805555555555557 0.728125 0.2805555555555557
0 0.8 0.3527777777777779 0.7671875 0.3527777777777779 0.7671875 0.4208333333333335 0.8 0.4208333333333335
0 0.871875 0.3458333333333335 0.84296875 0.3458333333333335 0.84296875 0.4083333333333335 0.871875 0.4083333333333335
0 0.83515625 0.3472222222222224 0.8046875 0.3472222222222224 0.8046875 0.41388888888888903 0.83515625 0.41388888888888903
0 0.634375 0.3166666666666668 0.58984375 0.3166666666666668 0.58984375 0.39861111111111125 0.634375 0.39861111111111125