0 0.234375 0.30555555555555564 0.196875 0.30555555555555564 0.19687500000000002 0.3763888888888889 0.234375 0.3763888888888889
0 0.29296875 0.2875000000000001 0.2546875 0.2875000000000001 0.2546875 0.35694444444444445 0.29296875 0.35694444444444445
0 0.321875 0.33888888888888896 0.2875 0.33888888888888896 0.2875 0.40694444444444444 0.321875 0.40694444444444444
0 0.4 0.30416666666666675 0.359375 0.30416666666666675 0.359375 0.38055555555555565 0.4 0.3805555555555557
0 0.48515625 0.36111111111111127 0.42578125 0.36111111111111127 0.42578125 0.4722222222222224 0.48515625 0.4722222222222224
0 0.45859375 0.13055555555555565 0.4234375 0.13055555555555565 0.4234375 0.19861111111111118 0.45859375 0.19861111111111118
0 0.5390625 0.1527777777777779 0.51484375 0.1527777777777779 0.51484375 0.2097222222222223 0.5390625 0.2097222222222223
0 0.5796875 0.15138888888888902 0.55703125 0.15138888888888902 0.55703125 0.18472222222222237 0.5796875 0.18472222222222237
0 0.63046875 0.22361111111111126 0.60546875 0.22361111111111126 0.60546875 0.27916666666666684 0.63046875 0.27916666666666684
0 0.64453125 0.13750000000000015 0.61953125 0.13750000000000012 0.61953125 0.1930555555555557 0.64453125 0.1930555555555557
0 0.67734375 0.14027777777777795 0.6578125 0.14027777777777795 0.6578125 0.19027777777777793 0.67734375 0.19027777777777793
0 0.66171875 0.25277777777777793 0.63203125 0.25277777777777793 0.63203125 0.31527777777777793 0.66171875 0.31527777777777793
0 0.67109375 0.19027777777777793 0.6484375 0.19027777777777793 0.6484375 0.23888888888888904 0.67109375 0.23888888888888904
0 0.75859375 0.17361111111111127 0.73046875 0.17361111111111127 0.73046875 0.2333333333333335 0.75859375 0.2333333333333335
0 0.7015625 0.23750000000000016 0.6671875 0.23750000000000016 0.6671875 0.32222222222222235 0.7015625 0.32222222222222235
0 0.75546875 0.2347222222222224 0.728125 0.2347222222222224 0.728125 0.2902777777777779 0.75546875 0.2902777777777779
0 0.8046875 0.24027777777777792 0.7765625 0.24027777777777792 0.7765625 0.29305555555555574 0.8046875 0.29305555555555574
0 0.496875 0.16944444444444456 0.46640625 0.16944444444444456 0.46640625 0.23194444444444454 0.496875 0.23194444444444454
0 0.52578125 0.19027777777777785 0.5015625 0.19027777777777785 0.5015625 0.2527777777777779 0.52578125 0.2527777777777779
0 0.584375 0.1930555555555557 0.54921875 0.1930555555555557 0.54921875 0.2944444444444446 0.584375 0.2944444444444446
0 0.703125 0.17500000000000016 0.6765625 0.17500000000000016 0.6765625 0.2333333333333335 0.703125 0.2333333333333335
0 0.80859375 0.32916666666666683 0.7796875 0.32916666666666683 0.7796875 0.39166666666666683 0.80859375 0.39166666666666683
0 0.8578125 0.2708333333333335 0.8328125 0.2708333333333335 0.8328125 0.32916666666666683 0.8578125 0.32916666666666683
0 0.821875 0.2819444444444446 0.79609375 0.2819444444444446 0.79609375 0.3430555555555557 0.821875 0.3430555555555557
0 0.62109375 0.2958333333333335 0.58125 0.2958333333333335 0.58125 0.3694444444444446 0.62109375 0.3694444444444446