0 0.23437500000000006 0.6236111111111111 0.19687500000000005 0.6236111111111111 0.19687500000000005 0.6944444444444444 0.23437500000000008 0.6944444444444444
0 0.29296875000000006 0.6430555555555556 0.25546875 0.6430555555555556 0.25546875 0.7125 0.2929687500000001 0.7125
0 0.321875 0.5930555555555556 0.2875 0.5930555555555556 0.28750000000000003 0.6611111111111111 0.3218750000000001 0.6611111111111111
0 0.4 0.6194444444444446 0.36015625 0.6194444444444445 0.36015625000000007 0.6958333333333334 0.4 0.6958333333333335
0 0.48515625 0.5277777777777779 0.42578125 0.5277777777777779 0.42578125 0.640277777777778 0.48515625 0.640277777777778
0 0.459375 0.8013888888888889 0.4234375 0.8013888888888889 0.4234375 0.8694444444444445 0.459375 0.8694444444444445
0 0.5390625 0.7902777777777777 0.51484375 0.7902777777777777 0.51484375 0.8472222222222222 0.5390625 0.8472222222222222
0 0.58046875 0.8152777777777778 0.55703125 0.8152777777777778 0.55703125 0.85 0.58046875 0.85
0 0.63046875 0.7208333333333333 0.60625 0.7208333333333333 0.60625 0.7763888888888889 0.63046875 0.7763888888888889
0 0.64453125 0.8083333333333333 0.61953125 0.8083333333333333 0.61953125 0.8638888888888889 0.64453125 0.8638888888888889
0 0.67734375 0.8097222222222222 0.6578125 0.8097222222222222 0.6578125 0.8597222222222223 0.67734375 0.8597222222222223
0 0.66171875 0.6847222222222223 0.6328125 0.6847222222222223 0.6328125 0.7486111111111111 0.66171875 0.7486111111111111
0 0.67109375 0.7611111111111111 0.6484375 0.7611111111111111 0.6484375 0.8097222222222222 0.67109375 0.8097222222222222
0 0.75859375 0.7666666666666669 0.73046875 0.7666666666666669 0.73046875 0.8263888888888892 0.75859375 0.8263888888888892
0 0.70234375 0.6791666666666668 0.6671875 0.6791666666666668 0.6671875 0.7625 0.70234375 0.7625
0 0.75546875 0.7097222222222224 0.728125 0.7097222222222224 0.728125 0.7652777777777781 0.75546875 0.7652777777777781
0 0.8046875 0.7069444444444446 0.7765625 0.7069444444444446 0.7765625 0.7597222222222225 0.8046875 0.7597222222222225
0 0.49765625 0.7680555555555556 0.4671875 0.7680555555555556 0.4671875 0.8305555555555556 0.49765625 0.8305555555555556
0 0.52578125 0.7472222222222222 0.50234375 0.7472222222222222 0.50234375 0.8111111111111111 0.52578125 0.8111111111111111
0 0.58515625 0.7055555555555557 0.54921875 0.7055555555555557 0.54921875 0.8083333333333333 0.58515625 0.8083333333333333
0 0.703125 0.7666666666666667 0.6765625 0.7666666666666667 0.6765625 0.825 0.703125 0.825
0 0.809375 0.6083333333333335 0.78046875 0.6083333333333335 0.78046875 0.6708333333333335 0.809375 0.6708333333333335
0 0.85859375 0.6722222222222224 0.83359375 0.6722222222222224 0.83359375 0.729166666666667 0.85859375 0.729166666666667
0 0.82265625 0.6569444444444446 0.79609375 0.6569444444444446 0.79609375 0.7194444444444448 0.82265625 0.7194444444444448
0 0.62109375 0.6305555555555558 0.58125 0.6305555555555558 0.58125 0.7041666666666668 0.62109375 0.7041666666666668