0 0.23281250000000003 0.6041666666666666 0.19375000000000003 0.6041666666666666 0.19375000000000003 0.6777777777777778 0.2328125000000001 0.6777777777777778
0 0.290625 0.6277777777777778 0.2515625 0.6277777777777778 0.2515625 0.7 0.2906250000000001 0.7
0 0.32031250000000006 0.5805555555555556 0.284375 0.5805555555555556 0.28437500000000004 0.6513888888888889 0.3203125000000001 0.6513888888888889
0 0.39765625000000004 0.6111111111111112 0.35625 0.6111111111111112 0.35625000000000007 0.6902777777777779 0.3976562500000001 0.690277777777778
0 0.484375 0.5236111111111112 0.42265625 0.5236111111111112 0.42265625 0.6388888888888891 0.484375 0.6388888888888891
0 0.453125 0.7972222222222223 0.41640625 0.7972222222222223 0.41640625 0.8666666666666667 0.453125 0.8666666666666667
0 0.5328125 0.7916666666666666 0.5078125 0.7916666666666666 0.5078125 0.85 0.5328125 0.85
0 0.57421875 0.8180555555555555 0.55 0.8180555555555555 0.55 0.8541666666666666 0.57421875 0.8541666666666666
0 0.62578125 0.7277777777777777 0.6 0.7277777777777777 0.6 0.7847222222222222 0.62578125 0.7847222222222222
0 0.63828125 0.8152777777777778 0.6125 0.8152777777777778 0.6125 0.8722222222222222 0.63828125 0.8722222222222222
0 0.67109375 0.8194444444444444 0.65078125 0.8194444444444444 0.65078125 0.8708333333333333 0.67109375 0.8708333333333333
0 0.6578125 0.6930555555555558 0.62734375 0.6930555555555558 0.62734375 0.7583333333333333 0.6578125 0.7583333333333333
0 0.665625 0.7708333333333334 0.6421875 0.7708333333333334 0.6421875 0.8208333333333333 0.665625 0.8208333333333333
0 0.753125 0.7819444444444446 0.7234375 0.7819444444444444 0.7234375 0.8430555555555557 0.753125 0.8430555555555559
0 0.6984375 0.688888888888889 0.66171875 0.688888888888889 0.66171875 0.775 0.6984375 0.775
0 0.7515625 0.7236111111111113 0.7234375 0.7236111111111111 0.7234375 0.7805555555555557 0.7515625 0.7805555555555559
0 0.8 0.7236111111111114 0.77109375 0.7236111111111114 0.77109375 0.7777777777777781 0.8 0.7777777777777781
0 0.4921875 0.7666666666666667 0.46015625 0.7666666666666667 0.46015625 0.8305555555555556 0.4921875 0.8305555555555556
0 0.52109375 0.7472222222222222 0.49609375 0.7472222222222222 0.49609375 0.8125 0.52109375 0.8125
0 0.58046875 0.7083333333333335 0.54296875 0.7083333333333335 0.54296875 0.8125 0.58046875 0.8125
0 0.6984375 0.7777777777777778 0.6703125 0.7777777777777778 0.6703125 0.8375 0.6984375 0.8375
0 0.80625 0.626388888888889 0.7765625 0.626388888888889 0.7765625 0.690277777777778 0.80625 0.690277777777778
0 0.8546875 0.6930555555555558 0.82890625 0.6930555555555558 0.82890625 0.7513888888888892 0.8546875 0.7513888888888892
0 0.81875 0.6750000000000002 0.79140625 0.6750000000000002 0.79140625 0.7388888888888892 0.81875 0.7388888888888892
0 0.61796875 0.6361111111111113 0.57734375 0.6361111111111113 0.57734375 0.7111111111111111 0.61796875 0.7111111111111111