0 0.234375 0.30555555555555564 0.196875 0.30555555555555564 0.19687500000000002 0.3763888888888889 0.234375 0.3763888888888889
0 0.2921875 0.2875000000000001 0.2546875 0.2875000000000001 0.2546875 0.35694444444444445 0.2921875 0.35694444444444445
0 0.321875 0.33888888888888896 0.2875 0.33888888888888896 0.2875 0.40694444444444444 0.321875 0.40694444444444444
0 0.403125 0.30416666666666675 0.36328125 0.30416666666666675 0.36328125 0.3805555555555557 0.403125 0.3805555555555557
0 0.48515625 0.36111111111111127 0.42578125 0.36111111111111127 0.42578125 0.4722222222222224 0.48515625 0.4722222222222224
0 0.45859375 0.13055555555555565 0.4234375 0.13055555555555565 0.4234375 0.19861111111111118 0.45859375 0.19861111111111118
0 0.54609375 0.15972222222222235 0.521875 0.15972222222222235 0.521875 0.21666666666666679 0.54609375 0.2166666666666668
0 0.5796875 0.15138888888888902 0.55703125 0.15138888888888902 0.55703125 0.18472222222222237 0.5796875 0.18472222222222237
0 0.63046875 0.22361111111111126 0.60546875 0.22361111111111126 0.60546875 0.27916666666666684 0.63046875 0.27916666666666684
0 0.64453125 0.13750000000000015 0.61953125 0.13750000000000012 0.61953125 0.1930555555555557 0.64453125 0.1930555555555557
0 0.67734375 0.14027777777777795 0.6578125 0.14027777777777795 0.6578125 0.19027777777777793 0.67734375 0.19027777777777793
0 0.6703125 0.18611111111111128 0.6390625 0.18611111111111128 0.6390625 0.24861111111111128 0.6703125 0.24861111111111128
0 0.75859375 0.17361111111111127 0.73046875 0.17361111111111127 0.73046875 0.2333333333333335 0.75859375 0.2333333333333335
0 0.7015625 0.23750000000000016 0.6671875 0.23750000000000016 0.6671875 0.32222222222222235 0.7015625 0.32222222222222235
0 0.75546875 0.2347222222222224 0.728125 0.2347222222222224 0.728125 0.2902777777777779 0.75546875 0.2902777777777779
0 0.8046875 0.24027777777777792 0.7765625 0.24027777777777792 0.7765625 0.29305555555555574 0.8046875 0.29305555555555574
0 0.496875 0.17222222222222233 0.46640625 0.17222222222222233 0.46640625 0.2347222222222223 0.496875 0.2347222222222223
0 0.534375 0.19444444444444453 0.503125 0.19444444444444453 0.503125 0.25694444444444453 0.534375 0.25694444444444453
0 0.58203125 0.18750000000000017 0.54609375 0.18750000000000017 0.54609375 0.2902777777777779 0.58203125 0.2902777777777779
0 0.79375 0.3041666666666668 0.765625 0.3041666666666668 0.765625 0.3666666666666668 0.79375 0.3666666666666668
0 0.85859375 0.2708333333333335 0.834375 0.2708333333333335 0.834375 0.32916666666666683 0.85859375 0.32916666666666683
0 0.82109375 0.27777777777777796 0.7953125 0.27777777777777796 0.7953125 0.34027777777777796 0.82109375 0.34027777777777796
0 0.62109375 0.2958333333333335 0.58125 0.2958333333333335 0.58125 0.3694444444444446 0.62109375 0.3694444444444446