0 0.79765625 0.2694444444444446 0.7578125 0.2694444444444446 0.7578125 0.3444444444444446 0.79765625 0.3444444444444446
0 0.73984375 0.25833333333333347 0.69921875 0.25833333333333347 0.69921875 0.3319444444444446 0.73984375 0.3319444444444446
0 0.70859375 0.31250000000000017 0.671875 0.31250000000000017 0.671875 0.38472222222222235 0.70859375 0.38472222222222235
0 0.63203125 0.28888888888888903 0.5890625 0.28888888888888903 0.5890625 0.3694444444444446 0.63203125 0.3694444444444446
0 0.5734375 0.35138888888888903 0.509375 0.351388888888889 0.509375 0.4708333333333335 0.5734375 0.4708333333333335
0 0.56484375 0.12222222222222234 0.5265625 0.12222222222222234 0.5265625 0.19444444444444456 0.56484375 0.19444444444444461
0 0.4671875 0.163888888888889 0.440625 0.16388888888888897 0.440625 0.22361111111111118 0.4671875 0.22361111111111118
0 0.43125 0.1583333333333334 0.40703125 0.1583333333333334 0.40703125 0.19583333333333341 0.43125 0.19583333333333341
0 0.3859375 0.23888888888888896 0.359375 0.23888888888888896 0.359375 0.2972222222222223 0.3859375 0.2972222222222223
0 0.36953125 0.15277777777777785 0.3421875 0.15277777777777785 0.3421875 0.2111111111111112 0.36953125 0.2111111111111112
0 0.33046875 0.1625000000000001 0.309375 0.1625000000000001 0.309375 0.21388888888888896 0.33046875 0.21388888888888896
0 0.3515625 0.20416666666666675 0.31796875 0.20416666666666675 0.31796875 0.2708333333333334 0.3515625 0.2708333333333334
0 0.26015625 0.20416666666666675 0.2296875 0.20416666666666675 0.2296875 0.2666666666666667 0.26015625 0.2666666666666667
0 0.3265625 0.2597222222222223 0.28828125 0.2597222222222223 0.28828125 0.3472222222222223 0.3265625 0.3472222222222223
0 0.2640625 0.26388888888888895 0.23515625 0.26388888888888895 0.23515625 0.3222222222222223 0.2640625 0.3222222222222223
0 0.21640625 0.27638888888888896 0.18671875 0.27638888888888896 0.18671875000000002 0.33194444444444454 0.21640625 0.33194444444444454
0 0.5234375 0.16944444444444456 0.490625 0.16944444444444456 0.490625 0.2361111111111112 0.5234375 0.2361111111111112
0 0.4875 0.19583333333333341 0.45390625 0.19583333333333341 0.45390625 0.26250000000000007 0.4875 0.26250000000000007
0 0.44609375 0.19444444444444453 0.40625 0.19444444444444453 0.40625 0.301388888888889 0.44609375 0.301388888888889
0 0.23046875 0.3375000000000001 0.19921875000000006 0.3375000000000001 0.19921875000000006 0.4041666666666667 0.23046875 0.4041666666666667
0 0.16015625000000003 0.3138888888888889 0.1328125 0.3138888888888889 0.13281250000000003 0.3736111111111111 0.16015625000000006 0.3736111111111111
0 0.2 0.3152777777777778 0.17109375 0.31527777777777777 0.17109375000000002 0.38055555555555554 0.2 0.38055555555555554
0 0.4140625 0.3069444444444445 0.371875 0.3069444444444445 0.371875 0.38472222222222235 0.4140625 0.38472222222222235