0 0.2601562500000001 0.7111111111111111 0.2156250000000001 0.7111111111111111 0.2156250000000001 0.7930555555555555 0.2601562500000001 0.7930555555555555
0 0.3187500000000001 0.7111111111111111 0.27421875000000007 0.7111111111111111 0.27421875000000007 0.7916666666666666 0.3187500000000001 0.7916666666666666
0 0.3429687500000001 0.6513888888888889 0.30156250000000007 0.6513888888888889 0.30156250000000007 0.7305555555555555 0.3429687500000001 0.7305555555555555
0 0.4265625 0.6500000000000001 0.3789062500000001 0.6500000000000001 0.3789062500000001 0.7388888888888889 0.4265625 0.7388888888888889
0 0.5 0.5319444444444446 0.4296875 0.5319444444444446 0.4296875 0.6625000000000002 0.5 0.6625000000000002
0 0.49921875 0.8097222222222222 0.45703125 0.8097222222222222 0.45703125 0.8888888888888888 0.49921875 0.8888888888888888
0 0.58203125 0.7638888888888888 0.55234375 0.7638888888888888 0.55234375 0.8277777777777777 0.58203125 0.8277777777777777
0 0.61640625 0.7819444444444444 0.58984375 0.7819444444444444 0.58984375 0.8236111111111111 0.61640625 0.8236111111111111
0 0.65703125 0.6722222222222224 0.62734375 0.6722222222222224 0.62734375 0.7347222222222223 0.65703125 0.7347222222222223
0 0.68046875 0.7527777777777778 0.65 0.7527777777777778 0.65 0.8152777777777778 0.68046875 0.8152777777777778
0 0.7125 0.7444444444444445 0.68828125 0.7444444444444445 0.68828125 0.8 0.7125 0.8
0 0.7015625 0.688888888888889 0.6640625 0.688888888888889 0.6640625 0.7611111111111111 0.7015625 0.7611111111111111
0 0.7890625 0.6750000000000002 0.7546875 0.6750000000000002 0.7546875 0.7430555555555559 0.7890625 0.7430555555555559
0 0.7265625 0.6069444444444446 0.68359375 0.6069444444444446 0.68359375 0.7013888888888891 0.7265625 0.7013888888888891
0 0.7796875 0.6194444444444446 0.746875 0.6194444444444446 0.746875 0.6833333333333335 0.7796875 0.6833333333333335
0 0.8265625 0.6000000000000002 0.79375 0.6000000000000002 0.79375 0.6611111111111113 0.8265625 0.6611111111111113
0 0.5328125 0.7611111111111111 0.49609375 0.7611111111111111 0.49609375 0.8333333333333334 0.5328125 0.8333333333333334
0 0.56640625 0.7263888888888889 0.52890625 0.7263888888888889 0.52890625 0.7986111111111112 0.56640625 0.7986111111111112
0 0.6140625 0.6791666666666668 0.56796875 0.6791666666666668 0.56796875 0.7916666666666666 0.6140625 0.7916666666666666
0 0.81015625 0.5319444444444446 0.775 0.5319444444444446 0.775 0.602777777777778 0.81015625 0.602777777777778
0 0.87734375 0.5458333333333335 0.846875 0.5458333333333335 0.846875 0.6111111111111113 0.87734375 0.6111111111111113
0 0.8390625 0.5486111111111113 0.80703125 0.5486111111111113 0.80703125 0.6180555555555557 0.8390625 0.6180555555555557
0 0.640625 0.588888888888889 0.59375 0.588888888888889 0.59375 0.6736111111111113 0.640625 0.6736111111111113