0 0.79609375 0.6638888888888891 0.75546875 0.6638888888888891 0.75546875 0.7402777777777781 0.79609375 0.7402777777777781
0 0.73828125 0.6750000000000002 0.696875 0.6750000000000002 0.696875 0.7500000000000001 0.73828125 0.7500000000000003
0 0.70703125 0.6208333333333335 0.66953125 0.6208333333333335 0.66953125 0.6944444444444446 0.70703125 0.6944444444444446
0 0.63046875 0.6347222222222224 0.58671875 0.6347222222222224 0.58671875 0.7166666666666667 0.63046875 0.7166666666666667
0 0.58046875 0.5458333333333335 0.515625 0.5458333333333335 0.515625 0.6666666666666669 0.58046875 0.6666666666666669
0 0.56484375 0.8069444444444445 0.52578125 0.8069444444444445 0.52578125 0.8805555555555555 0.56484375 0.8805555555555555
0 0.4640625 0.775 0.4375 0.775 0.4375 0.8361111111111111 0.4640625 0.8361111111111111
0 0.428125 0.7930555555555555 0.4 0.7930555555555555 0.4 0.8402777777777778 0.428125 0.8402777777777778
0 0.40078125 0.7013888888888891 0.3648437500000001 0.7013888888888891 0.3648437500000001 0.7833333333333333 0.40078125 0.7833333333333333
0 0.3664062500000001 0.7833333333333333 0.3390625000000001 0.7833333333333333 0.3390625000000001 0.8430555555555556 0.3664062500000001 0.8430555555555556
0 0.3273437500000001 0.7805555555555556 0.30546875000000007 0.7805555555555556 0.30546875000000007 0.8333333333333334 0.3273437500000001 0.8333333333333334
0 0.3492187500000001 0.725 0.3148437500000001 0.725 0.3148437500000001 0.7916666666666666 0.3492187500000001 0.7916666666666666
0 0.2562500000000001 0.7263888888888889 0.2250000000000001 0.7263888888888889 0.2250000000000001 0.7902777777777777 0.2562500000000001 0.7902777777777777
0 0.32500000000000007 0.6472222222222223 0.28593750000000007 0.6472222222222223 0.28593750000000007 0.7361111111111112 0.32500000000000007 0.7361111111111112
0 0.2789062500000001 0.6722222222222223 0.2468750000000001 0.6722222222222223 0.2468750000000001 0.7430555555555556 0.2789062500000001 0.7430555555555556
0 0.22812500000000008 0.6722222222222223 0.19765625000000003 0.6722222222222223 0.19765625000000003 0.7291666666666666 0.22812500000000008 0.7291666666666666
0 0.52109375 0.7652777777777777 0.4875 0.7652777777777777 0.4875 0.8319444444444445 0.52109375 0.8319444444444445
0 0.48671875 0.7263888888888889 0.45234375 0.7263888888888889 0.45234375 0.7930555555555555 0.48671875 0.7930555555555555
0 0.4421875 0.7305555555555555 0.40703125 0.7305555555555555 0.40703125 0.8041666666666667 0.4421875 0.8041666666666667
0 0.24140625000000004 0.6 0.209375 0.6 0.20937500000000003 0.6708333333333333 0.2414062500000001 0.6708333333333333
0 0.15859375000000003 0.6152777777777778 0.13125000000000003 0.6152777777777778 0.13125000000000003 0.6763888888888889 0.15859375000000003 0.6763888888888889
0 0.19843750000000004 0.6097222222222223 0.16953125000000005 0.6097222222222223 0.16953125000000005 0.675 0.19843750000000004 0.675
0 0.4125 0.6125000000000002 0.36953125 0.6125000000000002 0.36953125000000003 0.6916666666666669 0.4125 0.6916666666666669
0 0.31328125000000007 0.7263888888888889 0.2796875000000001 0.7263888888888889 0.2796875000000001 0.7972222222222223 0.31328125000000007 0.7972222222222223