0 0.23281250000000003 0.6041666666666666 0.19375000000000003 0.6041666666666666 0.19375000000000003 0.6777777777777778 0.2328125000000001 0.6777777777777778
0 0.28984375000000007 0.6277777777777778 0.25078125 0.6277777777777778 0.25078125000000007 0.7 0.28984375000000007 0.7
0 0.32031250000000006 0.5805555555555556 0.284375 0.5805555555555556 0.28437500000000004 0.6513888888888889 0.3203125000000001 0.6513888888888889
0 0.4015625 0.6111111111111112 0.36015625 0.6111111111111112 0.36015625000000007 0.6902777777777779 0.4015625 0.690277777777778
0 0.4765625 0.5375000000000002 0.41484375 0.5375000000000002 0.41484375 0.6527777777777779 0.4765625 0.6527777777777779
0 0.45078125 0.7972222222222223 0.4140625 0.7972222222222223 0.4140625 0.8666666666666667 0.45078125 0.8666666666666667
0 0.540625 0.7847222222222222 0.515625 0.7847222222222222 0.515625 0.8430555555555556 0.540625 0.8430555555555556
0 0.57734375 0.8097222222222222 0.55078125 0.8097222222222222 0.55078125 0.8541666666666666 0.57734375 0.8541666666666666
0 0.6171875 0.7263888888888889 0.58359375 0.7263888888888889 0.58359375 0.8055555555555556 0.6171875 0.8055555555555556
0 0.63828125 0.8152777777777778 0.6125 0.8152777777777778 0.6125 0.8722222222222222 0.63828125 0.8722222222222222
0 0.67109375 0.8194444444444444 0.65078125 0.8194444444444444 0.65078125 0.8708333333333333 0.67109375 0.8708333333333333
0 0.665625 0.7611111111111111 0.6328125 0.7611111111111111 0.6328125 0.825 0.665625 0.825
0 0.75546875 0.7819444444444448 0.72578125 0.7819444444444448 0.72578125 0.8430555555555559 0.75546875 0.8430555555555559
0 0.6984375 0.688888888888889 0.66171875 0.688888888888889 0.66171875 0.775 0.6984375 0.775
0 0.73671875 0.7236111111111113 0.70625 0.7236111111111111 0.70625 0.7930555555555557 0.73671875 0.7930555555555558
0 0.78671875 0.7333333333333336 0.7578125 0.7333333333333336 0.7578125 0.7875000000000003 0.78671875 0.7875000000000003
0 0.4921875 0.7638888888888888 0.46015625 0.7638888888888888 0.46015625 0.8277777777777777 0.4921875 0.8277777777777777
0 0.52890625 0.7319444444444444 0.49609375 0.7319444444444444 0.49609375 0.7958333333333333 0.52890625 0.7958333333333333
0 0.5734375 0.7458333333333333 0.53984375 0.7458333333333333 0.53984375 0.8166666666666667 0.5734375 0.8166666666666667
0 0.77890625 0.6597222222222224 0.7484375 0.6597222222222224 0.7484375 0.7277777777777781 0.77890625 0.7277777777777781
0 0.85546875 0.6930555555555558 0.8296875 0.6930555555555558 0.8296875 0.7513888888888892 0.85546875 0.7513888888888892
0 0.81796875 0.6777777777777779 0.790625 0.6777777777777779 0.790625 0.741666666666667 0.81796875 0.741666666666667
0 0.61796875 0.6361111111111113 0.57734375 0.6361111111111113 0.57734375 0.7111111111111111 0.61796875 0.7111111111111111
0 0.70078125 0.7694444444444445 0.66875 0.7694444444444445 0.66875 0.8375 0.70078125 0.8375