0 0.225 0.31666666666666676 0.18515625 0.31666666666666676 0.18515625000000002 0.39166666666666666 0.225 0.39166666666666666
0 0.2984375 0.3097222222222223 0.2578125 0.3097222222222223 0.2578125 0.38333333333333336 0.2984375 0.38333333333333336
0 0.328125 0.3597222222222222 0.28203125 0.3597222222222222 0.28203125 0.4583333333333333 0.328125 0.4583333333333333
0 0.39921875 0.31666666666666676 0.35625 0.31666666666666676 0.35625 0.3972222222222223 0.39921875 0.39722222222222237
0 0.4765625 0.3583333333333335 0.4125 0.3583333333333335 0.4125 0.4777777777777779 0.4765625 0.4777777777777779
0 0.44453125 0.13750000000000007 0.40625 0.13750000000000007 0.40625 0.2097222222222223 0.44453125 0.2097222222222223
0 0.53125 0.15555555555555567 0.5046875 0.15555555555555567 0.5046875 0.21527777777777785 0.53125 0.21527777777777785
0 0.57109375 0.14166666666666677 0.54375 0.14166666666666677 0.54375 0.1875000000000001 0.57109375 0.18750000000000017
0 0.6125 0.18750000000000017 0.57734375 0.18750000000000017 0.57734375 0.2680555555555557 0.6125 0.2680555555555557
0 0.63203125 0.12083333333333345 0.6046875 0.12083333333333345 0.6046875 0.17916666666666684 0.63203125 0.17916666666666684
0 0.66484375 0.12083333333333349 0.64375 0.12083333333333349 0.64375 0.1722222222222224 0.66484375 0.1722222222222224
0 0.66015625 0.1652777777777779 0.6265625 0.16527777777777788 0.6265625 0.2319444444444446 0.66015625 0.2319444444444446
0 0.75 0.1430555555555557 0.71953125 0.1430555555555557 0.71953125 0.2055555555555557 0.75 0.2055555555555557
0 0.69453125 0.21527777777777793 0.65625 0.21527777777777793 0.65625 0.3027777777777779 0.69453125 0.3027777777777779
0 0.7375 0.19444444444444461 0.70546875 0.19444444444444461 0.70546875 0.26527777777777795 0.7375 0.26527777777777795
0 0.7828125 0.1958333333333335 0.753125 0.1958333333333335 0.753125 0.25138888888888905 0.7828125 0.25138888888888905
0 0.48671875 0.17361111111111122 0.45390625 0.17361111111111122 0.45390625 0.24027777777777787 0.48671875 0.24027777777777787
0 0.54609375 0.2125000000000001 0.5125 0.21250000000000008 0.5125 0.2791666666666668 0.54609375 0.27916666666666684
0 0.5796875 0.176388888888889 0.54453125 0.176388888888889 0.54453125 0.25000000000000017 0.5796875 0.25000000000000017
0 0.77578125 0.2555555555555557 0.74375 0.2555555555555557 0.74375 0.3250000000000002 0.77578125 0.3250000000000002
0 0.8515625 0.22777777777777794 0.82421875 0.22777777777777794 0.82421875 0.28750000000000014 0.8515625 0.28750000000000014
0 0.81484375 0.24027777777777792 0.7859375 0.24027777777777792 0.7859375 0.3055555555555557 0.81484375 0.3055555555555557
0 0.615625 0.2819444444444446 0.5734375 0.2819444444444446 0.5734375 0.3597222222222224 0.615625 0.3597222222222224
0 0.6953125 0.15000000000000016 0.6625 0.15000000000000016 0.6625 0.2194444444444446 0.6953125 0.2194444444444446
0 0.3390625 0.25694444444444453 0.29921875 0.25694444444444453 0.29921875 0.3361111111111112 0.3390625 0.3361111111111112
