0 0.23046875 0.2819444444444445 0.19296875 0.2819444444444445 0.19296875000000002 0.35277777777777786 0.23046875 0.35277777777777786
0 0.303125 0.2847222222222223 0.265625 0.2847222222222223 0.265625 0.35416666666666674 0.303125 0.35416666666666674
0 0.33046875 0.33888888888888896 0.2875 0.33888888888888896 0.2875 0.43194444444444446 0.33046875 0.43194444444444446
0 0.403125 0.30416666666666675 0.36328125 0.30416666666666675 0.36328125 0.3805555555555557 0.403125 0.3805555555555557
0 0.478125 0.35416666666666674 0.41796875 0.35416666666666674 0.41796875 0.46666666666666684 0.478125 0.46666666666666684
0 0.45625 0.13055555555555565 0.4203125 0.13055555555555565 0.4203125 0.19861111111111118 0.45625 0.19861111111111118
0 0.5421875 0.15972222222222235 0.51796875 0.15972222222222235 0.51796875 0.21666666666666676 0.5421875 0.21666666666666676
0 0.5828125 0.15138888888888902 0.55703125 0.15138888888888902 0.55703125 0.1930555555555557 0.5828125 0.1930555555555557
0 0.62109375 0.20138888888888903 0.5890625 0.20138888888888903 0.5890625 0.27916666666666684 0.62109375 0.27916666666666684
0 0.64453125 0.13750000000000015 0.61953125 0.13750000000000012 0.61953125 0.1930555555555557 0.64453125 0.1930555555555557
0 0.67734375 0.14027777777777795 0.6578125 0.14027777777777795 0.6578125 0.19027777777777793 0.67734375 0.19027777777777793
0 0.6703125 0.18611111111111128 0.6390625 0.18611111111111128 0.6390625 0.24861111111111128 0.6703125 0.24861111111111128
0 0.7609375 0.17500000000000016 0.73203125 0.17500000000000016 0.73203125 0.2333333333333335 0.7609375 0.2333333333333335
0 0.7015625 0.23888888888888904 0.6671875 0.23888888888888904 0.6671875 0.32222222222222235 0.7015625 0.32222222222222235
0 0.74609375 0.22361111111111126 0.7171875 0.22361111111111126 0.7171875 0.29166666666666685 0.74609375 0.29166666666666685
0 0.79140625 0.2305555555555557 0.76328125 0.2305555555555557 0.76328125 0.2833333333333335 0.79140625 0.2833333333333335
0 0.496875 0.17222222222222233 0.46640625 0.17222222222222233 0.46640625 0.2361111111111112 0.496875 0.2361111111111112
0 0.5546875 0.21805555555555567 0.5234375 0.21805555555555564 0.5234375 0.28194444444444455 0.5546875 0.2819444444444446
0 0.5890625 0.18611111111111128 0.55703125 0.18611111111111128 0.55703125 0.2555555555555557 0.5890625 0.2555555555555557
0 0.78203125 0.2902777777777779 0.75234375 0.2902777777777779 0.75234375 0.35555555555555574 0.78203125 0.35555555555555574
0 0.85859375 0.2708333333333335 0.834375 0.2708333333333335 0.834375 0.32916666666666683 0.85859375 0.32916666666666683
0 0.82109375 0.27916666666666684 0.7953125 0.27916666666666684 0.7953125 0.34027777777777796 0.82109375 0.34027777777777796
0 0.62109375 0.2958333333333335 0.58125 0.2958333333333335 0.58125 0.3694444444444446 0.62109375 0.3694444444444446
0 0.70546875 0.17500000000000016 0.675 0.17500000000000016 0.675 0.24027777777777792 0.70546875 0.24027777777777792
0 0.34609375 0.2361111111111112 0.30859375 0.2361111111111112 0.30859375 0.31111111111111117 0.34609375 0.31111111111111117
