0 0.790625 0.2833333333333335 0.7515625 0.2833333333333335 0.7515625 0.3569444444444446 0.790625 0.3569444444444446
0 0.74296875 0.26388888888888906 0.70390625 0.26388888888888906 0.70390625 0.33611111111111125 0.74296875 0.33611111111111125
0 0.7109375 0.3194444444444446 0.66640625 0.3194444444444446 0.66640625 0.4152777777777779 0.7109375 0.4152777777777779
0 0.634375 0.2958333333333335 0.59296875 0.2958333333333335 0.59296875 0.37500000000000017 0.634375 0.37500000000000017
0 0.58046875 0.35555555555555574 0.51875 0.35555555555555574 0.51875 0.4708333333333335 0.58046875 0.4708333333333335
0 0.5734375 0.1277777777777779 0.53671875 0.1277777777777779 0.53671875 0.19722222222222235 0.5734375 0.19722222222222238
0 0.48203125 0.15972222222222235 0.45703125 0.15972222222222235 0.45703125 0.21805555555555564 0.48203125 0.21805555555555564
0 0.43984375 0.1597222222222223 0.41328125 0.1597222222222223 0.41328125 0.20416666666666675 0.43984375 0.20416666666666675
0 0.40703125 0.19583333333333341 0.3734375 0.19583333333333341 0.3734375 0.2750000000000001 0.40703125 0.2750000000000001
0 0.375 0.14583333333333343 0.34921875 0.14583333333333343 0.34921875 0.20277777777777786 0.375 0.20277777777777786
0 0.3359375 0.15138888888888896 0.315625 0.15138888888888896 0.315625 0.20277777777777786 0.3359375 0.20277777777777786
0 0.3578125 0.19583333333333341 0.325 0.19583333333333341 0.325 0.2597222222222223 0.3578125 0.2597222222222223
0 0.26328125 0.18888888888888897 0.23359375 0.18888888888888897 0.23359375 0.25000000000000006 0.26328125 0.25000000000000006
0 0.3296875 0.25000000000000006 0.29296875 0.25000000000000006 0.29296875 0.3361111111111112 0.3296875 0.3361111111111112
0 0.2796875 0.23750000000000007 0.24921875 0.23750000000000007 0.24921875 0.3069444444444445 0.2796875 0.3069444444444445
0 0.2328125 0.2472222222222223 0.20390625 0.2472222222222223 0.20390625 0.301388888888889 0.2328125 0.301388888888889
0 0.52890625 0.17222222222222233 0.496875 0.17222222222222233 0.496875 0.2361111111111112 0.52890625 0.2361111111111112
0 0.49296875 0.19305555555555565 0.46015625 0.19305555555555565 0.46015625 0.25694444444444453 0.49296875 0.25694444444444453
0 0.2453125 0.30555555555555564 0.21484375 0.30555555555555564 0.21484375 0.3736111111111111 0.2453125 0.3736111111111111
0 0.16250000000000003 0.29305555555555557 0.13671875 0.29305555555555557 0.13671875000000003 0.35138888888888886 0.16250000000000003 0.35138888888888886
0 0.20390625 0.2972222222222223 0.1765625 0.2972222222222222 0.1765625 0.3611111111111111 0.20390625 0.3611111111111111
0 0.41640625 0.301388888888889 0.37578125 0.301388888888889 0.37578125 0.37638888888888905 0.41640625 0.37638888888888905
0 0.32578125 0.18055555555555564 0.29375 0.18055555555555564 0.29375 0.2486111111111112 0.32578125 0.2486111111111112
0 0.68515625 0.2305555555555557 0.64609375 0.2305555555555557 0.64609375 0.3069444444444446 0.68515625 0.3069444444444446
