0 0.80703125 0.32777777777777795 0.76796875 0.32777777777777795 0.76796875 0.40277777777777796 0.80703125 0.40277777777777796
0 0.76171875 0.3055555555555557 0.721875 0.3055555555555557 0.721875 0.37777777777777793 0.76171875 0.37777777777777793
0 0.70859375 0.3666666666666668 0.66328125 0.3666666666666668 0.66328125 0.4638888888888891 0.70859375 0.4638888888888891
0 0.6421875 0.3027777777777779 0.6 0.3027777777777779 0.6 0.38333333333333347 0.6421875 0.38333333333333347
0 0.584375 0.36111111111111127 0.521875 0.36111111111111127 0.521875 0.47916666666666685 0.584375 0.47916666666666685
0 0.58984375 0.13611111111111124 0.55234375 0.13611111111111124 0.55234375 0.2069444444444446 0.58984375 0.2069444444444446
0 0.49765625 0.15555555555555567 0.471875 0.15555555555555567 0.471875 0.21527777777777785 0.49765625 0.21527777777777785
0 0.45859375 0.14444444444444454 0.43125 0.14444444444444451 0.43125 0.18888888888888897 0.45859375 0.18888888888888897
0 0.41015625 0.17500000000000007 0.37578125 0.17500000000000007 0.37578125 0.25555555555555565 0.41015625 0.25555555555555565
0 0.39140625 0.12361111111111119 0.36484375 0.12361111111111119 0.36484375 0.18194444444444452 0.39140625 0.18194444444444452
0 0.35625 0.12916666666666674 0.33203125 0.12916666666666674 0.33203125 0.17638888888888896 0.35625 0.17638888888888896
0 0.371875 0.17083333333333342 0.3390625 0.17083333333333342 0.3390625 0.2361111111111112 0.371875 0.2361111111111112
0 0.2765625 0.15000000000000005 0.246875 0.15000000000000005 0.246875 0.21250000000000008 0.2765625 0.21250000000000008
0 0.340625 0.21944444444444453 0.309375 0.21944444444444453 0.309375 0.2958333333333334 0.340625 0.2958333333333334
0 0.2921875 0.20138888888888898 0.2609375 0.20138888888888898 0.2609375 0.2708333333333334 0.2921875 0.2708333333333334
0 0.25234375 0.2097222222222223 0.22265625 0.2097222222222223 0.22265625 0.26527777777777783 0.25234375 0.26527777777777783
0 0.55234375 0.17361111111111122 0.5203125 0.17361111111111122 0.5203125 0.238888888888889 0.55234375 0.23888888888888904
0 0.509375 0.19166666666666674 0.4765625 0.19166666666666674 0.4765625 0.25694444444444453 0.509375 0.25694444444444453
0 0.25 0.2611111111111112 0.21875 0.2611111111111112 0.21875 0.33055555555555566 0.25 0.33055555555555566
0 0.21640625 0.25000000000000006 0.18828125 0.25000000000000006 0.18828125 0.313888888888889 0.21640625 0.313888888888889
0 0.425 0.2847222222222223 0.38359375 0.2847222222222223 0.38359375 0.36111111111111127 0.425 0.36111111111111127
0 0.340625 0.15138888888888896 0.30859375 0.15138888888888896 0.30859375 0.2208333333333334 0.340625 0.2208333333333334
0 0.6984375 0.2555555555555557 0.65859375 0.2555555555555557 0.65859375 0.3333333333333335 0.6984375 0.3333333333333335
0 0.4546875 0.18750000000000008 0.421875 0.18750000000000008 0.421875 0.25000000000000006 0.4546875 0.25000000000000006
