0 0.2359375 0.30277777777777787 0.1984375 0.30277777777777787 0.19843750000000002 0.375 0.2359375 0.375
0 0.2828125 0.2847222222222223 0.24453125 0.2847222222222223 0.24453125 0.35416666666666674 0.2828125 0.35416666666666674
0 0.3390625 0.351388888888889 0.29609375 0.351388888888889 0.29609375 0.4444444444444444 0.3390625 0.4444444444444444
0 0.403125 0.2930555555555556 0.36328125 0.2930555555555556 0.36328125 0.3694444444444446 0.403125 0.3694444444444446
0 0.47890625 0.3583333333333335 0.41953125 0.3583333333333335 0.41953125 0.4708333333333335 0.47890625 0.4708333333333335
0 0.45625 0.13194444444444453 0.4203125 0.13194444444444453 0.4203125 0.20000000000000007 0.45625 0.20000000000000007
0 0.53671875 0.15833333333333346 0.5125 0.15833333333333346 0.5125 0.21527777777777785 0.53671875 0.21527777777777785
0 0.578125 0.1500000000000001 0.55234375 0.1500000000000001 0.55234375 0.1930555555555557 0.578125 0.1930555555555557
0 0.63125 0.18611111111111128 0.59921875 0.18611111111111128 0.59921875 0.26388888888888906 0.63125 0.26388888888888906
0 0.64453125 0.13750000000000015 0.61953125 0.13750000000000012 0.61953125 0.1930555555555557 0.64453125 0.1930555555555557
0 0.67734375 0.14583333333333348 0.65390625 0.14583333333333348 0.65390625 0.19027777777777793 0.67734375 0.19027777777777793
0 0.66953125 0.18611111111111128 0.6375 0.18611111111111128 0.6375 0.24861111111111128 0.66953125 0.24861111111111128
0 0.76171875 0.17500000000000016 0.73359375 0.17500000000000016 0.73359375 0.2333333333333335 0.76171875 0.2333333333333335
0 0.69609375 0.23750000000000016 0.6671875 0.23750000000000016 0.6671875 0.3111111111111113 0.69609375 0.3111111111111113
0 0.74609375 0.22361111111111126 0.7171875 0.22361111111111126 0.7171875 0.29166666666666685 0.74609375 0.29166666666666685
0 0.784375 0.23611111111111127 0.75625 0.23611111111111127 0.75625 0.28888888888888903 0.784375 0.28888888888888903
0 0.48828125 0.17222222222222233 0.4578125 0.17222222222222233 0.4578125 0.2347222222222223 0.48828125 0.2347222222222223
0 0.53125 0.19305555555555565 0.5 0.19305555555555565 0.5 0.25555555555555565 0.53125 0.25555555555555565
0 0.78671875 0.28750000000000014 0.75703125 0.28750000000000014 0.75703125 0.35416666666666685 0.78671875 0.35416666666666685
0 0.8171875 0.27916666666666684 0.79140625 0.27916666666666684 0.79140625 0.34027777777777796 0.8171875 0.34027777777777796
0 0.62109375 0.2958333333333335 0.58125 0.2958333333333335 0.58125 0.3694444444444446 0.62109375 0.3694444444444446
0 0.7 0.1694444444444446 0.66953125 0.1694444444444446 0.66953125 0.23611111111111127 0.7 0.23611111111111127
0 0.346875 0.24027777777777787 0.309375 0.24027777777777787 0.309375 0.3152777777777779 0.346875 0.3152777777777779
0 0.58515625 0.19444444444444461 0.5546875 0.19444444444444461 0.5546875 0.2541666666666668 0.58515625 0.2541666666666668
