0 0.234375 0.30555555555555564 0.196875 0.30555555555555564 0.19687500000000002 0.3763888888888889 0.234375 0.3763888888888889
0 0.3 0.251388888888889 0.2625 0.251388888888889 0.2625 0.3208333333333334 0.3 0.3208333333333334
0 0.3671875 0.2472222222222223 0.3359375 0.2472222222222223 0.3359375 0.313888888888889 0.3671875 0.313888888888889
0 0.328125 0.3375000000000001 0.29375 0.3375000000000001 0.29375 0.40694444444444444 0.328125 0.40694444444444444
0 0.4046875 0.31666666666666676 0.36796875 0.31666666666666676 0.36796875 0.38888888888888906 0.4046875 0.38888888888888906
0 0.471875 0.3875000000000002 0.41953125 0.3875000000000002 0.41953125 0.4972222222222224 0.471875 0.4972222222222224
0 0.44921875 0.13888888888888898 0.421875 0.13888888888888898 0.421875 0.19444444444444453 0.44921875 0.19444444444444453
0 0.4953125 0.1402777777777779 0.471875 0.1402777777777779 0.471875 0.1861111111111112 0.4953125 0.1861111111111112
0 0.51953125 0.1833333333333334 0.49765625 0.1833333333333334 0.49765625 0.24027777777777787 0.51953125 0.24027777777777787
0 0.52421875 0.1250000000000001 0.5046875 0.1250000000000001 0.5046875 0.163888888888889 0.52421875 0.163888888888889
0 0.58515625 0.15555555555555567 0.5625 0.15555555555555567 0.5625 0.19027777777777793 0.58515625 0.19027777777777793
0 0.6234375 0.2069444444444446 0.5984375 0.2069444444444446 0.5984375 0.2625000000000002 0.6234375 0.2625000000000002
0 0.64765625 0.15138888888888902 0.62578125 0.15138888888888902 0.62578125 0.19722222222222238 0.64765625 0.19722222222222238
0 0.67734375 0.1333333333333335 0.6578125 0.1333333333333335 0.6578125 0.1833333333333335 0.67734375 0.1833333333333335
0 0.66171875 0.25277777777777793 0.63203125 0.25277777777777793 0.63203125 0.31527777777777793 0.66171875 0.31527777777777793
0 0.67734375 0.19166666666666682 0.6546875 0.19166666666666682 0.6546875 0.24027777777777792 0.67734375 0.24027777777777792
0 0.75859375 0.17361111111111127 0.73046875 0.17361111111111127 0.73046875 0.2333333333333335 0.75859375 0.2333333333333335
0 0.690625 0.23750000000000016 0.66953125 0.23750000000000016 0.66953125 0.2958333333333335 0.690625 0.2958333333333335
0 0.75625 0.23888888888888904 0.7296875 0.23888888888888904 0.7296875 0.2944444444444446 0.75625 0.2944444444444446
0 0.8015625 0.24027777777777792 0.78046875 0.24027777777777792 0.78046875 0.2833333333333335 0.8015625 0.2833333333333335
0 0.4984375 0.18194444444444452 0.47578125 0.18194444444444452 0.47578125 0.23750000000000007 0.4984375 0.23750000000000007
0 0.53203125 0.163888888888889 0.51328125 0.163888888888889 0.51328125 0.21527777777777785 0.53203125 0.21527777777777785
0 0.5875 0.18472222222222237 0.55859375 0.18472222222222237 0.55859375 0.24027777777777792 0.5875 0.24027777777777792
0 0.7078125 0.1708333333333335 0.68125 0.1708333333333335 0.68125 0.22916666666666682 0.7078125 0.22916666666666682
0 0.78984375 0.2972222222222224 0.7609375 0.2972222222222224 0.7609375 0.3597222222222224 0.78984375 0.3597222222222224
0 0.84296875 0.26666666666666683 0.81796875 0.26666666666666683 0.81796875 0.3236111111111113 0.84296875 0.3236111111111113
0 0.81328125 0.2833333333333335 0.790625 0.2833333333333335 0.790625 0.3458333333333335 0.81328125 0.3458333333333335
