0 0.234375 0.30555555555555564 0.196875 0.30555555555555564 0.19687500000000002 0.3763888888888889 0.234375 0.3763888888888889
0 0.3 0.251388888888889 0.2625 0.251388888888889 0.2625 0.3208333333333334 0.3 0.3208333333333334
0 0.3609375 0.24166666666666675 0.33125 0.24166666666666675 0.33125 0.32638888888888895 0.3609375 0.32638888888888895
0 0.34375 0.351388888888889 0.2984375 0.351388888888889 0.2984375 0.43472222222222223 0.34375 0.43472222222222223
0 0.40234375 0.3208333333333334 0.365625 0.3208333333333334 0.365625 0.39166666666666683 0.40234375 0.39166666666666683
0 0.48359375 0.3736111111111113 0.43125 0.3736111111111113 0.43125 0.4833333333333335 0.48359375 0.4833333333333335
0 0.4484375 0.13194444444444453 0.42109375 0.13194444444444453 0.42109375 0.18750000000000008 0.4484375 0.18750000000000008
0 0.4953125 0.1402777777777779 0.471875 0.1402777777777779 0.471875 0.1861111111111112 0.4953125 0.1861111111111112
0 0.51953125 0.1833333333333334 0.49765625 0.1833333333333334 0.49765625 0.24027777777777787 0.51953125 0.24027777777777787
0 0.52890625 0.13194444444444456 0.509375 0.13194444444444456 0.509375 0.16944444444444456 0.52890625 0.16944444444444456
0 0.5828125 0.15694444444444455 0.559375 0.15694444444444455 0.559375 0.19166666666666682 0.5828125 0.19166666666666682
0 0.6234375 0.2069444444444446 0.5984375 0.2069444444444446 0.5984375 0.2625000000000002 0.6234375 0.2625000000000002
0 0.64765625 0.15138888888888902 0.62578125 0.15138888888888902 0.62578125 0.19722222222222238 0.64765625 0.19722222222222238
0 0.67734375 0.13750000000000015 0.6578125 0.13750000000000015 0.6578125 0.18611111111111128 0.67734375 0.18611111111111128
0 0.671875 0.25833333333333347 0.64296875 0.25833333333333347 0.64296875 0.32222222222222235 0.671875 0.32222222222222235
0 0.67734375 0.19166666666666682 0.6546875 0.19166666666666682 0.6546875 0.24027777777777792 0.67734375 0.24027777777777792
0 0.75859375 0.17361111111111127 0.73046875 0.17361111111111127 0.73046875 0.2333333333333335 0.75859375 0.2333333333333335
0 0.703125 0.2444444444444446 0.6828125 0.2444444444444446 0.6828125 0.30138888888888904 0.703125 0.30138888888888904
0 0.75625 0.23888888888888904 0.7296875 0.23888888888888904 0.7296875 0.2944444444444446 0.75625 0.2944444444444446
0 0.8015625 0.24027777777777792 0.78046875 0.24027777777777792 0.78046875 0.2833333333333335 0.8015625 0.2833333333333335
0 0.49609375 0.1847222222222223 0.47265625 0.1847222222222223 0.47265625 0.23888888888888896 0.49609375 0.23888888888888896
0 0.53203125 0.163888888888889 0.51328125 0.163888888888889 0.51328125 0.21527777777777785 0.53203125 0.21527777777777785
0 0.58515625 0.18472222222222237 0.55703125 0.18472222222222237 0.55703125 0.24027777777777792 0.58515625 0.24027777777777792
0 0.71328125 0.1833333333333335 0.68671875 0.1833333333333335 0.68671875 0.24027777777777792 0.71328125 0.24027777777777792
0 0.78671875 0.2972222222222224 0.7578125 0.2972222222222224 0.7578125 0.3597222222222224 0.78671875 0.3597222222222224
0 0.84296875 0.26666666666666683 0.81796875 0.26666666666666683 0.81796875 0.3236111111111113 0.84296875 0.3236111111111113
0 0.81484375 0.2833333333333335 0.7921875 0.2833333333333335 0.7921875 0.3458333333333335 0.81484375 0.3458333333333335
