0 0.2687500000000001 0.7347222222222223 0.22265625000000008 0.7347222222222223 0.22265625000000008 0.8194444444444444 0.2687500000000001 0.8194444444444444
0 0.3398437500000001 0.7597222222222222 0.29375000000000007 0.7597222222222222 0.29375000000000007 0.8430555555555556 0.3398437500000001 0.8430555555555556
0 0.4 0.7291666666666666 0.3593750000000001 0.7291666666666666 0.3593750000000001 0.8236111111111111 0.4 0.8236111111111111
0 0.36875 0.6305555555555556 0.3140625 0.6305555555555555 0.3140625 0.7305555555555555 0.3687500000000001 0.7305555555555555
0 0.4296875 0.6472222222222224 0.3843750000000001 0.6472222222222224 0.3843750000000001 0.7319444444444444 0.4296875 0.7319444444444444
0 0.50078125 0.5236111111111112 0.43515625 0.5236111111111112 0.43515625 0.6527777777777779 0.50078125 0.6527777777777779
0 0.5 0.825 0.46640625 0.825 0.46640625 0.8902777777777777 0.5 0.8902777777777777
0 0.54453125 0.8069444444444445 0.515625 0.8069444444444445 0.515625 0.8611111111111112 0.54453125 0.8611111111111112
0 0.5625 0.7430555555555556 0.53359375 0.7430555555555556 0.53359375 0.8083333333333333 0.5625 0.8083333333333333
0 0.578125 0.8083333333333333 0.55390625 0.8083333333333333 0.55390625 0.8541666666666666 0.578125 0.8541666666666666
0 0.62734375 0.7638888888888888 0.6 0.7638888888888888 0.6 0.8069444444444445 0.62734375 0.8069444444444445
0 0.659375 0.6777777777777779 0.628125 0.6777777777777779 0.628125 0.7416666666666667 0.659375 0.7416666666666667
0 0.690625 0.7305555555555555 0.66328125 0.7305555555555555 0.66328125 0.7847222222222222 0.690625 0.7847222222222222
0 0.721875 0.7277777777777777 0.69609375 0.7277777777777777 0.69609375 0.7847222222222222 0.721875 0.7847222222222222
0 0.7 0.6000000000000002 0.66328125 0.6000000000000002 0.66328125 0.6736111111111113 0.7 0.6736111111111113
0 0.7140625 0.676388888888889 0.68515625 0.676388888888889 0.68515625 0.7333333333333333 0.7140625 0.7333333333333333
0 0.7953125 0.6486111111111112 0.759375 0.6486111111111112 0.759375 0.7180555555555559 0.7953125 0.7180555555555559
0 0.73203125 0.6055555555555557 0.70390625 0.6055555555555557 0.70390625 0.6708333333333335 0.73203125 0.6708333333333335
0 0.784375 0.588888888888889 0.75078125 0.588888888888889 0.75078125 0.6541666666666668 0.784375 0.6541666666666668
0 0.828125 0.5805555555555557 0.80234375 0.5805555555555557 0.80234375 0.6305555555555558 0.828125 0.6305555555555558
0 0.5390625 0.7555555555555555 0.509375 0.7555555555555555 0.509375 0.8180555555555555 0.5390625 0.8180555555555555
0 0.57734375 0.7638888888888888 0.5515625 0.7638888888888888 0.5515625 0.8208333333333333 0.57734375 0.8208333333333333
0 0.62578125 0.7152777777777778 0.590625 0.7152777777777778 0.590625 0.7819444444444444 0.62578125 0.7819444444444444
0 0.75 0.6597222222222224 0.71640625 0.6597222222222224 0.71640625 0.727777777777778 0.75 0.7277777777777781
0 0.80546875 0.5125000000000002 0.76875 0.5125000000000002 0.76875 0.5861111111111112 0.80546875 0.5861111111111112
0 0.8640625 0.5236111111111112 0.83203125 0.5236111111111112 0.83203125 0.5902777777777779 0.8640625 0.5902777777777779
0 0.83515625 0.515277777777778 0.8046875 0.515277777777778 0.8046875 0.5861111111111112 0.83515625 0.5861111111111112
