0 0.78671875 0.21527777777777793 0.74296875 0.21527777777777793 0.74296875 0.2972222222222224 0.78671875 0.2972222222222224
0 0.71640625 0.1819444444444446 0.67265625 0.1819444444444446 0.67265625 0.2625000000000002 0.71640625 0.2625000000000002
0 0.65 0.1930555555555557 0.6125 0.1930555555555557 0.6125 0.28611111111111126 0.65 0.28611111111111126
0 0.6921875 0.29166666666666685 0.63984375 0.29166666666666685 0.63984375 0.3875000000000002 0.6921875 0.3875000000000002
0 0.621875 0.2819444444444446 0.57890625 0.2819444444444446 0.57890625 0.36388888888888904 0.621875 0.36388888888888904
0 0.56640625 0.3541666666666668 0.50390625 0.35416666666666674 0.50390625 0.47916666666666685 0.56640625 0.47916666666666685
0 0.54765625 0.11388888888888901 0.515625 0.11388888888888901 0.515625 0.1777777777777779 0.54765625 0.17777777777777792
0 0.496875 0.13750000000000012 0.46953125 0.13750000000000012 0.46953125 0.19027777777777785 0.496875 0.19027777777777785
0 0.47734375 0.18750000000000008 0.45 0.18750000000000008 0.45 0.251388888888889 0.47734375 0.251388888888889
0 0.45859375 0.1402777777777779 0.4359375 0.14027777777777786 0.4359375 0.1833333333333334 0.45859375 0.1833333333333334
0 0.41171875 0.18055555555555564 0.38515625 0.18055555555555564 0.38515625 0.2222222222222223 0.41171875 0.2222222222222223
0 0.3796875 0.24305555555555564 0.35 0.24305555555555564 0.35 0.30555555555555564 0.3796875 0.30555555555555564
0 0.346875 0.19583333333333341 0.32109375 0.19583333333333341 0.32109375 0.2472222222222223 0.346875 0.2472222222222223
0 0.3140625 0.19166666666666674 0.28984375 0.19166666666666674 0.28984375 0.2458333333333334 0.3140625 0.2458333333333334
0 0.3421875 0.3069444444444445 0.30703125 0.3069444444444445 0.30703125 0.37777777777777777 0.3421875 0.37777777777777777
0 0.32265625 0.24444444444444452 0.2953125 0.24444444444444452 0.2953125 0.3000000000000001 0.32265625 0.3000000000000001
0 0.24765625 0.25000000000000006 0.2140625 0.25000000000000006 0.2140625 0.31805555555555565 0.24765625 0.31805555555555565
0 0.30078125 0.30416666666666675 0.275 0.30416666666666675 0.275 0.3680555555555556 0.30078125 0.3680555555555556
0 0.2546875 0.313888888888889 0.22265625 0.313888888888889 0.22265625 0.37777777777777777 0.2546875 0.37777777777777777
0 0.20234375 0.3319444444444445 0.17812500000000003 0.33194444444444443 0.17812500000000003 0.38055555555555554 0.20234375 0.38055555555555554
0 0.5015625 0.18055555555555564 0.4734375 0.18055555555555564 0.4734375 0.24166666666666675 0.5015625 0.24166666666666675
0 0.459375 0.17361111111111122 0.43515625 0.1736111111111112 0.43515625 0.22916666666666674 0.459375 0.22916666666666674
0 0.41875 0.20833333333333343 0.38515625 0.20833333333333343 0.38515625 0.2722222222222223 0.41875 0.2722222222222223
0 0.29140625 0.2458333333333334 0.259375 0.2458333333333334 0.259375 0.31111111111111117 0.29140625 0.31111111111111117
0 0.2328125 0.38055555555555554 0.19843750000000004 0.38055555555555554 0.19843750000000004 0.4513888888888889 0.2328125 0.4513888888888889
0 0.17031250000000003 0.36944444444444446 0.13984375000000004 0.36944444444444446 0.13984375000000004 0.43333333333333335 0.17031250000000003 0.43333333333333335
0 0.19687500000000005 0.3763888888888889 0.16875000000000004 0.3763888888888889 0.16875000000000004 0.4444444444444444 0.19687500000000005 0.4444444444444444
