0 0.2265625 0.3819444444444444 0.18359375000000006 0.3819444444444444 0.18359375000000006 0.4625 0.2265625 0.4625
0 0.28046875 0.3375000000000001 0.23671875 0.3375000000000001 0.23671875 0.4166666666666667 0.28046875 0.4166666666666667
0 0.3359375 0.2819444444444445 0.29921875 0.2819444444444445 0.29921875 0.3736111111111111 0.3359375 0.3736111111111111
0 0.34453125 0.41388888888888886 0.29296875 0.41388888888888886 0.29296875 0.5083333333333333 0.34453125 0.5083333333333333
0 0.39296875 0.3333333333333334 0.35078125 0.3333333333333334 0.35078125 0.413888888888889 0.39296875 0.41388888888888903
0 0.4765625 0.36250000000000016 0.41484375 0.36250000000000016 0.41484375 0.48611111111111127 0.4765625 0.48611111111111127
0 0.42109375 0.15138888888888896 0.38984375 0.15138888888888896 0.38984375 0.21388888888888896 0.42109375 0.21388888888888896
0 0.46796875 0.14444444444444454 0.440625 0.14444444444444451 0.440625 0.19583333333333341 0.46796875 0.19583333333333341
0 0.50078125 0.18888888888888897 0.47421875 0.18888888888888897 0.47421875 0.2527777777777779 0.50078125 0.2527777777777779
0 0.54453125 0.13333333333333344 0.51875 0.13333333333333344 0.51875 0.17361111111111122 0.54453125 0.17361111111111122
0 0.6015625 0.17222222222222233 0.57265625 0.17222222222222233 0.57265625 0.2347222222222224 0.6015625 0.2347222222222224
0 0.61640625 0.09861111111111123 0.5859375 0.09861111111111123 0.5859375 0.1666666666666668 0.61640625 0.1666666666666668
0 0.6453125 0.0916666666666668 0.61875 0.09166666666666679 0.61875 0.15000000000000013 0.6453125 0.15000000000000016
0 0.64765625 0.14305555555555569 0.6171875 0.14305555555555569 0.6171875 0.20416666666666683 0.64765625 0.20416666666666683
0 0.7203125 0.10833333333333349 0.68671875 0.10833333333333349 0.68671875 0.17500000000000016 0.7203125 0.17500000000000016
0 0.68671875 0.18888888888888905 0.65 0.18888888888888905 0.65 0.2694444444444446 0.68671875 0.2694444444444446
0 0.7265625 0.1708333333333335 0.6953125 0.1708333333333335 0.6953125 0.2333333333333335 0.7265625 0.2333333333333335
0 0.75625 0.1541666666666668 0.7265625 0.1541666666666668 0.7265625 0.21527777777777793 0.75625 0.21527777777777793
0 0.46796875 0.18055555555555564 0.440625 0.18055555555555564 0.440625 0.24166666666666675 0.46796875 0.24166666666666675
0 0.509375 0.1500000000000001 0.4859375 0.1500000000000001 0.4859375 0.20555555555555563 0.509375 0.20555555555555563
0 0.5578125 0.16944444444444456 0.52421875 0.16944444444444456 0.52421875 0.23194444444444456 0.5578125 0.2319444444444446
0 0.7703125 0.2208333333333335 0.73671875 0.2208333333333335 0.73671875 0.2902777777777779 0.7703125 0.2902777777777779
0 0.79765625 0.19861111111111127 0.7703125 0.19861111111111127 0.7703125 0.26666666666666683 0.79765625 0.26666666666666683
0 0.6078125 0.2569444444444446 0.56171875 0.2569444444444446 0.56171875 0.3472222222222224 0.6078125 0.3472222222222224