0 0.2601562500000001 0.7111111111111111 0.2156250000000001 0.7111111111111111 0.2156250000000001 0.7930555555555555 0.2601562500000001 0.7930555555555555
0 0.32890625000000007 0.7333333333333333 0.2843750000000001 0.7333333333333333 0.2843750000000001 0.8138888888888889 0.32890625000000007 0.8138888888888889
0 0.3906250000000001 0.7125 0.35234375000000007 0.7125 0.35234375000000007 0.8055555555555556 0.3906250000000001 0.8055555555555556
0 0.35781250000000003 0.6305555555555555 0.3046875 0.6305555555555555 0.30468750000000006 0.7277777777777777 0.3578125000000001 0.7277777777777777
0 0.4234375 0.6569444444444446 0.37968750000000007 0.6569444444444446 0.37968750000000007 0.7402777777777778 0.4234375 0.7402777777777778
0 0.49453125 0.5416666666666669 0.43125 0.5416666666666669 0.43125 0.6666666666666669 0.49453125 0.6666666666666669
0 0.49296875 0.8097222222222222 0.46015625 0.8097222222222222 0.46015625 0.8736111111111111 0.49296875 0.8736111111111111
0 0.55625 0.7375 0.52890625 0.7375 0.52890625 0.8013888888888889 0.55625 0.8013888888888889
0 0.6109375 0.7875 0.58125 0.7875 0.58125 0.8402777777777778 0.6109375 0.8402777777777778
0 0.65546875 0.6958333333333335 0.62578125 0.6958333333333335 0.62578125 0.7583333333333333 0.65546875 0.7583333333333333
0 0.6796875 0.7472222222222222 0.64765625 0.7472222222222222 0.64765625 0.8152777777777778 0.6796875 0.8152777777777778
0 0.7125 0.7458333333333333 0.68515625 0.7458333333333333 0.68515625 0.8055555555555556 0.7125 0.8055555555555556
0 0.70078125 0.6972222222222224 0.66953125 0.6972222222222224 0.66953125 0.7597222222222222 0.70078125 0.7597222222222222
0 0.78203125 0.6805555555555557 0.74765625 0.6805555555555557 0.74765625 0.7486111111111114 0.78203125 0.7486111111111114
0 0.72109375 0.6097222222222224 0.68359375 0.6097222222222224 0.68359375 0.6916666666666669 0.72109375 0.6916666666666669
0 0.77109375 0.6208333333333335 0.73828125 0.6208333333333335 0.73828125 0.6847222222222223 0.77109375 0.6847222222222223
0 0.81015625 0.6041666666666669 0.7796875 0.6041666666666669 0.7796875 0.6666666666666669 0.81015625 0.6666666666666669
0 0.52734375 0.7763888888888889 0.49921875 0.7763888888888889 0.49921875 0.8375 0.52734375 0.8375
0 0.571875 0.7777777777777778 0.54765625 0.7777777777777778 0.54765625 0.8333333333333334 0.571875 0.8333333333333334
0 0.6125 0.7236111111111111 0.578125 0.7236111111111111 0.578125 0.7875 0.6125 0.7875
0 0.803125 0.540277777777778 0.76796875 0.540277777777778 0.76796875 0.6111111111111113 0.803125 0.6111111111111113
0 0.8328125 0.5458333333333335 0.80390625 0.5458333333333335 0.80390625 0.6152777777777779 0.8328125 0.6152777777777779
0 0.64140625 0.588888888888889 0.59375 0.588888888888889 0.59375 0.6805555555555557 0.64140625 0.6805555555555557