0 0.79765625 0.2694444444444446 0.7578125 0.2694444444444446 0.7578125 0.3444444444444446 0.79765625 0.3444444444444446
0 0.74609375 0.2541666666666668 0.70546875 0.2541666666666668 0.70546875 0.32777777777777795 0.74609375 0.32777777777777795
0 0.67890625 0.2305555555555557 0.6390625 0.2305555555555557 0.6390625 0.32222222222222235 0.67890625 0.32222222222222235
0 0.70390625 0.3083333333333335 0.65546875 0.3083333333333335 0.65546875 0.39722222222222237 0.70390625 0.39722222222222237
0 0.63125 0.28611111111111126 0.5921875 0.28611111111111126 0.5921875 0.36250000000000016 0.63125 0.36250000000000016
0 0.5828125 0.3402777777777779 0.5265625 0.34027777777777785 0.5265625 0.4569444444444446 0.5828125 0.4569444444444446
0 0.56171875 0.13750000000000012 0.5328125 0.13750000000000012 0.5328125 0.19583333333333344 0.56171875 0.1958333333333335
0 0.48125 0.20833333333333343 0.45 0.20833333333333343 0.45 0.2750000000000001 0.48125 0.2750000000000001
0 0.4453125 0.1472222222222223 0.41796875 0.1472222222222223 0.41796875 0.19583333333333341 0.4453125 0.19583333333333341
0 0.38984375 0.21527777777777785 0.36328125 0.21527777777777785 0.36328125 0.2736111111111112 0.38984375 0.2736111111111112
0 0.37109375 0.15416666666666676 0.34296875 0.15416666666666676 0.34296875 0.21805555555555564 0.37109375 0.21805555555555564
0 0.33203125 0.15694444444444453 0.3078125 0.15694444444444453 0.3078125 0.21250000000000008 0.33203125 0.21250000000000008
0 0.34609375 0.20555555555555563 0.31796875 0.20555555555555563 0.31796875 0.26250000000000007 0.34609375 0.26250000000000007
0 0.26328125 0.20138888888888898 0.2328125 0.20138888888888898 0.2328125 0.26388888888888895 0.26328125 0.26388888888888895
0 0.3265625 0.2527777777777779 0.29296875 0.2527777777777779 0.29296875 0.3291666666666667 0.3265625 0.3291666666666667
0 0.26875 0.2666666666666667 0.23984375 0.2666666666666667 0.23984375 0.32500000000000007 0.26875 0.32500000000000007
0 0.23046875 0.2722222222222223 0.203125 0.2722222222222223 0.203125 0.33055555555555566 0.23046875 0.33055555555555566
0 0.52578125 0.1666666666666668 0.50078125 0.1666666666666668 0.50078125 0.22361111111111118 0.52578125 0.22361111111111118
0 0.47265625 0.15833333333333344 0.4515625 0.1583333333333334 0.4515625 0.2111111111111112 0.47265625 0.2111111111111112
0 0.43828125 0.1972222222222223 0.40703125 0.1972222222222223 0.40703125 0.25694444444444453 0.43828125 0.25694444444444453
0 0.2375 0.33055555555555566 0.20625 0.33055555555555566 0.20625 0.3972222222222222 0.2375 0.3972222222222222
0 0.20234375 0.3194444444444445 0.17734375 0.3194444444444444 0.17734375000000002 0.38472222222222224 0.20234375 0.38472222222222224
0 0.4140625 0.2986111111111112 0.371875 0.2986111111111112 0.371875 0.38333333333333347 0.4140625 0.38333333333333347