0 0.81875 0.40000000000000013 0.77421875 0.40000000000000013 0.77421875 0.4819444444444446 0.81875 0.4819444444444446
0 0.77109375 0.36111111111111127 0.7265625 0.36111111111111127 0.7265625 0.4416666666666668 0.77109375 0.4416666666666668
0 0.70859375 0.3083333333333335 0.66328125 0.3083333333333335 0.66328125 0.4055555555555557 0.70859375 0.4055555555555557
0 0.721875 0.39166666666666683 0.66875 0.39166666666666683 0.66875 0.48888888888888904 0.721875 0.48888888888888904
0 0.65546875 0.34027777777777796 0.61171875 0.34027777777777796 0.61171875 0.42361111111111127 0.65546875 0.42361111111111127
0 0.59921875 0.36388888888888904 0.5359375 0.36388888888888904 0.5359375 0.48888888888888904 0.59921875 0.48888888888888904
0 0.61015625 0.16805555555555568 0.57734375 0.16805555555555568 0.57734375 0.2319444444444446 0.61015625 0.2319444444444446
0 0.521875 0.19861111111111118 0.48671875 0.19861111111111118 0.48671875 0.26944444444444454 0.521875 0.26944444444444454
0 0.496875 0.1250000000000001 0.4671875 0.1250000000000001 0.4671875 0.17777777777777787 0.496875 0.17777777777777787
0 0.4328125 0.16527777777777786 0.403125 0.16527777777777786 0.403125 0.22777777777777786 0.4328125 0.22777777777777786
0 0.4234375 0.09583333333333341 0.39140625 0.09583333333333341 0.39140625 0.16388888888888897 0.4234375 0.16388888888888897
0 0.3859375 0.08333333333333341 0.35859375 0.08333333333333341 0.35859375 0.14305555555555563 0.3859375 0.14305555555555563
0 0.3921875 0.1347222222222223 0.3609375 0.1347222222222223 0.3609375 0.1972222222222223 0.3921875 0.1972222222222223
0 0.31328125 0.09166666666666674 0.27890625 0.09166666666666674 0.27890625 0.1597222222222223 0.31328125 0.1597222222222223
0 0.365625 0.16944444444444454 0.328125 0.16944444444444454 0.328125 0.251388888888889 0.365625 0.251388888888889
0 0.30859375 0.15694444444444453 0.27578125 0.15694444444444453 0.27578125 0.2208333333333334 0.30859375 0.2208333333333334
0 0.2703125 0.14722222222222225 0.23984375 0.14722222222222225 0.23984375 0.2097222222222223 0.2703125 0.2097222222222223
0 0.57109375 0.18055555555555566 0.54296875 0.18055555555555564 0.54296875 0.24166666666666678 0.57109375 0.24166666666666684
0 0.52109375 0.1500000000000001 0.496875 0.1500000000000001 0.496875 0.20555555555555563 0.52109375 0.20555555555555563
0 0.4828125 0.16805555555555565 0.4484375 0.16805555555555562 0.4484375 0.23194444444444454 0.4828125 0.23194444444444454
0 0.26875 0.20555555555555563 0.23359375 0.20555555555555563 0.23359375 0.27638888888888896 0.26875 0.27638888888888896
0 0.23671875 0.18055555555555564 0.2078125 0.18055555555555564 0.2078125 0.25000000000000006 0.23671875 0.25000000000000006
0 0.44296875 0.251388888888889 0.3953125 0.251388888888889 0.3953125 0.3430555555555556 0.44296875 0.3430555555555556