0 0.2265625 0.3902777777777778 0.18281250000000004 0.3902777777777778 0.18281250000000004 0.4722222222222222 0.2265625 0.4722222222222222
0 0.27421875 0.35416666666666674 0.23046875 0.35416666666666674 0.23046875 0.43472222222222223 0.27421875 0.43472222222222223
0 0.33828125 0.30277777777777787 0.29375 0.30277777777777787 0.29375 0.4 0.33828125 0.4
0 0.33203125 0.3875 0.2796875 0.3875 0.2796875 0.48333333333333334 0.33203125 0.48333333333333334
0 0.38984375 0.3375000000000001 0.346875 0.3375000000000001 0.346875 0.4194444444444445 0.38984375 0.4194444444444446
0 0.46484375 0.36250000000000016 0.40234375 0.36250000000000016 0.40234375 0.48750000000000016 0.46484375 0.48750000000000016
0 0.42578125 0.16527777777777786 0.39375 0.16527777777777786 0.39375 0.22916666666666674 0.42578125 0.22916666666666674
0 0.51640625 0.19861111111111118 0.48125 0.19861111111111118 0.48125 0.26944444444444454 0.51640625 0.26944444444444454
0 0.53671875 0.1250000000000001 0.50703125 0.1250000000000001 0.50703125 0.17777777777777787 0.53671875 0.17777777777777787
0 0.60078125 0.16805555555555568 0.57109375 0.16805555555555568 0.57109375 0.2305555555555557 0.60078125 0.2305555555555557
0 0.61171875 0.10000000000000012 0.58046875 0.10000000000000012 0.58046875 0.16805555555555568 0.61171875 0.16805555555555568
0 0.6453125 0.08750000000000013 0.61875 0.08750000000000013 0.61875 0.14722222222222237 0.6453125 0.1472222222222224
0 0.6421875 0.13888888888888903 0.6109375 0.138888888888889 0.6109375 0.20000000000000015 0.6421875 0.20000000000000015
0 0.725 0.09861111111111127 0.69140625 0.09861111111111127 0.69140625 0.16666666666666682 0.725 0.16666666666666682
0 0.675 0.17500000000000016 0.63828125 0.17500000000000016 0.63828125 0.2555555555555557 0.675 0.2555555555555557
0 0.7265625 0.16388888888888906 0.69453125 0.16388888888888906 0.69453125 0.22777777777777794 0.7265625 0.22777777777777794
0 0.76328125 0.15555555555555572 0.73359375 0.15555555555555572 0.73359375 0.2166666666666668 0.76328125 0.2166666666666668
0 0.46015625 0.17916666666666675 0.43203125 0.17916666666666675 0.43203125 0.24027777777777787 0.46015625 0.24027777777777787
0 0.50625 0.1500000000000001 0.48203125 0.1500000000000001 0.48203125 0.20555555555555563 0.50625 0.20555555555555563
0 0.5546875 0.16944444444444456 0.52109375 0.16944444444444456 0.52109375 0.23333333333333345 0.5546875 0.2333333333333335
0 0.76875 0.21250000000000016 0.734375 0.21250000000000016 0.734375 0.2833333333333335 0.76875 0.2833333333333335
0 0.7953125 0.18888888888888905 0.7671875 0.18888888888888905 0.7671875 0.2569444444444446 0.7953125 0.2569444444444446
0 0.60625 0.2541666666666668 0.559375 0.2541666666666668 0.559375 0.3458333333333335 0.60625 0.3458333333333335