0 0.25 0.24166666666666675 0.2078125 0.24166666666666675 0.2078125 0.3208333333333334 0.25 0.3208333333333334
0 0.30390625 0.22361111111111118 0.26171875 0.22361111111111118 0.26171875 0.301388888888889 0.30390625 0.301388888888889
0 0.36953125 0.21527777777777785 0.32734375 0.21527777777777785 0.32734375 0.3097222222222223 0.36953125 0.3097222222222223
0 0.35 0.29027777777777786 0.29921875 0.29027777777777786 0.29921875 0.3819444444444444 0.35 0.3819444444444444
0 0.41484375 0.2750000000000001 0.3734375 0.2750000000000001 0.3734375 0.35416666666666674 0.41484375 0.35416666666666674
0 0.48046875 0.34166666666666673 0.41953125 0.34166666666666673 0.41953125 0.4680555555555557 0.48046875 0.4680555555555557
0 0.478125 0.13194444444444453 0.44765625 0.13194444444444453 0.44765625 0.19305555555555565 0.478125 0.19305555555555565
0 0.5515625 0.20555555555555569 0.51796875 0.20555555555555563 0.51796875 0.27361111111111125 0.5515625 0.27361111111111125
0 0.5921875 0.1527777777777779 0.5640625 0.1527777777777779 0.5640625 0.20277777777777795 0.5921875 0.20277777777777795
0 0.6453125 0.22638888888888906 0.6171875 0.22638888888888906 0.6171875 0.28750000000000014 0.6453125 0.28750000000000014
0 0.6671875 0.16666666666666682 0.6375 0.16666666666666682 0.6375 0.2333333333333335 0.6671875 0.2333333333333335
0 0.70234375 0.17361111111111127 0.6765625 0.17361111111111127 0.6765625 0.2319444444444446 0.70234375 0.2319444444444446
0 0.6875 0.2194444444444446 0.6578125 0.2194444444444446 0.6578125 0.27916666666666684 0.6875 0.27916666666666684
0 0.7703125 0.22222222222222238 0.73828125 0.22222222222222238 0.73828125 0.28750000000000014 0.7703125 0.28750000000000014
0 0.71328125 0.2833333333333335 0.67578125 0.2833333333333335 0.67578125 0.34861111111111126 0.71328125 0.34861111111111126
0 0.7671875 0.28750000000000014 0.73671875 0.28750000000000014 0.73671875 0.34861111111111126 0.7671875 0.34861111111111126
0 0.803125 0.29861111111111127 0.775 0.29861111111111127 0.775 0.3583333333333335 0.803125 0.3583333333333335
0 0.509375 0.163888888888889 0.4828125 0.163888888888889 0.4828125 0.22361111111111118 0.509375 0.22361111111111118
0 0.55859375 0.16111111111111123 0.5359375 0.16111111111111123 0.5359375 0.2152777777777779 0.55859375 0.21527777777777793
0 0.6015625 0.20416666666666683 0.56953125 0.20416666666666683 0.56953125 0.26527777777777795 0.6015625 0.26527777777777795
0 0.7984375 0.35555555555555574 0.765625 0.35555555555555574 0.765625 0.42361111111111127 0.7984375 0.42361111111111127
0 0.82734375 0.34861111111111126 0.80078125 0.34861111111111126 0.80078125 0.4152777777777779 0.82734375 0.4152777777777779
0 0.634375 0.3083333333333335 0.58984375 0.3083333333333335 0.58984375 0.3958333333333335 0.634375 0.3958333333333335
0 0.73046875 0.2194444444444446 0.69140625 0.2194444444444446 0.69140625 0.2972222222222224 0.73046875 0.2972222222222224