0 0.78828125 0.22361111111111126 0.7453125 0.22361111111111126 0.7453125 0.3041666666666668 0.78828125 0.3041666666666668
0 0.734375 0.2097222222222224 0.690625 0.2097222222222224 0.690625 0.28888888888888903 0.734375 0.28888888888888903
0 0.66953125 0.2055555555555557 0.62578125 0.2055555555555557 0.62578125 0.30138888888888904 0.66953125 0.30138888888888904
0 0.69765625 0.27916666666666684 0.64609375 0.27916666666666684 0.64609375 0.3736111111111113 0.69765625 0.3736111111111113
0 0.6234375 0.2680555555555557 0.58125 0.2680555555555557 0.58125 0.34861111111111126 0.6234375 0.34861111111111126
0 0.5796875 0.33750000000000013 0.5171875 0.3375000000000001 0.5171875 0.46666666666666684 0.5796875 0.46666666666666684
0 0.54609375 0.1291666666666668 0.51484375 0.1291666666666668 0.51484375 0.1916666666666668 0.54609375 0.19166666666666682
0 0.47734375 0.20694444444444451 0.44296875 0.20694444444444451 0.44296875 0.27638888888888896 0.47734375 0.27638888888888896
0 0.43046875 0.15694444444444453 0.4015625 0.15694444444444453 0.4015625 0.20833333333333343 0.43046875 0.20833333333333343
0 0.37890625 0.23333333333333342 0.35 0.23333333333333342 0.35 0.2958333333333334 0.37890625 0.2958333333333334
0 0.35703125 0.17500000000000007 0.3265625 0.17500000000000007 0.3265625 0.24305555555555564 0.35703125 0.24305555555555564
0 0.31875 0.1847222222222223 0.2921875 0.1847222222222223 0.2921875 0.24305555555555564 0.31875 0.24305555555555564
0 0.33828125 0.22916666666666674 0.3078125 0.22916666666666674 0.3078125 0.29027777777777786 0.33828125 0.29027777777777786
0 0.2578125 0.23750000000000007 0.22421875 0.23750000000000007 0.22421875 0.30416666666666675 0.2578125 0.30416666666666675
0 0.32109375 0.2944444444444445 0.2828125 0.2944444444444445 0.2828125 0.3611111111111111 0.32109375 0.3611111111111111
0 0.2609375 0.30277777777777787 0.2296875 0.30277777777777787 0.2296875 0.36527777777777776 0.2609375 0.36527777777777776
0 0.2234375 0.3152777777777779 0.19375 0.3152777777777779 0.19375000000000003 0.3763888888888889 0.2234375 0.3763888888888889
0 0.51171875 0.16250000000000012 0.484375 0.16250000000000012 0.484375 0.22361111111111118 0.51171875 0.22361111111111118
0 0.45859375 0.163888888888889 0.43515625 0.16388888888888897 0.43515625 0.21944444444444453 0.45859375 0.21944444444444453
0 0.4265625 0.20833333333333343 0.39296875 0.20833333333333343 0.39296875 0.2708333333333334 0.4265625 0.2708333333333334
0 0.23359375 0.37222222222222223 0.2 0.37222222222222223 0.2 0.44166666666666665 0.23359375 0.44166666666666665
0 0.19765625000000003 0.36666666666666664 0.17031250000000003 0.36666666666666664 0.17031250000000003 0.43472222222222223 0.19765625000000003 0.43472222222222223
0 0.40859375 0.313888888888889 0.3625 0.313888888888889 0.3625 0.40416666666666673 0.40859375 0.40416666666666684
0 0.30546875 0.23194444444444454 0.26484375 0.23194444444444454 0.26484375 0.31111111111111117 0.30546875 0.31111111111111117