0 0.22890625 0.5666666666666667 0.18750000000000006 0.5666666666666667 0.18750000000000006 0.6444444444444445 0.22890625 0.6444444444444445
0 0.27890625 0.6069444444444444 0.2375 0.6069444444444444 0.23750000000000004 0.6833333333333333 0.2789062500000001 0.6833333333333333
0 0.34296875000000004 0.625 0.3015625 0.625 0.30156250000000007 0.7180555555555556 0.3429687500000001 0.7180555555555556
0 0.33359375 0.5444444444444444 0.28359375 0.5444444444444444 0.28359375 0.6361111111111111 0.33359375 0.6361111111111111
0 0.39375000000000004 0.6000000000000001 0.353125 0.6 0.353125 0.6777777777777778 0.3937500000000001 0.6777777777777779
0 0.46875 0.5111111111111113 0.409375 0.5111111111111113 0.409375 0.6361111111111113 0.46875 0.6361111111111113
0 0.43671875 0.7833333333333333 0.40625 0.7833333333333333 0.40625 0.8444444444444444 0.43671875 0.8444444444444444
0 0.51796875 0.7347222222222223 0.48515625 0.7347222222222223 0.48515625 0.8027777777777778 0.51796875 0.8027777777777778
0 0.54921875 0.8208333333333333 0.52109375 0.8208333333333333 0.52109375 0.8708333333333333 0.54921875 0.8708333333333333
0 0.6109375 0.7597222222222222 0.58359375 0.7597222222222222 0.58359375 0.8194444444444444 0.6109375 0.8194444444444444
0 0.625 0.8222222222222222 0.59609375 0.8222222222222222 0.59609375 0.8875 0.625 0.8875
0 0.659375 0.8375 0.634375 0.8375 0.634375 0.8944444444444445 0.659375 0.8944444444444445
0 0.65078125 0.7847222222222222 0.621875 0.7847222222222222 0.621875 0.8430555555555556 0.65078125 0.8430555555555556
0 0.7328125 0.8083333333333335 0.70078125 0.8083333333333333 0.70078125 0.8722222222222223 0.7328125 0.8722222222222226
0 0.684375 0.7263888888888889 0.64765625 0.7263888888888889 0.64765625 0.7902777777777777 0.684375 0.7902777777777777
0 0.7375 0.7472222222222223 0.70703125 0.7472222222222222 0.70703125 0.8083333333333335 0.7375 0.8083333333333337
0 0.77421875 0.754166666666667 0.74609375 0.754166666666667 0.74609375 0.8138888888888892 0.77421875 0.8138888888888892
0 0.4703125 0.7680555555555556 0.44453125 0.7680555555555556 0.44453125 0.8263888888888888 0.4703125 0.8263888888888888
0 0.51796875 0.7958333333333333 0.49609375 0.7958333333333333 0.49609375 0.85 0.51796875 0.85
0 0.565625 0.7625 0.53359375 0.7625 0.53359375 0.8236111111111111 0.565625 0.8236111111111111
0 0.7765625 0.6861111111111112 0.74453125 0.6861111111111112 0.74453125 0.754166666666667 0.7765625 0.754166666666667
0 0.80390625 0.7083333333333335 0.778125 0.7083333333333335 0.778125 0.7750000000000004 0.80390625 0.7750000000000004
0 0.6125 0.6458333333333335 0.56875 0.6458333333333335 0.56875 0.7333333333333333 0.6125 0.7333333333333333
0 0.69453125 0.7819444444444444 0.65546875 0.7819444444444444 0.65546875 0.8583333333333333 0.69453125 0.8583333333333333