0 0.784375 0.7111111111111115 0.73984375 0.7111111111111115 0.73984375 0.7930555555555558 0.784375 0.7930555555555558
0 0.73046875 0.713888888888889 0.6859375 0.7138888888888889 0.6859375 0.7944444444444446 0.73046875 0.7944444444444447
0 0.66484375 0.7083333333333335 0.61953125 0.7083333333333335 0.61953125 0.8055555555555556 0.66484375 0.8055555555555556
0 0.6953125 0.6361111111111113 0.6421875 0.6361111111111113 0.6421875 0.7333333333333333 0.6953125 0.7333333333333333
0 0.62109375 0.6569444444444446 0.57734375 0.6569444444444446 0.57734375 0.7402777777777778 0.62109375 0.7402777777777778
0 0.57890625 0.5361111111111113 0.5140625 0.5361111111111113 0.5140625 0.6680555555555557 0.57890625 0.6680555555555557
0 0.5421875 0.8125 0.5078125 0.8125 0.5078125 0.8916666666666667 0.5421875 0.8916666666666667
0 0.4734375 0.7194444444444444 0.4359375 0.7194444444444444 0.4359375 0.7972222222222223 0.4734375 0.7972222222222223
0 0.425 0.7805555555555556 0.38750000000000007 0.7805555555555556 0.38750000000000007 0.8388888888888889 0.425 0.8388888888888889
0 0.3742187500000001 0.6958333333333334 0.34453125000000007 0.6958333333333333 0.34453125000000007 0.7583333333333333 0.3742187500000001 0.7583333333333333
0 0.35234375000000007 0.7472222222222222 0.3203125000000001 0.7472222222222222 0.3203125000000001 0.8152777777777778 0.35234375000000007 0.8152777777777778
0 0.32109375000000007 0.7458333333333333 0.29375000000000007 0.7458333333333333 0.29375000000000007 0.8055555555555556 0.32109375000000007 0.8055555555555556
0 0.2406250000000001 0.6722222222222223 0.2062500000000001 0.6722222222222223 0.2062500000000001 0.7402777777777778 0.2406250000000001 0.7402777777777778
0 0.31875000000000003 0.6222222222222222 0.284375 0.6222222222222222 0.28437500000000004 0.6944444444444444 0.3187500000000001 0.6944444444444444
0 0.25859375000000007 0.6180555555555556 0.22578125 0.6180555555555556 0.22578125000000004 0.6819444444444445 0.25859375000000007 0.6819444444444445
0 0.22031250000000005 0.6041666666666666 0.18984375000000003 0.6041666666666666 0.18984375000000003 0.6666666666666666 0.22031250000000008 0.6666666666666666
0 0.50703125 0.7694444444444445 0.471875 0.7694444444444445 0.471875 0.8444444444444444 0.50703125 0.8444444444444444
0 0.453125 0.7777777777777778 0.42890625 0.7777777777777778 0.42890625 0.8333333333333334 0.453125 0.8333333333333334
0 0.421875 0.7236111111111111 0.38750000000000007 0.7236111111111111 0.38750000000000007 0.7875 0.421875 0.7875
0 0.2359375 0.5402777777777777 0.20078125 0.5402777777777777 0.20078125 0.6111111111111112 0.2359375 0.6111111111111112
0 0.19687500000000005 0.5458333333333333 0.16796875000000006 0.5458333333333333 0.16796875000000006 0.6152777777777778 0.19687500000000005 0.6152777777777778
0 0.40625 0.588888888888889 0.35859375 0.5888888888888889 0.35859375000000004 0.6805555555555556 0.40625 0.6805555555555557
0 0.3062500000000001 0.6847222222222222 0.2648437500000001 0.6847222222222222 0.2648437500000001 0.7652777777777777 0.3062500000000001 0.7652777777777777
