0 0.78671875 0.21527777777777793 0.74296875 0.21527777777777793 0.74296875 0.2972222222222224 0.78671875 0.2972222222222224
0 0.7328125 0.21388888888888904 0.6890625 0.21388888888888904 0.6890625 0.2944444444444446 0.7328125 0.2944444444444446
0 0.6671875 0.20000000000000015 0.62265625 0.20000000000000015 0.62265625 0.2972222222222224 0.6671875 0.2972222222222224
0 0.696875 0.27222222222222237 0.64453125 0.27222222222222237 0.64453125 0.3680555555555557 0.696875 0.3680555555555557
0 0.62265625 0.26388888888888906 0.5796875 0.26388888888888906 0.5796875 0.3458333333333335 0.62265625 0.3458333333333335
0 0.5796875 0.33472222222222237 0.515625 0.3347222222222223 0.515625 0.46527777777777796 0.5796875 0.46527777777777796
0 0.5453125 0.10972222222222235 0.51171875 0.10972222222222235 0.51171875 0.188888888888889 0.5453125 0.18888888888888905
0 0.47578125 0.20277777777777786 0.4390625 0.20277777777777786 0.4390625 0.27916666666666673 0.47578125 0.27916666666666673
0 0.428125 0.1597222222222223 0.39140625 0.1597222222222223 0.39140625 0.21666666666666676 0.428125 0.21666666666666676
0 0.3765625 0.23750000000000007 0.346875 0.23750000000000007 0.346875 0.3000000000000001 0.3765625 0.3000000000000001
0 0.3546875 0.18055555555555564 0.3234375 0.18055555555555564 0.3234375 0.2486111111111112 0.3546875 0.2486111111111112
0 0.3234375 0.18888888888888897 0.296875 0.18888888888888897 0.296875 0.2486111111111112 0.3234375 0.2486111111111112
0 0.2421875 0.251388888888889 0.20859375 0.251388888888889 0.20859375 0.31944444444444453 0.2421875 0.31944444444444453
0 0.3203125 0.3000000000000001 0.2859375 0.3000000000000001 0.2859375 0.37222222222222223 0.3203125 0.37222222222222223
0 0.259375 0.3097222222222223 0.22734375 0.3097222222222223 0.22734375 0.3736111111111111 0.259375 0.3736111111111111
0 0.221875 0.32500000000000007 0.19218750000000004 0.32500000000000007 0.19218750000000004 0.3861111111111111 0.221875 0.3861111111111111
0 0.509375 0.15555555555555567 0.475 0.15555555555555567 0.475 0.23055555555555562 0.509375 0.23055555555555562
0 0.45625 0.16527777777777788 0.43203125 0.16527777777777786 0.43203125 0.2208333333333334 0.45625 0.2208333333333334
0 0.42421875 0.2111111111111112 0.390625 0.2111111111111112 0.390625 0.2750000000000001 0.42421875 0.2750000000000001
0 0.2359375 0.38055555555555554 0.2015625 0.38055555555555554 0.2015625 0.4513888888888889 0.2359375 0.4513888888888889
0 0.19687500000000005 0.3763888888888889 0.16875000000000004 0.3763888888888889 0.16875000000000004 0.4444444444444444 0.19687500000000005 0.4444444444444444
0 0.4078125 0.31666666666666676 0.3609375 0.31666666666666676 0.3609375 0.40833333333333344 0.4078125 0.4083333333333335
0 0.30859375 0.22916666666666674 0.2671875 0.22916666666666674 0.2671875 0.3097222222222223 0.30859375 0.3097222222222223
