0 0.80859375 0.5944444444444446 0.76953125 0.5944444444444446 0.76953125 0.6694444444444446 0.80859375 0.6694444444444446
0 0.75703125 0.6208333333333335 0.7171875 0.6208333333333335 0.7171875 0.6930555555555558 0.75703125 0.6930555555555558
0 0.6984375 0.6416666666666668 0.659375 0.6416666666666668 0.659375 0.7319444444444444 0.6984375 0.7319444444444444
0 0.7125 0.563888888888889 0.66484375 0.563888888888889 0.66484375 0.651388888888889 0.7125 0.651388888888889
0 0.6421875 0.6125000000000002 0.60390625 0.6125000000000002 0.60390625 0.6875000000000001 0.6421875 0.6875000000000001
0 0.5875 0.5180555555555557 0.53125 0.5180555555555557 0.53125 0.6388888888888891 0.5875 0.6388888888888891
0 0.58828125 0.7930555555555555 0.559375 0.7930555555555555 0.559375 0.8666666666666667 0.58828125 0.8666666666666667
0 0.5078125 0.7347222222222223 0.475 0.7347222222222223 0.475 0.8055555555555556 0.5078125 0.8055555555555556
0 0.46328125 0.8180555555555555 0.42890625 0.8180555555555555 0.42890625 0.8694444444444445 0.46328125 0.8694444444444445
0 0.41484375 0.75 0.3890625000000001 0.75 0.3890625000000001 0.8083333333333333 0.41484375 0.8083333333333333
0 0.3929687500000001 0.8111111111111111 0.3656250000000001 0.8111111111111111 0.3656250000000001 0.875 0.3929687500000001 0.875
0 0.3578125000000001 0.8236111111111111 0.3343750000000001 0.8236111111111111 0.3343750000000001 0.8791666666666667 0.3578125000000001 0.8791666666666667
0 0.2750000000000001 0.7888888888888889 0.2453125000000001 0.7888888888888889 0.2453125000000001 0.8513888888888889 0.2750000000000001 0.8513888888888889
0 0.34453125000000007 0.7055555555555556 0.3140625000000001 0.7055555555555556 0.3140625000000001 0.7722222222222223 0.34453125000000007 0.7722222222222223
0 0.2843750000000001 0.7277777777777777 0.2554687500000001 0.7277777777777777 0.2554687500000001 0.7861111111111111 0.2843750000000001 0.7861111111111111
0 0.24609375000000008 0.7305555555555555 0.2195312500000001 0.7305555555555555 0.2195312500000001 0.7875 0.24609375000000008 0.7875
0 0.54921875 0.7611111111111111 0.51875 0.7611111111111111 0.51875 0.8305555555555556 0.54921875 0.8305555555555556
0 0.49453125 0.7958333333333333 0.4734375 0.7958333333333333 0.4734375 0.8486111111111111 0.49453125 0.8486111111111111
0 0.4578125 0.7597222222222222 0.42734375 0.7597222222222222 0.42734375 0.8180555555555555 0.4578125 0.8180555555555555
0 0.2523437500000001 0.6625 0.2218750000000001 0.6625 0.2218750000000001 0.7277777777777777 0.2523437500000001 0.7277777777777777
0 0.21484375000000008 0.6819444444444445 0.19062500000000004 0.6819444444444445 0.19062500000000004 0.7458333333333333 0.21484375000000008 0.7458333333333333
0 0.425 0.640277777777778 0.38359375 0.640277777777778 0.38359375000000007 0.7236111111111111 0.425 0.7236111111111111
0 0.34062500000000007 0.7736111111111111 0.3039062500000001 0.7736111111111111 0.3039062500000001 0.8472222222222222 0.34062500000000007 0.8472222222222222
