0 0.22890625 0.5666666666666667 0.18750000000000006 0.5666666666666667 0.18750000000000006 0.6444444444444445 0.22890625 0.6444444444444445
0 0.28515625000000006 0.6152777777777778 0.24375 0.6152777777777778 0.24375000000000005 0.6916666666666667 0.2851562500000001 0.6916666666666667
0 0.3375 0.6236111111111111 0.29609375 0.6236111111111111 0.29609375000000004 0.7166666666666667 0.3375000000000001 0.7166666666666667
0 0.33359375 0.5444444444444444 0.28359375 0.5444444444444444 0.28359375 0.6361111111111111 0.33359375 0.6361111111111111
0 0.39375000000000004 0.6000000000000001 0.353125 0.6 0.353125 0.6777777777777778 0.3937500000000001 0.6777777777777779
0 0.46875 0.5111111111111113 0.409375 0.5111111111111113 0.409375 0.6361111111111113 0.46875 0.6361111111111113
0 0.43203125 0.7847222222222222 0.40078125 0.7847222222222222 0.40078125 0.8611111111111112 0.43203125 0.8611111111111112
0 0.51875 0.7333333333333333 0.484375 0.7333333333333333 0.484375 0.8069444444444445 0.51875 0.8069444444444445
0 0.56875 0.8069444444444445 0.5453125 0.8069444444444445 0.5453125 0.8513888888888889 0.56875 0.8513888888888889
0 0.60390625 0.7569444444444444 0.5765625 0.7569444444444444 0.5765625 0.8166666666666667 0.60390625 0.8166666666666667
0 0.6296875 0.8194444444444444 0.60078125 0.8194444444444444 0.60078125 0.8847222222222222 0.6296875 0.8847222222222222
0 0.6515625 0.8375 0.6265625 0.8375 0.6265625 0.8944444444444445 0.6515625 0.8944444444444445
0 0.746875 0.8097222222222223 0.71484375 0.8097222222222222 0.71484375 0.8736111111111112 0.746875 0.8736111111111114
0 0.67890625 0.7555555555555555 0.646875 0.7555555555555555 0.646875 0.825 0.67890625 0.825
0 0.7375 0.7472222222222223 0.70703125 0.7472222222222222 0.70703125 0.8083333333333335 0.7375 0.8083333333333337
0 0.77421875 0.754166666666667 0.74609375 0.754166666666667 0.74609375 0.8138888888888892 0.77421875 0.8138888888888892
0 0.4796875 0.7875 0.44765625 0.7875 0.44765625 0.8597222222222223 0.4796875 0.8597222222222223
0 0.51796875 0.7958333333333333 0.49609375 0.7958333333333333 0.49609375 0.85 0.51796875 0.85
0 0.565625 0.7625 0.53359375 0.7625 0.53359375 0.8236111111111111 0.565625 0.8236111111111111
0 0.7734375 0.6847222222222223 0.74140625 0.6847222222222223 0.74140625 0.7527777777777781 0.7734375 0.7527777777777781
0 0.80390625 0.7083333333333335 0.778125 0.7083333333333335 0.778125 0.7750000000000004 0.80390625 0.7750000000000004
0 0.6125 0.6458333333333335 0.56875 0.6458333333333335 0.56875 0.7333333333333333 0.6125 0.7333333333333333
0 0.4828125 0.7333333333333333 0.45 0.7333333333333333 0.45 0.7958333333333333 0.4828125 0.7958333333333333