0 0.79921875 0.6472222222222224 0.76015625 0.6472222222222224 0.76015625 0.7222222222222225 0.79921875 0.7222222222222225
0 0.7359375 0.690277777777778 0.69609375 0.690277777777778 0.69609375 0.7625000000000002 0.7359375 0.7625000000000003
0 0.675 0.6916666666666669 0.6359375 0.6916666666666669 0.6359375 0.7819444444444444 0.675 0.7819444444444444
0 0.7046875 0.6069444444444446 0.65703125 0.6069444444444446 0.65703125 0.6944444444444446 0.7046875 0.6944444444444446
0 0.63125 0.6361111111111113 0.59296875 0.6361111111111113 0.59296875 0.7111111111111111 0.63125 0.7111111111111111
0 0.56640625 0.5416666666666669 0.51015625 0.5416666666666669 0.51015625 0.6625000000000002 0.56640625 0.6625000000000002
0 0.56875 0.8055555555555556 0.53984375 0.8055555555555556 0.53984375 0.8791666666666667 0.56875 0.8791666666666667
0 0.4953125 0.7402777777777778 0.4625 0.7402777777777778 0.4625 0.8111111111111111 0.4953125 0.8111111111111111
0 0.42421875 0.7902777777777777 0.4015625 0.7902777777777777 0.4015625 0.8333333333333334 0.42421875 0.8333333333333334
0 0.3906250000000001 0.7166666666666667 0.3578125000000001 0.7166666666666667 0.3578125000000001 0.7833333333333333 0.3906250000000001 0.7833333333333333
0 0.37187500000000007 0.7875 0.34453125000000007 0.7875 0.34453125000000007 0.8513888888888889 0.37187500000000007 0.8513888888888889
0 0.3421875000000001 0.7986111111111112 0.3187500000000001 0.7986111111111112 0.3187500000000001 0.8541666666666666 0.3421875000000001 0.8541666666666666
0 0.2710937500000001 0.7625 0.2414062500000001 0.7625 0.2414062500000001 0.825 0.2710937500000001 0.825
0 0.32500000000000007 0.6791666666666667 0.2945312500000001 0.6791666666666667 0.2945312500000001 0.7458333333333333 0.32500000000000007 0.7458333333333333
0 0.2757812500000001 0.6916666666666667 0.2468750000000001 0.6916666666666667 0.2468750000000001 0.75 0.2757812500000001 0.75
0 0.23203125000000008 0.6791666666666667 0.2054687500000001 0.6791666666666667 0.2054687500000001 0.7361111111111112 0.23203125000000008 0.7361111111111112
0 0.5171875 0.8125 0.48984375 0.8125 0.48984375 0.8597222222222223 0.5171875 0.8597222222222223
0 0.47890625 0.7944444444444444 0.4578125 0.7944444444444444 0.4578125 0.8472222222222222 0.47890625 0.8472222222222222
0 0.440625 0.7472222222222222 0.41015625 0.7472222222222222 0.41015625 0.8055555555555556 0.440625 0.8055555555555556
0 0.23125000000000004 0.6180555555555556 0.20078125 0.6180555555555556 0.20078125000000005 0.6833333333333333 0.2312500000000001 0.6833333333333333
0 0.20000000000000004 0.6291666666666667 0.17265625000000004 0.6291666666666667 0.17265625000000004 0.6958333333333333 0.2000000000000001 0.6958333333333333
0 0.4171875 0.640277777777778 0.37578125 0.640277777777778 0.37578125000000007 0.7236111111111111 0.4171875 0.7236111111111111
0 0.5296875 0.7583333333333333 0.49921875 0.7583333333333333 0.49921875 0.8194444444444444 0.5296875 0.8194444444444444
0 0.3109375000000001 0.7402777777777778 0.28203125000000007 0.7402777777777778 0.28203125000000007 0.8041666666666667 0.3109375000000001 0.8041666666666667