0 0.790625 0.688888888888889 0.7484375 0.688888888888889 0.7484375 0.7680555555555558 0.790625 0.7680555555555558
0 0.725 0.7194444444444444 0.68203125 0.7194444444444444 0.68203125 0.7972222222222223 0.725 0.7972222222222223
0 0.66484375 0.7111111111111111 0.621875 0.7111111111111111 0.621875 0.8069444444444445 0.66484375 0.8069444444444445
0 0.6984375 0.6319444444444446 0.64765625 0.6319444444444446 0.64765625 0.725 0.6984375 0.725
0 0.62421875 0.6500000000000001 0.5828125 0.6500000000000001 0.5828125 0.7305555555555555 0.62421875 0.7305555555555555
0 0.56328125 0.5430555555555557 0.5015625 0.5430555555555557 0.5015625 0.6708333333333335 0.56328125 0.6708333333333335
0 0.553125 0.8097222222222222 0.52109375 0.8097222222222222 0.52109375 0.8875 0.553125 0.8875
0 0.48359375 0.7333333333333333 0.44765625 0.7333333333333333 0.44765625 0.8083333333333333 0.48359375 0.8083333333333333
0 0.41015625 0.7736111111111111 0.3859375000000001 0.7736111111111111 0.3859375000000001 0.8194444444444444 0.41015625 0.8194444444444444
0 0.3804687500000001 0.6944444444444445 0.34453125000000007 0.6944444444444444 0.34453125000000007 0.7652777777777777 0.3804687500000001 0.7652777777777777
0 0.3578125000000001 0.7625 0.3273437500000001 0.7625 0.3273437500000001 0.8291666666666667 0.3578125000000001 0.8291666666666667
0 0.3281250000000001 0.7694444444444445 0.3023437500000001 0.7694444444444445 0.3023437500000001 0.8277777777777777 0.3281250000000001 0.8277777777777777
0 0.25859375000000007 0.7222222222222222 0.2257812500000001 0.7222222222222222 0.2257812500000001 0.7875 0.25859375000000007 0.7875
0 0.3164062500000001 0.6472222222222223 0.2835937500000001 0.6472222222222223 0.2835937500000001 0.7180555555555556 0.3164062500000001 0.7180555555555556
0 0.2671875000000001 0.6513888888888889 0.23593750000000008 0.6513888888888889 0.23593750000000008 0.7138888888888889 0.2671875000000001 0.7138888888888889
0 0.22421875000000005 0.6333333333333333 0.19531250000000006 0.6333333333333333 0.19531250000000006 0.6944444444444444 0.22421875000000008 0.6944444444444444
0 0.5015625 0.8097222222222222 0.47265625 0.8097222222222222 0.47265625 0.8597222222222223 0.5015625 0.8597222222222223
0 0.4640625 0.7875 0.440625 0.7875 0.440625 0.8416666666666667 0.4640625 0.8416666666666667
0 0.42890625 0.7319444444444444 0.3960937500000001 0.7319444444444444 0.3960937500000001 0.7944444444444444 0.42890625 0.7944444444444444
0 0.2265625 0.5708333333333333 0.19296875000000005 0.5708333333333333 0.19296875000000005 0.6402777777777777 0.2265625 0.6402777777777777
0 0.19453125000000004 0.5777777777777777 0.16406250000000006 0.5777777777777777 0.16406250000000006 0.6472222222222223 0.19453125000000004 0.6472222222222223
0 0.4109375 0.6208333333333335 0.365625 0.6208333333333335 0.36562500000000003 0.7097222222222224 0.4109375 0.7097222222222224
0 0.5171875 0.7583333333333333 0.48359375 0.7583333333333333 0.48359375 0.8236111111111111 0.5171875 0.8236111111111111
0 0.3000000000000001 0.7055555555555556 0.2687500000000001 0.7055555555555556 0.2687500000000001 0.7736111111111111 0.3000000000000001 0.7736111111111111