0 0.234375 0.30555555555555564 0.196875 0.30555555555555564 0.19687500000000002 0.3763888888888889 0.234375 0.3763888888888889
0 0.296875 0.2597222222222223 0.259375 0.2597222222222223 0.259375 0.3291666666666667 0.296875 0.3291666666666667
0 0.35625 0.2361111111111112 0.31953125 0.2361111111111112 0.31953125 0.3222222222222223 0.35625 0.3222222222222223
0 0.3375 0.32500000000000007 0.2921875 0.32500000000000007 0.2921875 0.4083333333333333 0.3375 0.4083333333333333
0 0.4015625 0.301388888888889 0.36484375 0.301388888888889 0.36484375 0.3736111111111113 0.4015625 0.3736111111111113
0 0.4859375 0.3444444444444445 0.4328125 0.3444444444444445 0.4328125 0.45972222222222237 0.4859375 0.45972222222222237
0 0.44921875 0.12777777777777785 0.42265625 0.12777777777777785 0.42265625 0.20000000000000007 0.44921875 0.20000000000000007
0 0.528125 0.19027777777777785 0.49765625 0.19027777777777785 0.49765625 0.25694444444444453 0.528125 0.25694444444444453
0 0.58828125 0.16111111111111123 0.5671875 0.16111111111111123 0.5671875 0.20138888888888903 0.58828125 0.20138888888888903
0 0.634375 0.2069444444444446 0.60234375 0.2069444444444446 0.60234375 0.2708333333333335 0.634375 0.2708333333333335
0 0.6453125 0.13750000000000015 0.61953125 0.13750000000000012 0.61953125 0.19861111111111127 0.6453125 0.19861111111111127
0 0.67109375 0.13194444444444461 0.64921875 0.13194444444444461 0.64921875 0.18472222222222237 0.67109375 0.18472222222222237
0 0.74921875 0.1541666666666668 0.72109375 0.1541666666666668 0.72109375 0.21388888888888904 0.74921875 0.21388888888888904
0 0.69765625 0.23888888888888904 0.66953125 0.23888888888888904 0.66953125 0.3027777777777779 0.69765625 0.3027777777777779
0 0.7453125 0.2305555555555557 0.71796875 0.2305555555555557 0.71796875 0.28611111111111126 0.7453125 0.28611111111111126
0 0.7875 0.23888888888888904 0.7625 0.23888888888888904 0.7625 0.2944444444444446 0.7875 0.2944444444444446
0 0.5 0.14305555555555569 0.47421875 0.14305555555555569 0.47421875 0.18750000000000008 0.5 0.18750000000000008
0 0.53203125 0.1527777777777779 0.51328125 0.1527777777777779 0.51328125 0.20277777777777786 0.53203125 0.20277777777777786
0 0.58046875 0.19027777777777793 0.55234375 0.19027777777777793 0.55234375 0.2458333333333335 0.58046875 0.2458333333333335
0 0.79375 0.29305555555555574 0.76484375 0.29305555555555574 0.76484375 0.35555555555555574 0.79375 0.35555555555555574
0 0.821875 0.27777777777777796 0.79609375 0.27777777777777796 0.79609375 0.34166666666666684 0.821875 0.34166666666666684
0 0.61796875 0.2694444444444446 0.578125 0.2694444444444446 0.578125 0.34861111111111126 0.61796875 0.34861111111111126
0 0.4921875 0.1833333333333334 0.4625 0.1833333333333334 0.4625 0.24166666666666675 0.4921875 0.24166666666666675
0 0.70859375 0.17916666666666684 0.68203125 0.17916666666666684 0.68203125 0.24027777777777792 0.70859375 0.24027777777777792