0 0.79921875 0.27777777777777796 0.76015625 0.27777777777777796 0.76015625 0.3527777777777779 0.79921875 0.3527777777777779
0 0.7359375 0.23888888888888904 0.69609375 0.23888888888888904 0.69609375 0.3111111111111113 0.7359375 0.3111111111111113
0 0.675 0.2194444444444446 0.6359375 0.2194444444444446 0.6359375 0.3097222222222224 0.675 0.3097222222222224
0 0.7046875 0.3055555555555557 0.65703125 0.3055555555555557 0.65703125 0.3930555555555557 0.7046875 0.3930555555555557
0 0.63125 0.2902777777777779 0.59296875 0.2902777777777779 0.59296875 0.3652777777777779 0.63125 0.3652777777777779
0 0.56640625 0.33750000000000013 0.51015625 0.3375000000000001 0.51015625 0.4583333333333335 0.56640625 0.4583333333333335
0 0.56875 0.12222222222222234 0.53984375 0.12222222222222234 0.53984375 0.19583333333333344 0.56875 0.1958333333333335
0 0.4953125 0.19027777777777785 0.4625 0.19027777777777785 0.4625 0.2611111111111112 0.4953125 0.2611111111111112
0 0.42421875 0.16805555555555562 0.4015625 0.16805555555555562 0.4015625 0.2111111111111112 0.42421875 0.2111111111111112
0 0.390625 0.21805555555555564 0.3578125 0.21805555555555564 0.3578125 0.2847222222222223 0.390625 0.2847222222222223
0 0.371875 0.15000000000000008 0.34453125 0.15000000000000008 0.34453125 0.21388888888888896 0.371875 0.21388888888888896
0 0.3421875 0.14583333333333343 0.31875 0.14583333333333343 0.31875 0.20138888888888898 0.3421875 0.20138888888888898
0 0.27109375 0.17638888888888893 0.24140625 0.17638888888888893 0.24140625 0.23888888888888896 0.27109375 0.23888888888888896
0 0.325 0.25555555555555565 0.29453125 0.25555555555555565 0.29453125 0.3222222222222223 0.325 0.3222222222222223
0 0.27578125 0.251388888888889 0.246875 0.251388888888889 0.246875 0.3097222222222223 0.27578125 0.3097222222222223
0 0.23203125 0.26388888888888895 0.20546875 0.26388888888888895 0.20546875 0.3208333333333334 0.23203125 0.3208333333333334
0 0.5171875 0.14166666666666677 0.48984375 0.14166666666666677 0.48984375 0.18888888888888897 0.5171875 0.18888888888888897
0 0.47890625 0.15416666666666679 0.4578125 0.15416666666666679 0.4578125 0.20694444444444451 0.47890625 0.20694444444444451
0 0.440625 0.19583333333333341 0.41015625 0.19583333333333341 0.41015625 0.25416666666666676 0.440625 0.25416666666666676
0 0.23125 0.31805555555555565 0.20078125 0.31805555555555565 0.20078125 0.38333333333333336 0.23125 0.38333333333333336
0 0.2 0.3055555555555556 0.17265625 0.3055555555555556 0.17265625 0.37222222222222223 0.2 0.37222222222222223
0 0.4171875 0.27777777777777785 0.37578125 0.27777777777777785 0.37578125 0.36111111111111127 0.4171875 0.36111111111111127
0 0.5296875 0.18055555555555564 0.49921875 0.18055555555555564 0.49921875 0.24166666666666675 0.5296875 0.24166666666666675
0 0.3109375 0.1972222222222223 0.28203125 0.1972222222222223 0.28203125 0.2611111111111112 0.3109375 0.2611111111111112