0 0.24765625000000008 0.6722222222222223 0.2062500000000001 0.6722222222222223 0.2062500000000001 0.75 0.24765625000000008 0.75
0 0.3125000000000001 0.7069444444444445 0.2710937500000001 0.7069444444444445 0.2710937500000001 0.7833333333333333 0.3125000000000001 0.7833333333333333
0 0.3726562500000001 0.7041666666666667 0.3312500000000001 0.7041666666666667 0.3312500000000001 0.7972222222222223 0.3726562500000001 0.7972222222222223
0 0.34921875 0.6222222222222222 0.29921875 0.6222222222222222 0.29921875000000003 0.7138888888888889 0.3492187500000001 0.7138888888888889
0 0.4140625 0.6444444444444446 0.3734375 0.6444444444444446 0.37343750000000003 0.7222222222222222 0.4140625 0.7222222222222222
0 0.4953125 0.5430555555555557 0.4359375 0.5430555555555557 0.4359375 0.6680555555555557 0.4953125 0.6680555555555557
0 0.471875 0.8083333333333333 0.440625 0.8083333333333333 0.440625 0.8847222222222222 0.471875 0.8847222222222222
0 0.546875 0.7361111111111112 0.5125 0.7361111111111112 0.5125 0.8097222222222222 0.546875 0.8097222222222222
0 0.6078125 0.7805555555555556 0.584375 0.7805555555555556 0.584375 0.825 0.6078125 0.825
0 0.65078125 0.702777777777778 0.615625 0.702777777777778 0.615625 0.7722222222222223 0.65078125 0.7722222222222223
0 0.66640625 0.7722222222222223 0.6375 0.7722222222222223 0.6375 0.8375 0.66640625 0.8375
0 0.6921875 0.7819444444444444 0.6671875 0.7819444444444444 0.6671875 0.8388888888888889 0.6921875 0.8388888888888889
0 0.76875 0.7388888888888892 0.73671875 0.7388888888888892 0.73671875 0.8027777777777781 0.76875 0.8027777777777781
0 0.7125 0.6597222222222224 0.68046875 0.6597222222222224 0.68046875 0.7291666666666666 0.7125 0.7291666666666666
0 0.76015625 0.6680555555555557 0.7296875 0.6680555555555557 0.7296875 0.729166666666667 0.76015625 0.729166666666667
0 0.8015625 0.651388888888889 0.7734375 0.651388888888889 0.7734375 0.7111111111111115 0.8015625 0.7111111111111115
0 0.52109375 0.8111111111111111 0.49296875 0.8111111111111111 0.49296875 0.8597222222222223 0.52109375 0.8597222222222223
0 0.55234375 0.7902777777777777 0.53046875 0.7902777777777777 0.53046875 0.8444444444444444 0.55234375 0.8444444444444444
0 0.59921875 0.7388888888888889 0.5671875 0.7388888888888889 0.5671875 0.8 0.59921875 0.8
0 0.8046875 0.588888888888889 0.77265625 0.588888888888889 0.77265625 0.6569444444444446 0.8046875 0.6569444444444446
0 0.8328125 0.5986111111111113 0.80390625 0.5986111111111113 0.80390625 0.6666666666666669 0.8328125 0.6666666666666669
0 0.63046875 0.627777777777778 0.58671875 0.627777777777778 0.58671875 0.7152777777777778 0.63046875 0.7152777777777778
0 0.5109375 0.7597222222222222 0.478125 0.7597222222222222 0.478125 0.8222222222222222 0.5109375 0.8222222222222222
0 0.7265625 0.7194444444444446 0.69609375 0.7194444444444444 0.69609375 0.7861111111111113 0.7265625 0.7861111111111114