0 0.79453125 0.25000000000000017 0.753125 0.25000000000000017 0.753125 0.32777777777777795 0.79453125 0.32777777777777795
0 0.7296875 0.2166666666666668 0.68828125 0.2166666666666668 0.68828125 0.29305555555555574 0.7296875 0.29305555555555574
0 0.678125 0.20000000000000015 0.63671875 0.20000000000000015 0.63671875 0.29305555555555574 0.678125 0.29305555555555574
0 0.7140625 0.2902777777777779 0.6640625 0.2902777777777779 0.6640625 0.3819444444444446 0.7140625 0.3819444444444446
0 0.62734375 0.27777777777777796 0.58671875 0.27777777777777796 0.58671875 0.35555555555555574 0.62734375 0.35555555555555574
0 0.571875 0.23750000000000013 0.5125 0.23750000000000007 0.5125 0.36250000000000016 0.571875 0.36250000000000016
0 0.55390625 0.1152777777777779 0.52265625 0.1152777777777779 0.52265625 0.1916666666666668 0.55390625 0.19166666666666682
0 0.48828125 0.19166666666666674 0.45390625 0.19166666666666674 0.45390625 0.26527777777777783 0.48828125 0.26527777777777783
0 0.41640625 0.18055555555555564 0.39296875 0.18055555555555564 0.39296875 0.2250000000000001 0.41640625 0.2250000000000001
0 0.384375 0.22777777777777786 0.34921875 0.22777777777777786 0.34921875 0.2972222222222223 0.384375 0.2972222222222223
0 0.38125 0.17083333333333342 0.35234375 0.17083333333333342 0.35234375 0.2361111111111112 0.38125 0.2361111111111112
0 0.33359375 0.1625000000000001 0.30859375 0.1625000000000001 0.30859375 0.21944444444444453 0.33359375 0.21944444444444453
0 0.27265625 0.21250000000000008 0.240625 0.21250000000000008 0.240625 0.27638888888888896 0.27265625 0.27638888888888896
0 0.3234375 0.25555555555555565 0.29140625 0.25555555555555565 0.29140625 0.32500000000000007 0.3234375 0.32500000000000007
0 0.3578125 0.15000000000000008 0.33203125 0.15000000000000008 0.33203125 0.2111111111111112 0.3578125 0.2111111111111112
0 0.21328125 0.1805555555555556 0.18125 0.18055555555555555 0.18125 0.24861111111111114 0.21328125 0.2486111111111112
0 0.46953125 0.15694444444444455 0.44921875 0.15694444444444453 0.44921875 0.20277777777777786 0.46953125 0.20277777777777786
0 0.4375 0.20000000000000007 0.40546875 0.20000000000000007 0.40546875 0.2611111111111112 0.4375 0.2611111111111112
0 0.24296875 0.31805555555555565 0.2078125 0.31805555555555565 0.2078125 0.3958333333333333 0.24296875 0.3958333333333333
0 0.18906250000000005 0.3291666666666667 0.15000000000000005 0.32916666666666666 0.15000000000000005 0.41388888888888886 0.18906250000000005 0.41388888888888886
0 0.40234375 0.2819444444444445 0.35859375 0.2819444444444445 0.35859375 0.3694444444444445 0.40234375 0.3694444444444446
0 0.525 0.15555555555555567 0.4921875 0.15555555555555567 0.4921875 0.21805555555555564 0.525 0.21805555555555564
0 0.30859375 0.20000000000000007 0.278125 0.20000000000000007 0.278125 0.2666666666666667 0.30859375 0.2666666666666667
0 0.14687500000000003 0.3875 0.09843750000000002 0.3875 0.09843750000000002 0.4736111111111111 0.14687500000000003 0.4736111111111111