0 0.80546875 0.31388888888888905 0.7671875 0.31388888888888905 0.7671875 0.3861111111111113 0.80546875 0.3861111111111113
0 0.740625 0.25833333333333347 0.70234375 0.25833333333333347 0.70234375 0.32916666666666683 0.740625 0.32916666666666683
0 0.671875 0.2458333333333335 0.64140625 0.2458333333333335 0.64140625 0.3319444444444446 0.671875 0.3319444444444446
0 0.703125 0.3569444444444446 0.65703125 0.3569444444444446 0.65703125 0.4416666666666668 0.703125 0.4416666666666668
0 0.63671875 0.3236111111111113 0.59921875 0.3236111111111113 0.59921875 0.3958333333333335 0.63671875 0.3958333333333335
0 0.5703125 0.37500000000000017 0.5171875 0.37500000000000017 0.5171875 0.48611111111111127 0.5703125 0.48611111111111127
0 0.5828125 0.13472222222222235 0.55546875 0.13472222222222235 0.55546875 0.19166666666666682 0.5828125 0.19166666666666682
0 0.53203125 0.14166666666666677 0.5078125 0.14166666666666677 0.5078125 0.18750000000000008 0.53203125 0.18750000000000008
0 0.50546875 0.1833333333333334 0.4828125 0.1833333333333334 0.4828125 0.24166666666666675 0.50546875 0.24166666666666675
0 0.49453125 0.13055555555555567 0.475 0.13055555555555567 0.475 0.16944444444444456 0.49453125 0.16944444444444456
0 0.44375 0.15555555555555564 0.4203125 0.15555555555555564 0.4203125 0.19027777777777785 0.44375 0.19027777777777785
0 0.40390625 0.20416666666666675 0.37890625 0.20416666666666675 0.37890625 0.2611111111111112 0.40390625 0.2611111111111112
0 0.378125 0.1472222222222223 0.35546875 0.1472222222222223 0.35546875 0.19305555555555565 0.378125 0.19305555555555565
0 0.3453125 0.13194444444444453 0.32578125 0.13194444444444453 0.32578125 0.18194444444444452 0.3453125 0.18194444444444452
0 0.359375 0.25416666666666676 0.3296875 0.25416666666666676 0.3296875 0.31805555555555565 0.359375 0.31805555555555565
0 0.3484375 0.1861111111111112 0.325 0.1861111111111112 0.325 0.2361111111111112 0.3484375 0.2361111111111112
0 0.2734375 0.1666666666666667 0.24453125 0.1666666666666667 0.24453125 0.22638888888888897 0.2734375 0.22638888888888897
0 0.3203125 0.23750000000000007 0.29921875 0.23750000000000007 0.29921875 0.2958333333333334 0.3203125 0.2958333333333334
0 0.2734375 0.23194444444444454 0.24609375 0.23194444444444454 0.24609375 0.288888888888889 0.2734375 0.288888888888889
0 0.221875 0.23194444444444454 0.20078125 0.23194444444444454 0.20078125 0.2750000000000001 0.221875 0.2750000000000001
0 0.53046875 0.1847222222222223 0.50703125 0.1847222222222223 0.50703125 0.24027777777777787 0.53046875 0.24027777777777787
0 0.490625 0.163888888888889 0.47109375 0.163888888888889 0.47109375 0.21527777777777785 0.490625 0.21527777777777785
0 0.446875 0.1833333333333334 0.4171875 0.1833333333333334 0.4171875 0.24027777777777787 0.446875 0.24027777777777787
0 0.3171875 0.17638888888888896 0.28984375 0.17638888888888896 0.28984375 0.2347222222222223 0.3171875 0.2347222222222223
0 0.24453125 0.288888888888889 0.21484375 0.288888888888889 0.21484375 0.35277777777777786 0.24453125 0.35277777777777786
0 0.18515625 0.2569444444444445 0.159375 0.2569444444444444 0.159375 0.3152777777777778 0.18515625 0.3152777777777779
0 0.21015625 0.2736111111111112 0.1875 0.2736111111111112 0.18750000000000003 0.3375000000000001 0.21015625 0.3375000000000001
