0 0.82109375 0.42638888888888904 0.775 0.42638888888888904 0.775 0.5111111111111113 0.82109375 0.5111111111111113
0 0.76484375 0.3458333333333335 0.71875 0.3458333333333335 0.71875 0.4291666666666668 0.76484375 0.4291666666666668
0 0.69921875 0.3097222222222224 0.65859375 0.3097222222222224 0.65859375 0.40416666666666684 0.69921875 0.40416666666666684
0 0.715625 0.42361111111111127 0.6609375 0.42361111111111127 0.6609375 0.5236111111111112 0.715625 0.5236111111111112
0 0.6546875 0.3680555555555557 0.609375 0.3680555555555557 0.609375 0.45277777777777795 0.6546875 0.45277777777777795
0 0.584375 0.38472222222222235 0.51875 0.38472222222222235 0.51875 0.5138888888888891 0.584375 0.5138888888888891
0 0.6265625 0.1666666666666668 0.59296875 0.1666666666666668 0.59296875 0.2319444444444446 0.6265625 0.2319444444444446
0 0.5765625 0.1527777777777779 0.54765625 0.1527777777777779 0.54765625 0.2069444444444446 0.5765625 0.2069444444444446
0 0.5453125 0.18472222222222234 0.51640625 0.1847222222222223 0.51640625 0.2500000000000001 0.5453125 0.25000000000000017
0 0.54140625 0.13055555555555567 0.5171875 0.13055555555555567 0.5171875 0.176388888888889 0.54140625 0.176388888888889
0 0.4890625 0.13194444444444456 0.46171875 0.13194444444444456 0.46171875 0.17500000000000013 0.4890625 0.17500000000000013
0 0.44375 0.16388888888888897 0.4125 0.16388888888888897 0.4125 0.22777777777777786 0.44375 0.22777777777777786
0 0.42578125 0.09861111111111119 0.3984375 0.09861111111111119 0.3984375 0.15277777777777785 0.42578125 0.15277777777777785
0 0.39609375 0.0722222222222223 0.3703125 0.0722222222222223 0.3703125 0.12916666666666674 0.39609375 0.12916666666666674
0 0.39453125 0.19166666666666674 0.3578125 0.19166666666666674 0.3578125 0.26527777777777783 0.39453125 0.26527777777777783
0 0.3921875 0.12500000000000008 0.36328125 0.12500000000000008 0.36328125 0.18194444444444452 0.3921875 0.18194444444444452
0 0.32109375 0.07222222222222228 0.28515625 0.07222222222222228 0.28515625 0.14166666666666675 0.32109375 0.14166666666666675
0 0.3578125 0.16388888888888897 0.3296875 0.16388888888888897 0.3296875 0.22916666666666674 0.3578125 0.22916666666666674
0 0.31328125 0.13750000000000007 0.2796875 0.13750000000000007 0.2796875 0.20277777777777786 0.31328125 0.20277777777777786
0 0.26328125 0.11944444444444448 0.2375 0.11944444444444448 0.2375 0.16944444444444448 0.26328125 0.16944444444444448
0 0.56953125 0.19583333333333344 0.53984375 0.19583333333333341 0.53984375 0.25833333333333347 0.56953125 0.25833333333333347
0 0.53359375 0.16111111111111123 0.5078125 0.16111111111111123 0.5078125 0.21805555555555564 0.53359375 0.21805555555555564
0 0.4875 0.15833333333333344 0.45234375 0.1583333333333334 0.45234375 0.2250000000000001 0.4875 0.2250000000000001
0 0.3625 0.10138888888888897 0.32890625 0.10138888888888897 0.32890625 0.16944444444444454 0.3625 0.16944444444444454
0 0.278125 0.18055555555555564 0.24140625 0.18055555555555564 0.24140625 0.25416666666666676 0.278125 0.25416666666666676
0 0.2234375 0.12638888888888894 0.19140625 0.12638888888888894 0.19140625 0.19305555555555565 0.2234375 0.19305555555555565
0 0.24609375 0.1541666666666667 0.215625 0.1541666666666667 0.215625 0.2250000000000001 0.24609375 0.2250000000000001
